"B","29-10-2019","2019-10-29 00:00:00 -0500",1,99,"B001",28073,,,," ",5,"DieselPro B5 S50 UV",3.73,10.03,11.84,37.45,6.74,44.19,,,,,,,"GLL"
"B","29-10-2019","2019-10-29 00:00:00 -0500",1,99,"B001",28072,,,," ",5,"DieselPro B5 S50 UV",7.43,10.03,11.84,74.59,13.43,88.02,,,,,,,"GLL"
"B","29-10-2019","2019-10-29 00:00:00 -0500",1,99,"B001",28071,,,," ",5,"DieselPro B5 S50 UV",2,10.03,11.84,20.07,3.61,23.68,,,,,,,"GLL"
"B","29-10-2019","2019-10-29 00:00:00 -0500",1,99,"B001",28070,,,," ",5,"DieselPro B5 S50 UV",11.82,10.03,11.84,118.64,21.36,140.00,,,,,,,"GLL"
"B","29-10-2019","2019-10-29 00:00:00 -0500",1,99,"B001",28069,,,," ",2,"Gasohol 90",0.47,10.75,12.69,5.08,0.92,6.00,,,,,,,"GLL"
"B","29-10-2019","2019-10-29 00:00:00 -0500",1,99,"B001",28068,,,," ",5,"DieselPro B5 S50 UV",4.22,10.03,11.84,42.37,7.63,50.00,,,,,,,"GLL"
"B","29-10-2019","2019-10-29 00:00:00 -0500",1,99,"B001",28067,,,," ",5,"DieselPro B5 S50 UV",2.53,10.03,11.84,25.42,4.58,30.00,,,,,,,"GLL"
"B","29-10-2019","2019-10-29 00:00:00 -0500",1,99,"B001",28066,,,," ",5,"DieselPro B5 S50 UV",6.33,10.03,11.84,63.55,11.44,74.99,,,,,,,"GLL"
"B","29-10-2019","2019-10-29 00:00:00 -0500",1,99,"B001",28065,,,," ",5,"DieselPro B5 S50 UV",6,10.03,11.84,60.20,10.84,71.04,,,,,,,"GLL"
"B","29-10-2019","2019-10-29 00:00:00 -0500",1,99,"B001",28064,,,," ",5,"DieselPro B5 S50 UV",16.47,10.03,11.84,165.25,29.75,195.00,,,,,,,"GLL"
"B","29-10-2019","2019-10-29 00:00:00 -0500",1,99,"B001",28063,,,," ",5,"DieselPro B5 S50 UV",12.67,10.03,11.84,127.12,22.88,150.00,,,,,,,"GLL"
"B","29-10-2019","2019-10-29 00:00:00 -0500",1,99,"B001",28062,,,," ",5,"DieselPro B5 S50 UV",11.99,10.03,11.84,120.33,21.66,141.99,,,,,,,"GLL"
"B","29-10-2019","2019-10-29 00:00:00 -0500",1,99,"B001",28061,,,," ",5,"DieselPro B5 S50 UV",12.49,10.03,11.84,125.36,22.56,147.92,,,,,,,"GLL"
"B","29-10-2019","2019-10-29 00:00:00 -0500",1,99,"B001",28060,,,," ",2,"Gasohol 90",0.39,10.75,12.69,4.24,0.76,5.00,,,,,,,"GLL"
"B","29-10-2019","2019-10-29 00:00:00 -0500",1,99,"B001",28059,,,," ",5,"DieselPro B5 S50 UV",7.6,10.03,11.84,76.27,13.73,90.00,,,,,,,"GLL"
"B","29-10-2019","2019-10-29 00:00:00 -0500",1,99,"B001",28058,,,," ",2,"Gasohol 90",0.39,10.75,12.69,4.24,0.76,5.00,,,,,,,"GLL"
"B","29-10-2019","2019-10-29 00:00:00 -0500",1,99,"B001",28057,,,," ",5,"DieselPro B5 S50 UV",7.6,10.03,11.84,76.28,13.73,90.01,,,,,,,"GLL"
"B","29-10-2019","2019-10-29 00:00:00 -0500",1,99,"B001",28056,,,," ",5,"DieselPro B5 S50 UV",11.82,10.03,11.84,118.64,21.36,140.00,,,,,,,"GLL"
"B","29-10-2019","2019-10-29 00:00:00 -0500",1,99,"B001",28055,,,," ",2,"Gasohol 90",1.82,10.75,12.69,19.52,3.51,23.03,,,,,,,"GLL"
"B","29-10-2019","2019-10-29 00:00:00 -0500",1,99,"B001",28054,,,," ",5,"DieselPro B5 S50 UV",11.09,10.03,11.84,111.29,20.03,131.32,,,,,,,"GLL"
"B","29-10-2019","2019-10-29 00:00:00 -0500",1,99,"B001",28053,,,," ",5,"DieselPro B5 S50 UV",3.38,10.03,11.84,33.90,6.10,40.00,,,,,,,"GLL"
"B","29-10-2019","2019-10-29 00:00:00 -0500",1,99,"B001",28052,,,," ",5,"DieselPro B5 S50 UV",5.91,10.03,11.84,59.32,10.68,70.00,,,,,,,"GLL"
"B","29-10-2019","2019-10-29 00:00:00 -0500",1,99,"B001",28051,,,," ",5,"DieselPro B5 S50 UV",9.97,10.03,11.84,100.03,18.01,118.04,,,,,,,"GLL"
"B","29-10-2019","2019-10-29 00:00:00 -0500",1,99,"B001",28050,,,," ",5,"DieselPro B5 S50 UV",11.15,10.03,11.84,111.86,20.14,132.00,,,,,,,"GLL"
"B","29-10-2019","2019-10-29 00:00:00 -0500",1,99,"B001",28049,,,," ",5,"DieselPro B5 S50 UV",11.09,10.03,11.84,111.30,20.03,131.33,,,,,,,"GLL"
"B","29-10-2019","2019-10-29 00:00:00 -0500",1,99,"B001",28048,,,," ",5,"DieselPro B5 S50 UV",13.22,10.03,11.84,132.66,23.88,156.54,,,,,,,"GLL"
"B","29-10-2019","2019-10-29 00:00:00 -0500",1,99,"B001",28047,,,," ",5,"DieselPro B5 S50 UV",12.6,10.03,11.84,126.39,22.75,149.14,,,,,,,"GLL"
"B","29-10-2019","2019-10-29 00:00:00 -0500",1,99,"B001",28046,,,," ",5,"DieselPro B5 S50 UV",13.72,10.03,11.84,137.70,24.79,162.49,,,,,,,"GLL"
"B","29-10-2019","2019-10-29 00:00:00 -0500",1,99,"B001",28045,,,," ",5,"DieselPro B5 S50 UV",1.69,10.03,11.84,16.95,3.05,20.00,,,,,,,"GLL"
"B","29-10-2019","2019-10-29 00:00:00 -0500",1,99,"B001",28044,,,," ",5,"DieselPro B5 S50 UV",11.15,10.03,11.84,111.84,20.13,131.97,,,,,,,"GLL"
"B","29-10-2019","2019-10-29 00:00:00 -0500",1,99,"B001",28043,,,," ",5,"DieselPro B5 S50 UV",4.4,10.03,11.84,44.15,7.95,52.10,,,,,,,"GLL"
"B","29-10-2019","2019-10-29 00:00:00 -0500",1,99,"B001",28042,,,," ",5,"DieselPro B5 S50 UV",3.38,10.03,11.84,33.90,6.10,40.00,,,,,,,"GLL"
"B","29-10-2019","2019-10-29 00:00:00 -0500",1,99,"B001",28041,,,," ",5,"DieselPro B5 S50 UV",4.22,10.03,11.84,42.37,7.63,50.00,,,,,,,"GLL"
"B","29-10-2019","2019-10-29 00:00:00 -0500",1,99,"B001",28040,,,," ",2,"Gasohol 90",0.79,10.75,12.69,8.47,1.53,10.00,,,,,,,"GLL"
"B","29-10-2019","2019-10-29 00:00:00 -0500",1,99,"B001",28039,,,," ",5,"DieselPro B5 S50 UV",3.38,10.03,11.84,33.90,6.10,40.00,,,,,,,"GLL"
"B","29-10-2019","2019-10-29 00:00:00 -0500",1,99,"B001",28038,,,," ",2,"Gasohol 90",0.63,10.75,12.69,6.78,1.22,8.00,,,,,,,"GLL"
"B","29-10-2019","2019-10-29 00:00:00 -0500",1,99,"B001",28037,,,," ",5,"DieselPro B5 S50 UV",5.07,10.03,11.84,50.85,9.15,60.00,,,,,,,"GLL"
"B","29-10-2019","2019-10-29 00:00:00 -0500",1,99,"B001",28036,,,," ",5,"DieselPro B5 S50 UV",12.07,10.03,11.84,121.06,21.79,142.85,,,,,,,"GLL"
"B","29-10-2019","2019-10-29 00:00:00 -0500",1,99,"B001",28035,,,," ",2,"Gasohol 90",1.58,10.75,12.69,16.95,3.05,20.00,,,,,,,"GLL"
"B","29-10-2019","2019-10-29 00:00:00 -0500",1,99,"B001",28034,,,," ",2,"Gasohol 90",0.79,10.75,12.69,8.47,1.53,10.00,,,,,,,"GLL"
"B","29-10-2019","2019-10-29 00:00:00 -0500",1,99,"B001",28033,,,," ",2,"Gasohol 90",1.18,10.75,12.69,12.71,2.29,15.00,,,,,,,"GLL"
"B","29-10-2019","2019-10-29 00:00:00 -0500",1,99,"B001",28032,,,," ",2,"Gasohol 90",0.47,10.75,12.69,5.08,0.92,6.00,,,,,,,"GLL"
"B","29-10-2019","2019-10-29 00:00:00 -0500",1,99,"B001",28031,,,," ",2,"Gasohol 90",0.79,10.75,12.69,8.47,1.53,10.00,,,,,,,"GLL"
"B","29-10-2019","2019-10-29 00:00:00 -0500",1,99,"B001",28030,,,," ",5,"DieselPro B5 S50 UV",1.69,10.03,11.84,16.95,3.05,20.00,,,,,,,"GLL"
"B","29-10-2019","2019-10-29 00:00:00 -0500",1,99,"B001",28029,,,," ",5,"DieselPro B5 S50 UV",5.49,10.03,11.84,55.08,9.92,65.00,,,,,,,"GLL"
"B","29-10-2019","2019-10-29 00:00:00 -0500",1,99,"B001",28028,,,," ",2,"Gasohol 90",0.95,10.75,12.69,10.17,1.83,12.00,,,,,,,"GLL"
"B","29-10-2019","2019-10-29 00:00:00 -0500",1,99,"B001",28027,,,," ",2,"Gasohol 90",0.63,10.75,12.69,6.78,1.22,8.00,,,,,,,"GLL"
"B","29-10-2019","2019-10-29 00:00:00 -0500",1,99,"B001",28026,,,," ",5,"DieselPro B5 S50 UV",4.22,10.03,11.84,42.37,7.63,50.00,,,,,,,"GLL"
"B","29-10-2019","2019-10-29 00:00:00 -0500",1,99,"B001",28025,,,," ",5,"DieselPro B5 S50 UV",2,10.03,11.84,20.07,3.61,23.68,,,,,,,"GLL"
"B","29-10-2019","2019-10-29 00:00:00 -0500",1,99,"B001",28024,,,," ",2,"Gasohol 90",0.53,10.75,12.69,5.72,1.03,6.75,,,,,,,"GLL"
"B","29-10-2019","2019-10-29 00:00:00 -0500",1,99,"B001",28023,,,," ",5,"DieselPro B5 S50 UV",2.11,10.03,11.84,21.19,3.81,25.00,,,,,,,"GLL"
"B","29-10-2019","2019-10-29 00:00:00 -0500",1,99,"B001",28022,,,," ",5,"DieselPro B5 S50 UV",0.42,10.03,11.84,4.24,0.76,5.00,,,,,,,"GLL"
"B","29-10-2019","2019-10-29 00:00:00 -0500",1,99,"B001",28021,,,," ",5,"DieselPro B5 S50 UV",0.85,10.03,11.84,8.47,1.53,10.00,,,,,,,"GLL"
"B","29-10-2019","2019-10-29 00:00:00 -0500",1,99,"B001",28020,,,," ",5,"DieselPro B5 S50 UV",0.21,10.03,11.84,2.12,0.38,2.50,,,,,,,"GLL"
"B","29-10-2019","2019-10-29 00:00:00 -0500",1,99,"B001",28019,,,," ",5,"DieselPro B5 S50 UV",4.22,10.03,11.84,42.37,7.63,50.00,,,,,,,"GLL"
"B","29-10-2019","2019-10-29 00:00:00 -0500",1,99,"B001",28018,,,," ",5,"DieselPro B5 S50 UV",1.69,10.03,11.84,16.95,3.05,20.00,,,,,,,"GLL"
"B","29-10-2019","2019-10-29 00:00:00 -0500",1,99,"B001",28017,,,," ",5,"DieselPro B5 S50 UV",4.22,10.03,11.84,42.37,7.63,50.00,,,,,,,"GLL"
"B","29-10-2019","2019-10-29 00:00:00 -0500",1,99,"B001",28016,,,," ",2,"Gasohol 90",0.79,10.75,12.69,8.47,1.53,10.00,,,,,,,"GLL"
"B","29-10-2019","2019-10-29 00:00:00 -0500",1,99,"B001",28015,,,," ",2,"Gasohol 90",1.58,10.75,12.69,16.95,3.05,20.00,,,,,,,"GLL"
"B","29-10-2019","2019-10-29 00:00:00 -0500",1,99,"B001",28014,,,," ",2,"Gasohol 90",0.79,10.75,12.69,8.47,1.53,10.00,,,,,,,"GLL"
"B","29-10-2019","2019-10-29 00:00:00 -0500",1,99,"B001",28013,,,," ",2,"Gasohol 90",1.58,10.75,12.69,16.95,3.05,20.00,,,,,,,"GLL"
"B","29-10-2019","2019-10-29 00:00:00 -0500",1,99,"B001",28012,,,," ",2,"Gasohol 90",0.79,10.75,12.69,8.47,1.53,10.00,,,,,,,"GLL"
"B","29-10-2019","2019-10-29 00:00:00 -0500",1,99,"B001",28011,,,," ",2,"Gasohol 90",0.63,10.75,12.69,6.80,1.22,8.02,,,,,,,"GLL"
"B","29-10-2019","2019-10-29 00:00:00 -0500",1,99,"B001",28010,,,," ",2,"Gasohol 90",1.58,10.75,12.69,16.95,3.05,20.00,,,,,,,"GLL"
"B","29-10-2019","2019-10-29 00:00:00 -0500",1,99,"B001",28009,,,," ",5,"DieselPro B5 S50 UV",1.01,10.03,11.84,10.17,1.83,12.00,,,,,,,"GLL"
"B","29-10-2019","2019-10-29 00:00:00 -0500",1,99,"B001",28008,,,," ",2,"Gasohol 90",1.18,10.75,12.69,12.69,2.28,14.97,,,,,,,"GLL"
"B","29-10-2019","2019-10-29 00:00:00 -0500",1,99,"B001",28007,,,," ",5,"DieselPro B5 S50 UV",2.11,10.03,11.84,21.19,3.81,25.00,,,,,,,"GLL"
"B","29-10-2019","2019-10-29 00:00:00 -0500",1,99,"B001",28006,,,," ",5,"DieselPro B5 S50 UV",2.11,10.03,11.84,21.19,3.81,25.00,,,,,,,"GLL"
"B","29-10-2019","2019-10-29 00:00:00 -0500",1,99,"B001",28005,,,," ",2,"Gasohol 90",0.79,10.75,12.69,8.47,1.53,10.00,,,,,,,"GLL"
"B","29-10-2019","2019-10-29 00:00:00 -0500",1,99,"B001",28004,,,," ",2,"Gasohol 90",0.39,10.75,12.69,4.24,0.76,5.00,,,,,,,"GLL"
"B","29-10-2019","2019-10-29 00:00:00 -0500",1,99,"B001",28003,,,," ",2,"Gasohol 90",0.79,10.75,12.69,8.47,1.53,10.00,,,,,,,"GLL"
"B","29-10-2019","2019-10-29 00:00:00 -0500",1,99,"B001",28002,,,," ",5,"DieselPro B5 S50 UV",2.11,10.03,11.84,21.19,3.81,25.00,,,,,,,"GLL"
"B","29-10-2019","2019-10-29 00:00:00 -0500",1,99,"B001",28001,,,," ",2,"Gasohol 90",0.24,10.75,12.69,2.54,0.46,3.00,,,,,,,"GLL"
"B","29-10-2019","2019-10-29 00:00:00 -0500",1,99,"B001",28000,,,," ",4,"Gasohol 98",0.65,13.13,15.49,8.47,1.53,10.00,,,,,,,"GLL"
"B","29-10-2019","2019-10-29 00:00:00 -0500",1,99,"B001",27999,,,," ",2,"Gasohol 90",1.14,10.75,12.69,12.29,2.21,14.50,,,,,,,"GLL"
"B","29-10-2019","2019-10-29 00:00:00 -0500",1,99,"B001",27998,,,," ",4,"Gasohol 98",3.23,13.13,15.49,42.37,7.63,50.00,,,,,,,"GLL"
"B","29-10-2019","2019-10-29 00:00:00 -0500",1,99,"B001",27997,,,," ",2,"Gasohol 90",0.24,10.75,12.69,2.54,0.46,3.00,,,,,,,"GLL"
"B","29-10-2019","2019-10-29 00:00:00 -0500",1,99,"B001",27996,,,," ",5,"DieselPro B5 S50 UV",1.94,10.03,11.84,19.49,3.51,23.00,,,,,,,"GLL"
"B","29-10-2019","2019-10-29 00:00:00 -0500",1,99,"B001",27995,,,," ",5,"DieselPro B5 S50 UV",3.38,10.03,11.84,33.90,6.10,40.00,,,,,,,"GLL"
"B","29-10-2019","2019-10-29 00:00:00 -0500",1,99,"B001",27994,,,," ",2,"Gasohol 90",0.39,10.75,12.69,4.24,0.76,5.00,,,,,,,"GLL"
"B","29-10-2019","2019-10-29 00:00:00 -0500",1,99,"B001",27993,,,," ",2,"Gasohol 90",0.47,10.75,12.69,5.08,0.92,6.00,,,,,,,"GLL"
"B","29-10-2019","2019-10-29 00:00:00 -0500",1,99,"B001",27992,,,," ",2,"Gasohol 90",0.79,10.75,12.69,8.47,1.53,10.00,,,,,,,"GLL"
"B","29-10-2019","2019-10-29 00:00:00 -0500",1,99,"B001",27991,,,," ",2,"Gasohol 90",0.79,10.75,12.69,8.47,1.53,10.00,,,,,,,"GLL"
"B","29-10-2019","2019-10-29 00:00:00 -0500",1,99,"B001",27990,,,," ",5,"DieselPro B5 S50 UV",2,10.03,11.84,20.07,3.61,23.68,,,,,,,"GLL"
"B","29-10-2019","2019-10-29 00:00:00 -0500",1,99,"B001",27989,,,," ",2,"Gasohol 90",0.39,10.75,12.69,4.24,0.76,5.00,,,,,,,"GLL"
"B","29-10-2019","2019-10-29 00:00:00 -0500",1,99,"B001",27988,,,," ",5,"DieselPro B5 S50 UV",18.67,10.03,11.84,187.28,33.71,220.99,,,,,,,"GLL"
"B","29-10-2019","2019-10-29 00:00:00 -0500",1,99,"B001",27987,,,," ",2,"Gasohol 90",2,10.75,12.69,21.51,3.87,25.38,,,,,,,"GLL"
"B","29-10-2019","2019-10-29 00:00:00 -0500",1,99,"B001",27986,,,," ",5,"DieselPro B5 S50 UV",1.69,10.03,11.84,16.95,3.05,20.00,,,,,,,"GLL"
"B","29-10-2019","2019-10-29 00:00:00 -0500",1,99,"B001",27985,,,," ",2,"Gasohol 90",11.31,10.75,12.69,121.63,21.89,143.52,,,,,,,"GLL"
"B","29-10-2019","2019-10-29 00:00:00 -0500",1,99,"B001",27984,,,," ",5,"DieselPro B5 S50 UV",0.25,10.03,11.84,2.54,0.46,3.00,,,,,,,"GLL"
"B","29-10-2019","2019-10-29 00:00:00 -0500",1,99,"B001",27983,,,," ",2,"Gasohol 90",0.32,10.75,12.69,3.39,0.61,4.00,,,,,,,"GLL"
"B","29-10-2019","2019-10-29 00:00:00 -0500",1,99,"B001",27982,,,," ",2,"Gasohol 90",0.47,10.75,12.69,5.08,0.92,6.00,,,,,,,"GLL"
"B","29-10-2019","2019-10-29 00:00:00 -0500",1,99,"B001",27981,,,," ",2,"Gasohol 90",0.79,10.75,12.69,8.47,1.53,10.00,,,,,,,"GLL"
"B","29-10-2019","2019-10-29 00:00:00 -0500",1,99,"B001",27980,,,," ",2,"Gasohol 90",0.12,10.75,12.69,1.29,0.23,1.52,,,,,,,"GLL"
"B","29-10-2019","2019-10-29 00:00:00 -0500",1,99,"B001",27979,,,," ",2,"Gasohol 90",4.73,10.75,12.69,50.85,9.15,60.00,,,,,,,"GLL"
"B","29-10-2019","2019-10-29 00:00:00 -0500",1,99,"B001",27978,,,," ",5,"DieselPro B5 S50 UV",1.88,10.03,11.84,18.83,3.39,22.22,,,,,,,"GLL"
"B","29-10-2019","2019-10-29 00:00:00 -0500",1,99,"B001",27977,,,," ",2,"Gasohol 90",1.58,10.75,12.69,16.95,3.05,20.00,,,,,,,"GLL"
"B","29-10-2019","2019-10-29 00:00:00 -0500",1,99,"B001",27976,,,," ",2,"Gasohol 90",0.79,10.75,12.69,8.47,1.53,10.00,,,,,,,"GLL"
"B","29-10-2019","2019-10-29 00:00:00 -0500",1,99,"B001",27975,,,," ",5,"DieselPro B5 S50 UV",2.11,10.03,11.84,21.19,3.81,25.00,,,,,,,"GLL"
"B","29-10-2019","2019-10-29 00:00:00 -0500",1,99,"B001",27974,,,," ",2,"Gasohol 90",1.97,10.75,12.69,21.19,3.81,25.00,,,,,,,"GLL"
"B","29-10-2019","2019-10-29 00:00:00 -0500",1,99,"B001",27973,,,," ",2,"Gasohol 90",0.24,10.75,12.69,2.54,0.46,3.00,,,,,,,"GLL"
"B","29-10-2019","2019-10-29 00:00:00 -0500",1,99,"B001",27972,,,," ",2,"Gasohol 90",0.65,10.75,12.69,6.96,1.25,8.21,,,,,,,"GLL"
"B","29-10-2019","2019-10-29 00:00:00 -0500",1,99,"B001",27971,,,," ",5,"DieselPro B5 S50 UV",31,10.03,11.84,311.03,55.99,367.02,,,,,,,"GLL"
"B","29-10-2019","2019-10-29 00:00:00 -0500",1,99,"B001",27970,,,," ",5,"DieselPro B5 S50 UV",3.04,10.03,11.84,30.51,5.49,36.00,,,,,,,"GLL"
"B","29-10-2019","2019-10-29 00:00:00 -0500",1,99,"B001",27969,,,," ",2,"Gasohol 90",0.79,10.75,12.69,8.47,1.53,10.00,,,,,,,"GLL"
"B","29-10-2019","2019-10-29 00:00:00 -0500",1,99,"B001",27968,,,," ",5,"DieselPro B5 S50 UV",5.91,10.03,11.84,59.32,10.68,70.00,,,,,,,"GLL"
"B","29-10-2019","2019-10-29 00:00:00 -0500",1,99,"B001",27967,,,," ",2,"Gasohol 90",3.15,10.75,12.69,33.90,6.10,40.00,,,,,,,"GLL"
"B","29-10-2019","2019-10-29 00:00:00 -0500",1,99,"B001",27966,,,," ",2,"Gasohol 90",2.36,10.75,12.69,25.42,4.58,30.00,,,,,,,"GLL"
"B","29-10-2019","2019-10-29 00:00:00 -0500",1,99,"B001",27965,,,," ",5,"DieselPro B5 S50 UV",2,10.03,11.84,20.07,3.61,23.68,,,,,,,"GLL"
"B","29-10-2019","2019-10-29 00:00:00 -0500",1,99,"B001",27964,,,," ",2,"Gasohol 90",0.79,10.75,12.69,8.47,1.53,10.00,,,,,,,"GLL"
"B","29-10-2019","2019-10-29 00:00:00 -0500",1,99,"B001",27963,,,," ",5,"DieselPro B5 S50 UV",2.53,10.03,11.84,25.42,4.58,30.00,,,,,,,"GLL"
"B","29-10-2019","2019-10-29 00:00:00 -0500",1,99,"B001",27962,,,," ",5,"DieselPro B5 S50 UV",1.69,10.03,11.84,16.95,3.05,20.00,,,,,,,"GLL"
"B","29-10-2019","2019-10-29 00:00:00 -0500",1,99,"B001",27961,,,," ",2,"Gasohol 90",0.95,10.75,12.69,10.17,1.83,12.00,,,,,,,"GLL"
"B","29-10-2019","2019-10-29 00:00:00 -0500",1,99,"B001",27960,,,," ",4,"Gasohol 98",1.29,13.13,15.49,16.95,3.05,20.00,,,,,,,"GLL"
"B","29-10-2019","2019-10-29 00:00:00 -0500",1,99,"B001",27959,,,," ",2,"Gasohol 90",1.18,10.75,12.69,12.71,2.29,15.00,,,,,,,"GLL"
"B","29-10-2019","2019-10-29 00:00:00 -0500",1,99,"B001",27958,,,," ",2,"Gasohol 90",0.16,10.75,12.69,1.69,0.31,2.00,,,,,,,"GLL"
"B","29-10-2019","2019-10-29 00:00:00 -0500",1,99,"B001",27957,,,," ",2,"Gasohol 90",0.79,10.75,12.69,8.47,1.53,10.00,,,,,,,"GLL"
"B","29-10-2019","2019-10-29 00:00:00 -0500",1,99,"B001",27956,,,," ",5,"DieselPro B5 S50 UV",2.53,10.03,11.84,25.42,4.58,30.00,,,,,,,"GLL"
"B","29-10-2019","2019-10-29 00:00:00 -0500",1,99,"B001",27955,,,," ",5,"DieselPro B5 S50 UV",4.22,10.03,11.84,42.37,7.63,50.00,,,,,,,"GLL"
"B","29-10-2019","2019-10-29 00:00:00 -0500",1,99,"B001",27954,,,," ",2,"Gasohol 90",0.79,10.75,12.69,8.47,1.53,10.00,,,,,,,"GLL"
"B","29-10-2019","2019-10-29 00:00:00 -0500",1,99,"B001",27953,,,," ",5,"DieselPro B5 S50 UV",4.22,10.03,11.84,42.37,7.63,50.00,,,,,,,"GLL"
"B","29-10-2019","2019-10-29 00:00:00 -0500",1,99,"B001",27952,,,," ",5,"DieselPro B5 S50 UV",1.69,10.03,11.84,16.95,3.05,20.00,,,,,,,"GLL"
"B","29-10-2019","2019-10-29 00:00:00 -0500",1,99,"B001",27951,,,," ",5,"DieselPro B5 S50 UV",2.11,10.03,11.84,21.19,3.81,25.00,,,,,,,"GLL"
"B","29-10-2019","2019-10-29 00:00:00 -0500",1,99,"B001",27950,,,," ",5,"DieselPro B5 S50 UV",9.65,10.03,11.84,96.79,17.42,114.21,,,,,,,"GLL"
"B","29-10-2019","2019-10-29 00:00:00 -0500",1,99,"B001",27949,,,," ",5,"DieselPro B5 S50 UV",4.22,10.03,11.84,42.37,7.63,50.00,,,,,,,"GLL"
"B","29-10-2019","2019-10-29 00:00:00 -0500",1,99,"B001",27948,,,," ",5,"DieselPro B5 S50 UV",6.21,10.03,11.84,62.29,11.21,73.50,,,,,,,"GLL"
"B","29-10-2019","2019-10-29 00:00:00 -0500",1,99,"B001",27947,,,," ",5,"DieselPro B5 S50 UV",2.48,10.03,11.84,24.86,4.47,29.33,,,,,,,"GLL"
"B","29-10-2019","2019-10-29 00:00:00 -0500",1,99,"B002",166940,,,," ",7,"GLP",9.92,1.03,1.21,10.17,1.83,12.00,,,,,,,"LTR"
"B","29-10-2019","2019-10-29 00:00:00 -0500",1,99,"B002",166939,,,," ",7,"GLP",8.6,1.03,1.21,8.81,1.59,10.40,,,,,,,"LTR"
"B","29-10-2019","2019-10-29 00:00:00 -0500",1,99,"B002",166938,,,," ",7,"GLP",1.65,1.03,1.21,1.69,0.31,2.00,,,,,,,"LTR"
"B","29-10-2019","2019-10-29 00:00:00 -0500",1,99,"B002",166937,,,," ",7,"GLP",4.13,1.03,1.21,4.24,0.76,5.00,,,,,,,"LTR"
"B","29-10-2019","2019-10-29 00:00:00 -0500",1,99,"B002",166936,,,," ",7,"GLP",16.53,1.03,1.21,16.95,3.05,20.00,,,,,,,"LTR"
"B","29-10-2019","2019-10-29 00:00:00 -0500",1,99,"B002",166935,,,," ",7,"GLP",4.96,1.03,1.21,5.08,0.92,6.00,,,,,,,"LTR"
"B","29-10-2019","2019-10-29 00:00:00 -0500",1,99,"B002",166934,,,," ",7,"GLP",24.79,1.03,1.21,25.42,4.58,30.00,,,,,,,"LTR"
"B","29-10-2019","2019-10-29 00:00:00 -0500",1,99,"B002",166933,,,," ",7,"GLP",8.26,1.03,1.21,8.47,1.53,10.00,,,,,,,"LTR"
"B","29-10-2019","2019-10-29 00:00:00 -0500",1,99,"B002",166932,,,," ",7,"GLP",8.26,1.03,1.21,8.47,1.53,10.00,,,,,,,"LTR"
"B","29-10-2019","2019-10-29 00:00:00 -0500",1,99,"B002",166931,,,," ",7,"GLP",19.97,1.03,1.21,20.47,3.69,24.16,,,,,,,"LTR"
"B","29-10-2019","2019-10-29 00:00:00 -0500",1,99,"B002",166930,,,," ",7,"GLP",4.13,1.03,1.21,4.24,0.76,5.00,,,,,,,"LTR"
"B","29-10-2019","2019-10-29 00:00:00 -0500",1,99,"B002",166929,,,," ",7,"GLP",33.06,1.03,1.21,33.90,6.10,40.00,,,,,,,"LTR"
"B","29-10-2019","2019-10-29 00:00:00 -0500",1,99,"B002",166928,,,," ",7,"GLP",26.86,1.03,1.21,27.54,4.96,32.50,,,,,,,"LTR"
"B","29-10-2019","2019-10-29 00:00:00 -0500",1,99,"B002",166927,,,," ",7,"GLP",26.11,1.03,1.21,26.77,4.82,31.59,,,,,,,"LTR"
"B","29-10-2019","2019-10-29 00:00:00 -0500",1,99,"B002",166926,,,," ",7,"GLP",24.79,1.03,1.21,25.42,4.58,30.00,,,,,,,"LTR"
"B","29-10-2019","2019-10-29 00:00:00 -0500",1,99,"B002",166925,,,," ",7,"GLP",16.53,1.03,1.21,16.95,3.05,20.00,,,,,,,"LTR"
"B","29-10-2019","2019-10-29 00:00:00 -0500",1,99,"B002",166924,,,," ",7,"GLP",4.13,1.03,1.21,4.24,0.76,5.00,,,,,,,"LTR"
"B","29-10-2019","2019-10-29 00:00:00 -0500",1,99,"B002",166923,,,," ",7,"GLP",31.68,1.03,1.21,32.48,5.85,38.33,,,,,,,"LTR"
"B","29-10-2019","2019-10-29 00:00:00 -0500",1,99,"B002",166922,,,," ",7,"GLP",6.61,1.03,1.21,6.78,1.22,8.00,,,,,,,"LTR"
"B","29-10-2019","2019-10-29 00:00:00 -0500",1,99,"B002",166921,,,," ",7,"GLP",13.23,1.03,1.21,13.57,2.44,16.01,,,,,,,"LTR"
"B","29-10-2019","2019-10-29 00:00:00 -0500",1,99,"B002",166920,,,," ",7,"GLP",8.26,1.03,1.21,8.47,1.53,10.00,,,,,,,"LTR"
"B","29-10-2019","2019-10-29 00:00:00 -0500",1,99,"B002",166919,,,," ",7,"GLP",1.65,1.03,1.21,1.69,0.31,2.00,,,,,,,"LTR"
"B","29-10-2019","2019-10-29 00:00:00 -0500",1,99,"B002",166918,,,," ",7,"GLP",8.26,1.03,1.21,8.47,1.53,10.00,,,,,,,"LTR"
"B","29-10-2019","2019-10-29 00:00:00 -0500",1,99,"B002",166917,,,," ",7,"GLP",7.47,1.03,1.21,7.66,1.38,9.04,,,,,,,"LTR"
"B","29-10-2019","2019-10-29 00:00:00 -0500",1,99,"B002",166916,,,," ",2,"Gasohol 90",2.36,10.75,12.69,25.42,4.58,30.00,,,,,,,"GLL"
"B","29-10-2019","2019-10-29 00:00:00 -0500",1,99,"B002",166915,,,," ",7,"GLP",8.26,1.03,1.21,8.47,1.53,10.00,,,,,,,"LTR"
"B","29-10-2019","2019-10-29 00:00:00 -0500",1,99,"B002",166914,,,," ",7,"GLP",11.56,1.03,1.21,11.86,2.13,13.99,,,,,,,"LTR"
"B","29-10-2019","2019-10-29 00:00:00 -0500",1,99,"B002",166913,,,," ",7,"GLP",8.26,1.03,1.21,8.47,1.53,10.00,,,,,,,"LTR"
"B","29-10-2019","2019-10-29 00:00:00 -0500",1,99,"B002",166912,,,," ",4,"Gasohol 98",0.65,13.13,15.49,8.47,1.53,10.00,,,,,,,"GLL"
"B","29-10-2019","2019-10-29 00:00:00 -0500",1,99,"B002",166911,,,," ",7,"GLP",4.13,1.03,1.21,4.24,0.76,5.00,,,,,,,"LTR"
"B","29-10-2019","2019-10-29 00:00:00 -0500",1,99,"B002",166910,,,," ",7,"GLP",4.13,1.03,1.21,4.24,0.76,5.00,,,,,,,"LTR"
"B","29-10-2019","2019-10-29 00:00:00 -0500",1,99,"B002",166909,,,," ",2,"Gasohol 90",0.39,10.75,12.69,4.24,0.76,5.00,,,,,,,"GLL"
"B","29-10-2019","2019-10-29 00:00:00 -0500",1,99,"B002",166908,,,," ",7,"GLP",9.98,1.03,1.21,10.23,1.84,12.07,,,,,,,"LTR"
"B","29-10-2019","2019-10-29 00:00:00 -0500",1,99,"B002",166907,,,," ",7,"GLP",7.44,1.03,1.21,7.63,1.37,9.00,,,,,,,"LTR"
"B","29-10-2019","2019-10-29 00:00:00 -0500",1,99,"B002",166906,,,," ",7,"GLP",2.48,1.03,1.21,2.54,0.46,3.00,,,,,,,"LTR"
"B","29-10-2019","2019-10-29 00:00:00 -0500",1,99,"B002",166905,,,," ",7,"GLP",12.64,1.03,1.21,12.96,2.33,15.29,,,,,,,"LTR"
"B","29-10-2019","2019-10-29 00:00:00 -0500",1,99,"B002",166904,,,," ",7,"GLP",4.96,1.03,1.21,5.08,0.92,6.00,,,,,,,"LTR"
"B","29-10-2019","2019-10-29 00:00:00 -0500",1,99,"B002",166903,,,," ",7,"GLP",8.26,1.03,1.21,8.47,1.53,10.00,,,,,,,"LTR"
"B","29-10-2019","2019-10-29 00:00:00 -0500",1,99,"B002",166902,,,," ",7,"GLP",37.8,1.03,1.21,38.76,6.98,45.74,,,,,,,"LTR"
"B","29-10-2019","2019-10-29 00:00:00 -0500",1,99,"B002",166901,,,," ",7,"GLP",20.66,1.03,1.21,21.19,3.81,25.00,,,,,,,"LTR"
"B","29-10-2019","2019-10-29 00:00:00 -0500",1,99,"B002",166900,,,," ",7,"GLP",6.61,1.03,1.21,6.78,1.22,8.00,,,,,,,"LTR"
"B","29-10-2019","2019-10-29 00:00:00 -0500",1,99,"B002",166899,,,," ",7,"GLP",7.44,1.03,1.21,7.63,1.37,9.00,,,,,,,"LTR"
"B","29-10-2019","2019-10-29 00:00:00 -0500",1,99,"B002",166898,,,," ",7,"GLP",9.09,1.03,1.21,9.32,1.68,11.00,,,,,,,"LTR"
"B","29-10-2019","2019-10-29 00:00:00 -0500",1,99,"B002",166897,,,," ",7,"GLP",5.79,1.03,1.21,5.93,1.07,7.00,,,,,,,"LTR"
"B","29-10-2019","2019-10-29 00:00:00 -0500",1,99,"B002",166896,,,," ",7,"GLP",4.96,1.03,1.21,5.08,0.92,6.00,,,,,,,"LTR"
"B","29-10-2019","2019-10-29 00:00:00 -0500",1,99,"B002",166895,,,," ",7,"GLP",2.48,1.03,1.21,2.54,0.46,3.00,,,,,,,"LTR"
"B","29-10-2019","2019-10-29 00:00:00 -0500",1,99,"B002",166894,,,," ",7,"GLP",4.13,1.03,1.21,4.24,0.76,5.00,,,,,,,"LTR"
"B","29-10-2019","2019-10-29 00:00:00 -0500",1,99,"B002",166893,,,," ",7,"GLP",8.26,1.03,1.21,8.47,1.53,10.00,,,,,,,"LTR"
"B","29-10-2019","2019-10-29 00:00:00 -0500",1,99,"B002",166892,,,," ",7,"GLP",13.64,1.03,1.21,13.98,2.52,16.50,,,,,,,"LTR"
"B","29-10-2019","2019-10-29 00:00:00 -0500",1,99,"B002",166891,,,," ",7,"GLP",11.57,1.03,1.21,11.86,2.14,14.00,,,,,,,"LTR"
"B","29-10-2019","2019-10-29 00:00:00 -0500",1,99,"B002",166890,,,," ",7,"GLP",8.26,1.03,1.21,8.47,1.53,10.00,,,,,,,"LTR"
"B","29-10-2019","2019-10-29 00:00:00 -0500",1,99,"B002",166889,,,," ",7,"GLP",8.26,1.03,1.21,8.47,1.53,10.00,,,,,,,"LTR"
"B","29-10-2019","2019-10-29 00:00:00 -0500",1,99,"B002",166888,,,," ",7,"GLP",4.13,1.03,1.21,4.24,0.76,5.00,,,,,,,"LTR"
"B","29-10-2019","2019-10-29 00:00:00 -0500",1,99,"B002",166887,,,," ",7,"GLP",8.26,1.03,1.21,8.47,1.53,10.00,,,,,,,"LTR"
"B","29-10-2019","2019-10-29 00:00:00 -0500",1,99,"B002",166886,,,," ",7,"GLP",58.35,1.03,1.21,59.83,10.77,70.60,,,,,,,"LTR"
"B","29-10-2019","2019-10-29 00:00:00 -0500",1,99,"B002",166885,,,," ",7,"GLP",8.5,1.03,1.21,8.72,1.57,10.29,,,,,,,"LTR"
"B","29-10-2019","2019-10-29 00:00:00 -0500",1,99,"B002",166884,,,," ",7,"GLP",7.85,1.03,1.21,8.05,1.45,9.50,,,,,,,"LTR"
"B","29-10-2019","2019-10-29 00:00:00 -0500",1,99,"B002",166883,,,," ",2,"Gasohol 90",0.39,10.75,12.69,4.24,0.76,5.00,,,,,,,"GLL"
"B","29-10-2019","2019-10-29 00:00:00 -0500",1,99,"B002",166882,,,," ",7,"GLP",8.26,1.03,1.21,8.47,1.53,10.00,,,,,,,"LTR"
"B","29-10-2019","2019-10-29 00:00:00 -0500",1,99,"B002",166881,,,," ",7,"GLP",8.26,1.03,1.21,8.47,1.53,10.00,,,,,,,"LTR"
"B","29-10-2019","2019-10-29 00:00:00 -0500",1,99,"B002",166880,,,," ",7,"GLP",8.26,1.03,1.21,8.47,1.53,10.00,,,,,,,"LTR"
"B","29-10-2019","2019-10-29 00:00:00 -0500",1,99,"B002",166879,,,," ",7,"GLP",5.79,1.03,1.21,5.93,1.07,7.00,,,,,,,"LTR"
"B","29-10-2019","2019-10-29 00:00:00 -0500",1,99,"B002",166878,,,," ",7,"GLP",8.26,1.03,1.21,8.47,1.53,10.00,,,,,,,"LTR"
"B","29-10-2019","2019-10-29 00:00:00 -0500",1,99,"B002",166877,,,," ",7,"GLP",8.26,1.03,1.21,8.47,1.53,10.00,,,,,,,"LTR"
"B","29-10-2019","2019-10-29 00:00:00 -0500",1,99,"B002",166876,,,," ",7,"GLP",16.54,1.03,1.21,16.96,3.05,20.01,,,,,,,"LTR"
"B","29-10-2019","2019-10-29 00:00:00 -0500",1,99,"B002",166875,,,," ",7,"GLP",4.13,1.03,1.21,4.24,0.76,5.00,,,,,,,"LTR"
"B","29-10-2019","2019-10-29 00:00:00 -0500",1,99,"B002",166874,,,," ",4,"Gasohol 98",2.58,13.13,15.49,33.90,6.10,40.00,,,,,,,"GLL"
"B","29-10-2019","2019-10-29 00:00:00 -0500",1,99,"B002",166873,,,," ",7,"GLP",5.79,1.03,1.21,5.93,1.07,7.00,,,,,,,"LTR"
"B","29-10-2019","2019-10-29 00:00:00 -0500",1,99,"B002",166872,,,," ",7,"GLP",28.11,1.03,1.21,28.82,5.19,34.01,,,,,,,"LTR"
"B","29-10-2019","2019-10-29 00:00:00 -0500",1,99,"B002",166871,,,," ",7,"GLP",10.74,1.03,1.21,11.02,1.98,13.00,,,,,,,"LTR"
"B","29-10-2019","2019-10-29 00:00:00 -0500",1,99,"B002",166870,,,," ",2,"Gasohol 90",5.52,10.75,12.69,59.32,10.68,70.00,,,,,,,"GLL"
"B","29-10-2019","2019-10-29 00:00:00 -0500",1,99,"B002",166869,,,," ",7,"GLP",9.09,1.03,1.21,9.32,1.68,11.00,,,,,,,"LTR"
"B","29-10-2019","2019-10-29 00:00:00 -0500",1,99,"B002",166868,,,," ",7,"GLP",17.69,1.03,1.21,18.14,3.26,21.40,,,,,,,"LTR"
"B","29-10-2019","2019-10-29 00:00:00 -0500",1,99,"B002",166867,,,," ",7,"GLP",4.13,1.03,1.21,4.24,0.76,5.00,,,,,,,"LTR"
"B","29-10-2019","2019-10-29 00:00:00 -0500",1,99,"B002",166866,,,," ",7,"GLP",5.79,1.03,1.21,5.93,1.07,7.00,,,,,,,"LTR"
"B","29-10-2019","2019-10-29 00:00:00 -0500",1,99,"B002",166865,,,," ",7,"GLP",8.26,1.03,1.21,8.47,1.53,10.00,,,,,,,"LTR"
"B","29-10-2019","2019-10-29 00:00:00 -0500",1,99,"B002",166864,,,," ",7,"GLP",12.4,1.03,1.21,12.71,2.29,15.00,,,,,,,"LTR"
"B","29-10-2019","2019-10-29 00:00:00 -0500",1,99,"B002",166863,,,," ",7,"GLP",4.13,1.03,1.21,4.24,0.76,5.00,,,,,,,"LTR"
"B","29-10-2019","2019-10-29 00:00:00 -0500",1,99,"B002",166862,,,," ",7,"GLP",4.13,1.03,1.21,4.24,0.76,5.00,,,,,,,"LTR"
"B","29-10-2019","2019-10-29 00:00:00 -0500",1,99,"B002",166861,,,," ",7,"GLP",4.13,1.03,1.21,4.24,0.76,5.00,,,,,,,"LTR"
"B","29-10-2019","2019-10-29 00:00:00 -0500",1,99,"B002",166860,,,," ",7,"GLP",8.26,1.03,1.21,8.47,1.53,10.00,,,,,,,"LTR"
"B","29-10-2019","2019-10-29 00:00:00 -0500",1,99,"B002",166859,,,," ",7,"GLP",4.13,1.03,1.21,4.24,0.76,5.00,,,,,,,"LTR"
"B","29-10-2019","2019-10-29 00:00:00 -0500",1,99,"B002",166858,,,," ",7,"GLP",8.26,1.03,1.21,8.47,1.53,10.00,,,,,,,"LTR"
"B","29-10-2019","2019-10-29 00:00:00 -0500",1,99,"B002",166857,,,," ",7,"GLP",41.32,1.03,1.21,42.37,7.63,50.00,,,,,,,"LTR"
"B","29-10-2019","2019-10-29 00:00:00 -0500",1,99,"B002",166856,,,," ",7,"GLP",10.74,1.03,1.21,11.02,1.98,13.00,,,,,,,"LTR"
"B","29-10-2019","2019-10-29 00:00:00 -0500",1,99,"B002",166855,,,," ",7,"GLP",8.26,1.03,1.21,8.47,1.53,10.00,,,,,,,"LTR"
"B","29-10-2019","2019-10-29 00:00:00 -0500",1,99,"B002",166854,,,," ",7,"GLP",16.53,1.03,1.21,16.95,3.05,20.00,,,,,,,"LTR"
"B","29-10-2019","2019-10-29 00:00:00 -0500",1,99,"B002",166853,,,," ",7,"GLP",16.53,1.03,1.21,16.95,3.05,20.00,,,,,,,"LTR"
"B","29-10-2019","2019-10-29 00:00:00 -0500",1,99,"B002",166852,,,," ",7,"GLP",4.13,1.03,1.21,4.24,0.76,5.00,,,,,,,"LTR"
"B","29-10-2019","2019-10-29 00:00:00 -0500",1,99,"B002",166851,,,," ",7,"GLP",14.79,1.03,1.21,15.17,2.73,17.90,,,,,,,"LTR"
"B","29-10-2019","2019-10-29 00:00:00 -0500",1,99,"B002",166850,,,," ",7,"GLP",4.13,1.03,1.21,4.24,0.76,5.00,,,,,,,"LTR"
"B","29-10-2019","2019-10-29 00:00:00 -0500",1,99,"B002",166849,,,," ",7,"GLP",12.4,1.03,1.21,12.71,2.29,15.00,,,,,,,"LTR"
"B","29-10-2019","2019-10-29 00:00:00 -0500",1,99,"B002",166848,,,," ",7,"GLP",8.26,1.03,1.21,8.47,1.53,10.00,,,,,,,"LTR"
"B","29-10-2019","2019-10-29 00:00:00 -0500",1,99,"B002",166847,,,," ",7,"GLP",11.65,1.03,1.21,11.95,2.15,14.10,,,,,,,"LTR"
"B","29-10-2019","2019-10-29 00:00:00 -0500",1,99,"B002",166846,,,," ",7,"GLP",4.96,1.03,1.21,5.08,0.92,6.00,,,,,,,"LTR"
"B","29-10-2019","2019-10-29 00:00:00 -0500",1,99,"B002",166845,,,," ",7,"GLP",36.94,1.03,1.21,37.88,6.82,44.70,,,,,,,"LTR"
"B","29-10-2019","2019-10-29 00:00:00 -0500",1,99,"B002",166844,,,," ",7,"GLP",4.13,1.03,1.21,4.24,0.76,5.00,,,,,,,"LTR"
"B","29-10-2019","2019-10-29 00:00:00 -0500",1,99,"B002",166843,,,," ",7,"GLP",10.74,1.03,1.21,11.02,1.98,13.00,,,,,,,"LTR"
"B","29-10-2019","2019-10-29 00:00:00 -0500",1,99,"B002",166842,,,," ",7,"GLP",8.26,1.03,1.21,8.47,1.53,10.00,,,,,,,"LTR"
"B","29-10-2019","2019-10-29 00:00:00 -0500",1,99,"B002",166841,,,," ",7,"GLP",5.79,1.03,1.21,5.93,1.07,7.00,,,,,,,"LTR"
"B","29-10-2019","2019-10-29 00:00:00 -0500",1,99,"B002",166840,,,," ",7,"GLP",10.25,1.03,1.21,10.51,1.89,12.40,,,,,,,"LTR"
"B","29-10-2019","2019-10-29 00:00:00 -0500",1,99,"B002",166839,,,," ",7,"GLP",21.16,1.03,1.21,21.69,3.91,25.60,,,,,,,"LTR"
"B","29-10-2019","2019-10-29 00:00:00 -0500",1,99,"B002",166838,,,," ",7,"GLP",3.31,1.03,1.21,3.39,0.61,4.00,,,,,,,"LTR"
"B","29-10-2019","2019-10-29 00:00:00 -0500",1,99,"B002",166837,,,," ",7,"GLP",4.13,1.03,1.21,4.24,0.76,5.00,,,,,,,"LTR"
"B","29-10-2019","2019-10-29 00:00:00 -0500",1,99,"B002",166836,,,," ",7,"GLP",8.26,1.03,1.21,8.47,1.53,10.00,,,,,,,"LTR"
"B","29-10-2019","2019-10-29 00:00:00 -0500",1,99,"B002",166835,,,," ",7,"GLP",9.09,1.03,1.21,9.32,1.68,11.00,,,,,,,"LTR"
"B","29-10-2019","2019-10-29 00:00:00 -0500",1,99,"B002",166834,,,," ",7,"GLP",25.94,1.03,1.21,26.60,4.79,31.39,,,,,,,"LTR"
"B","29-10-2019","2019-10-29 00:00:00 -0500",1,99,"B002",166833,,,," ",7,"GLP",10.74,1.03,1.21,11.02,1.98,13.00,,,,,,,"LTR"
"B","29-10-2019","2019-10-29 00:00:00 -0500",1,99,"B002",166832,,,," ",7,"GLP",4.13,1.03,1.21,4.24,0.76,5.00,,,,,,,"LTR"
"B","29-10-2019","2019-10-29 00:00:00 -0500",1,99,"B002",166831,,,," ",7,"GLP",8.26,1.03,1.21,8.47,1.53,10.00,,,,,,,"LTR"
"B","29-10-2019","2019-10-29 00:00:00 -0500",1,99,"B002",166830,,,," ",7,"GLP",4.13,1.03,1.21,4.24,0.76,5.00,,,,,,,"LTR"
"B","29-10-2019","2019-10-29 00:00:00 -0500",1,99,"B002",166829,,,," ",7,"GLP",4.13,1.03,1.21,4.24,0.76,5.00,,,,,,,"LTR"
"B","29-10-2019","2019-10-29 00:00:00 -0500",1,99,"B002",166828,,,," ",7,"GLP",16.53,1.03,1.21,16.95,3.05,20.00,,,,,,,"LTR"
"B","29-10-2019","2019-10-29 00:00:00 -0500",1,99,"B002",166827,,,," ",7,"GLP",12.4,1.03,1.21,12.71,2.29,15.00,,,,,,,"LTR"
"B","29-10-2019","2019-10-29 00:00:00 -0500",1,99,"B002",166826,,,," ",7,"GLP",6.61,1.03,1.21,6.78,1.22,8.00,,,,,,,"LTR"
"B","29-10-2019","2019-10-29 00:00:00 -0500",1,99,"B002",166825,,,," ",7,"GLP",32.21,1.03,1.21,33.03,5.94,38.97,,,,,,,"LTR"
"B","29-10-2019","2019-10-29 00:00:00 -0500",1,99,"B002",166824,,,," ",7,"GLP",12.4,1.03,1.21,12.71,2.29,15.00,,,,,,,"LTR"
"B","29-10-2019","2019-10-29 00:00:00 -0500",1,99,"B002",166823,,,," ",7,"GLP",6.61,1.03,1.21,6.78,1.22,8.00,,,,,,,"LTR"
"B","29-10-2019","2019-10-29 00:00:00 -0500",1,99,"B002",166822,,,," ",7,"GLP",16.53,1.03,1.21,16.95,3.05,20.00,,,,,,,"LTR"
"B","29-10-2019","2019-10-29 00:00:00 -0500",1,99,"B002",166821,,,," ",7,"GLP",8.26,1.03,1.21,8.47,1.53,10.00,,,,,,,"LTR"
"B","29-10-2019","2019-10-29 00:00:00 -0500",1,99,"B002",166820,,,," ",7,"GLP",4.96,1.03,1.21,5.08,0.92,6.00,,,,,,,"LTR"
"B","29-10-2019","2019-10-29 00:00:00 -0500",1,99,"B002",166819,,,," ",7,"GLP",8.26,1.03,1.21,8.47,1.53,10.00,,,,,,,"LTR"
"B","29-10-2019","2019-10-29 00:00:00 -0500",1,99,"B002",166818,,,," ",7,"GLP",4.13,1.03,1.21,4.24,0.76,5.00,,,,,,,"LTR"
"B","29-10-2019","2019-10-29 00:00:00 -0500",1,99,"B002",166817,,,," ",7,"GLP",8.26,1.03,1.21,8.47,1.53,10.00,,,,,,,"LTR"
"B","29-10-2019","2019-10-29 00:00:00 -0500",1,99,"B002",166816,,,," ",7,"GLP",16.53,1.03,1.21,16.95,3.05,20.00,,,,,,,"LTR"
"B","29-10-2019","2019-10-29 00:00:00 -0500",1,99,"B002",166815,,,," ",7,"GLP",8.26,1.03,1.21,8.47,1.53,10.00,,,,,,,"LTR"
"B","29-10-2019","2019-10-29 00:00:00 -0500",1,99,"B002",166814,,,," ",5,"DieselPro B5 S50 UV",12.25,10.03,11.84,122.91,22.12,145.03,,,,,,,"GLL"
"B","29-10-2019","2019-10-29 00:00:00 -0500",1,99,"B002",166813,,,," ",7,"GLP",7.44,1.03,1.21,7.63,1.37,9.00,,,,,,,"LTR"
"B","29-10-2019","2019-10-29 00:00:00 -0500",1,99,"B002",166812,,,," ",7,"GLP",8.31,1.03,1.21,8.52,1.53,10.05,,,,,,,"LTR"
"B","29-10-2019","2019-10-29 00:00:00 -0500",1,99,"B002",166811,,,," ",7,"GLP",9.92,1.03,1.21,10.17,1.83,12.00,,,,,,,"LTR"
"B","29-10-2019","2019-10-29 00:00:00 -0500",1,99,"B002",166810,,,," ",7,"GLP",23.97,1.03,1.21,24.58,4.42,29.00,,,,,,,"LTR"
"B","29-10-2019","2019-10-29 00:00:00 -0500",1,99,"B002",166809,,,," ",7,"GLP",16.53,1.03,1.21,16.95,3.05,20.00,,,,,,,"LTR"
"B","29-10-2019","2019-10-29 00:00:00 -0500",1,99,"B002",166808,,,," ",2,"Gasohol 90",1.02,10.75,12.69,11.02,1.98,13.00,,,,,,,"GLL"
"B","29-10-2019","2019-10-29 00:00:00 -0500",1,99,"B002",166807,,,," ",7,"GLP",8.52,1.03,1.21,8.74,1.57,10.31,,,,,,,"LTR"
"B","29-10-2019","2019-10-29 00:00:00 -0500",1,99,"B002",166806,,,," ",7,"GLP",8.26,1.03,1.21,8.47,1.53,10.00,,,,,,,"LTR"
"B","29-10-2019","2019-10-29 00:00:00 -0500",1,99,"B002",166805,,,," ",7,"GLP",5.79,1.03,1.21,5.93,1.07,7.00,,,,,,,"LTR"
"B","29-10-2019","2019-10-29 00:00:00 -0500",1,99,"B002",166804,,,," ",7,"GLP",9.92,1.03,1.21,10.17,1.83,12.00,,,,,,,"LTR"
"B","29-10-2019","2019-10-29 00:00:00 -0500",1,99,"B002",166803,,,," ",7,"GLP",9.47,1.03,1.21,9.71,1.75,11.46,,,,,,,"LTR"
"B","29-10-2019","2019-10-29 00:00:00 -0500",1,99,"B002",166802,,,," ",7,"GLP",5.79,1.03,1.21,5.93,1.07,7.00,,,,,,,"LTR"
"B","29-10-2019","2019-10-29 00:00:00 -0500",1,99,"B002",166801,,,," ",7,"GLP",19.01,1.03,1.21,19.49,3.51,23.00,,,,,,,"LTR"
"B","29-10-2019","2019-10-29 00:00:00 -0500",1,99,"B002",166800,,,," ",7,"GLP",4.96,1.03,1.21,5.08,0.92,6.00,,,,,,,"LTR"
"B","29-10-2019","2019-10-29 00:00:00 -0500",1,99,"B002",166799,,,," ",7,"GLP",8.26,1.03,1.21,8.47,1.53,10.00,,,,,,,"LTR"
"B","29-10-2019","2019-10-29 00:00:00 -0500",1,99,"B002",166798,,,," ",7,"GLP",8.26,1.03,1.21,8.47,1.53,10.00,,,,,,,"LTR"
"B","29-10-2019","2019-10-29 00:00:00 -0500",1,99,"B002",166797,,,," ",7,"GLP",11.57,1.03,1.21,11.86,2.14,14.00,,,,,,,"LTR"
"B","29-10-2019","2019-10-29 00:00:00 -0500",1,99,"B002",166796,,,," ",7,"GLP",4.13,1.03,1.21,4.24,0.76,5.00,,,,,,,"LTR"
"B","29-10-2019","2019-10-29 00:00:00 -0500",1,99,"B002",166795,,,," ",7,"GLP",9.08,1.03,1.21,9.31,1.68,10.99,,,,,,,"LTR"
"B","29-10-2019","2019-10-29 00:00:00 -0500",1,99,"B002",166794,,,," ",7,"GLP",8.26,1.03,1.21,8.47,1.53,10.00,,,,,,,"LTR"
"B","29-10-2019","2019-10-29 00:00:00 -0500",1,99,"B002",166793,,,," ",7,"GLP",12.4,1.03,1.21,12.71,2.29,15.00,,,,,,,"LTR"
"B","29-10-2019","2019-10-29 00:00:00 -0500",1,99,"B002",166792,,,," ",7,"GLP",8.26,1.03,1.21,8.47,1.53,10.00,,,,,,,"LTR"
"B","29-10-2019","2019-10-29 00:00:00 -0500",1,99,"B002",166791,,,," ",7,"GLP",4.13,1.03,1.21,4.24,0.76,5.00,,,,,,,"LTR"
"B","29-10-2019","2019-10-29 00:00:00 -0500",1,99,"B002",166790,,,," ",7,"GLP",12.4,1.03,1.21,12.71,2.29,15.00,,,,,,,"LTR"
"B","29-10-2019","2019-10-29 00:00:00 -0500",1,99,"B002",166789,,,," ",7,"GLP",4.13,1.03,1.21,4.24,0.76,5.00,,,,,,,"LTR"
"B","29-10-2019","2019-10-29 00:00:00 -0500",1,99,"B002",166788,,,," ",7,"GLP",4.13,1.03,1.21,4.24,0.76,5.00,,,,,,,"LTR"
"B","29-10-2019","2019-10-29 00:00:00 -0500",1,99,"B002",166787,,,," ",5,"DieselPro B5 S50 UV",8.45,10.03,11.84,84.75,15.25,100.00,,,,,,,"GLL"
"B","29-10-2019","2019-10-29 00:00:00 -0500",1,99,"B002",166786,,,," ",7,"GLP",4.13,1.03,1.21,4.24,0.76,5.00,,,,,,,"LTR"
"B","29-10-2019","2019-10-29 00:00:00 -0500",1,99,"B002",166785,,,," ",7,"GLP",4.96,1.03,1.21,5.08,0.92,6.00,,,,,,,"LTR"
"B","29-10-2019","2019-10-29 00:00:00 -0500",1,99,"B002",166784,,,," ",7,"GLP",9.92,1.03,1.21,10.17,1.83,12.00,,,,,,,"LTR"
"B","29-10-2019","2019-10-29 00:00:00 -0500",1,99,"B002",166783,,,," ",7,"GLP",30.6,1.03,1.21,31.38,5.65,37.03,,,,,,,"LTR"
"B","29-10-2019","2019-10-29 00:00:00 -0500",1,99,"B002",166782,,,," ",7,"GLP",10.1,1.03,1.21,10.36,1.86,12.22,,,,,,,"LTR"
"B","29-10-2019","2019-10-29 00:00:00 -0500",1,99,"B002",166781,,,," ",7,"GLP",9.92,1.03,1.21,10.17,1.83,12.00,,,,,,,"LTR"
"B","29-10-2019","2019-10-29 00:00:00 -0500",1,99,"B002",166780,,,," ",7,"GLP",7.19,1.03,1.21,7.37,1.33,8.70,,,,,,,"LTR"
"B","29-10-2019","2019-10-29 00:00:00 -0500",1,99,"B002",166779,,,," ",7,"GLP",7.85,1.03,1.21,8.05,1.45,9.50,,,,,,,"LTR"
"B","29-10-2019","2019-10-29 00:00:00 -0500",1,99,"B002",166778,,,," ",7,"GLP",24.79,1.03,1.21,25.42,4.58,30.00,,,,,,,"LTR"
"B","29-10-2019","2019-10-29 00:00:00 -0500",1,99,"B002",166777,,,," ",7,"GLP",16.53,1.03,1.21,16.95,3.05,20.00,,,,,,,"LTR"
"B","29-10-2019","2019-10-29 00:00:00 -0500",1,99,"B002",166776,,,," ",7,"GLP",3.65,1.03,1.21,3.74,0.67,4.41,,,,,,,"LTR"
"B","29-10-2019","2019-10-29 00:00:00 -0500",1,99,"B002",166775,,,," ",7,"GLP",46.59,1.03,1.21,47.77,8.60,56.37,,,,,,,"LTR"
"B","29-10-2019","2019-10-29 00:00:00 -0500",1,99,"B002",166774,,,," ",7,"GLP",4.13,1.03,1.21,4.24,0.76,5.00,,,,,,,"LTR"
"B","29-10-2019","2019-10-29 00:00:00 -0500",1,99,"B002",166773,,,," ",7,"GLP",16.53,1.03,1.21,16.95,3.05,20.00,,,,,,,"LTR"
"B","29-10-2019","2019-10-29 00:00:00 -0500",1,99,"B002",166772,,,," ",7,"GLP",6.61,1.03,1.21,6.78,1.22,8.00,,,,,,,"LTR"
"B","29-10-2019","2019-10-29 00:00:00 -0500",1,99,"B002",166771,,,," ",7,"GLP",7.85,1.03,1.21,8.05,1.45,9.50,,,,,,,"LTR"
"B","29-10-2019","2019-10-29 00:00:00 -0500",1,99,"B002",166770,,,," ",7,"GLP",5.79,1.03,1.21,5.93,1.07,7.00,,,,,,,"LTR"
"B","29-10-2019","2019-10-29 00:00:00 -0500",1,99,"B002",166769,,,," ",7,"GLP",10.69,1.03,1.21,10.97,1.97,12.94,,,,,,,"LTR"
"B","29-10-2019","2019-10-29 00:00:00 -0500",1,99,"B002",166768,,,," ",7,"GLP",8.26,1.03,1.21,8.47,1.53,10.00,,,,,,,"LTR"
"B","29-10-2019","2019-10-29 00:00:00 -0500",1,99,"B002",166767,,,," ",7,"GLP",9.01,1.03,1.21,9.24,1.66,10.90,,,,,,,"LTR"
"B","29-10-2019","2019-10-29 00:00:00 -0500",1,99,"B002",166766,,,," ",7,"GLP",5.79,1.03,1.21,5.93,1.07,7.00,,,,,,,"LTR"
"B","29-10-2019","2019-10-29 00:00:00 -0500",1,99,"B002",166765,,,," ",7,"GLP",9.17,1.03,1.21,9.41,1.69,11.10,,,,,,,"LTR"
"B","29-10-2019","2019-10-29 00:00:00 -0500",1,99,"B002",166764,,,," ",7,"GLP",6.61,1.03,1.21,6.78,1.22,8.00,,,,,,,"LTR"
"B","29-10-2019","2019-10-29 00:00:00 -0500",1,99,"B002",166763,,,," ",7,"GLP",16.53,1.03,1.21,16.95,3.05,20.00,,,,,,,"LTR"
"B","29-10-2019","2019-10-29 00:00:00 -0500",1,99,"B002",166762,,,," ",7,"GLP",8.26,1.03,1.21,8.47,1.53,10.00,,,,,,,"LTR"
"B","29-10-2019","2019-10-29 00:00:00 -0500",1,99,"B002",166761,,,," ",7,"GLP",9.24,1.03,1.21,9.47,1.71,11.18,,,,,,,"LTR"
"B","29-10-2019","2019-10-29 00:00:00 -0500",1,99,"B002",166760,,,," ",7,"GLP",2.48,1.03,1.21,2.54,0.46,3.00,,,,,,,"LTR"
"B","29-10-2019","2019-10-29 00:00:00 -0500",1,99,"B002",166759,,,," ",7,"GLP",16.53,1.03,1.21,16.95,3.05,20.00,,,,,,,"LTR"
"B","29-10-2019","2019-10-29 00:00:00 -0500",1,99,"B002",166758,,,," ",7,"GLP",14.55,1.03,1.21,14.92,2.68,17.60,,,,,,,"LTR"
"B","29-10-2019","2019-10-29 00:00:00 -0500",1,99,"B002",166757,,,," ",7,"GLP",12.4,1.03,1.21,12.71,2.29,15.00,,,,,,,"LTR"
"B","29-10-2019","2019-10-29 00:00:00 -0500",1,99,"B002",166756,,,," ",7,"GLP",4.13,1.03,1.21,4.24,0.76,5.00,,,,,,,"LTR"
"B","29-10-2019","2019-10-29 00:00:00 -0500",1,99,"B002",166755,,,," ",7,"GLP",6.61,1.03,1.21,6.78,1.22,8.00,,,,,,,"LTR"
"B","29-10-2019","2019-10-29 00:00:00 -0500",1,99,"B002",166754,,,," ",7,"GLP",6.61,1.03,1.21,6.78,1.22,8.00,,,,,,,"LTR"
"B","29-10-2019","2019-10-29 00:00:00 -0500",1,99,"B002",166753,,,," ",7,"GLP",4.13,1.03,1.21,4.24,0.76,5.00,,,,,,,"LTR"
"B","29-10-2019","2019-10-29 00:00:00 -0500",1,99,"B002",166752,,,," ",7,"GLP",9.92,1.03,1.21,10.17,1.83,12.00,,,,,,,"LTR"
"B","29-10-2019","2019-10-29 00:00:00 -0500",1,99,"B002",166751,,,," ",7,"GLP",4.13,1.03,1.21,4.24,0.76,5.00,,,,,,,"LTR"
"B","29-10-2019","2019-10-29 00:00:00 -0500",1,99,"B002",166750,,,," ",7,"GLP",25.65,1.03,1.21,26.31,4.73,31.04,,,,,,,"LTR"
"B","29-10-2019","2019-10-29 00:00:00 -0500",1,99,"B002",166749,,,," ",7,"GLP",8.26,1.03,1.21,8.47,1.53,10.00,,,,,,,"LTR"
"B","29-10-2019","2019-10-29 00:00:00 -0500",1,99,"B002",166748,,,," ",7,"GLP",4.13,1.03,1.21,4.24,0.76,5.00,,,,,,,"LTR"
"B","29-10-2019","2019-10-29 00:00:00 -0500",1,99,"B002",166747,,,," ",7,"GLP",4.13,1.03,1.21,4.24,0.76,5.00,,,,,,,"LTR"
"B","29-10-2019","2019-10-29 00:00:00 -0500",1,99,"B002",166746,,,," ",7,"GLP",8.26,1.03,1.21,8.47,1.53,10.00,,,,,,,"LTR"
"B","29-10-2019","2019-10-29 00:00:00 -0500",1,99,"B002",166745,,,," ",7,"GLP",10.91,1.03,1.21,11.19,2.01,13.20,,,,,,,"LTR"
"B","29-10-2019","2019-10-29 00:00:00 -0500",1,99,"B002",166744,,,," ",7,"GLP",4.13,1.03,1.21,4.24,0.76,5.00,,,,,,,"LTR"
"B","29-10-2019","2019-10-29 00:00:00 -0500",1,99,"B002",166743,,,," ",7,"GLP",5.79,1.03,1.21,5.94,1.07,7.01,,,,,,,"LTR"
"B","29-10-2019","2019-10-29 00:00:00 -0500",1,99,"B002",166742,,,," ",7,"GLP",8.26,1.03,1.21,8.47,1.53,10.00,,,,,,,"LTR"
"B","29-10-2019","2019-10-29 00:00:00 -0500",1,99,"B002",166741,,,," ",7,"GLP",10.58,1.03,1.21,10.85,1.95,12.80,,,,,,,"LTR"
"B","29-10-2019","2019-10-29 00:00:00 -0500",1,99,"B002",166740,,,," ",7,"GLP",10.33,1.03,1.21,10.59,1.91,12.50,,,,,,,"LTR"
"B","29-10-2019","2019-10-29 00:00:00 -0500",1,99,"B002",166739,,,," ",7,"GLP",4.13,1.03,1.21,4.24,0.76,5.00,,,,,,,"LTR"
"B","29-10-2019","2019-10-29 00:00:00 -0500",1,99,"B002",166738,,,," ",7,"GLP",3.31,1.03,1.21,3.39,0.61,4.00,,,,,,,"LTR"
"B","29-10-2019","2019-10-29 00:00:00 -0500",1,99,"B002",166737,,,," ",7,"GLP",4.13,1.03,1.21,4.24,0.76,5.00,,,,,,,"LTR"
"B","29-10-2019","2019-10-29 00:00:00 -0500",1,99,"B002",166736,,,," ",7,"GLP",12.03,1.03,1.21,12.33,2.22,14.55,,,,,,,"LTR"
"B","29-10-2019","2019-10-29 00:00:00 -0500",1,99,"B002",166735,,,," ",7,"GLP",4.13,1.03,1.21,4.24,0.76,5.00,,,,,,,"LTR"
"B","29-10-2019","2019-10-29 00:00:00 -0500",1,99,"B002",166734,,,," ",7,"GLP",12.06,1.03,1.21,12.36,2.23,14.59,,,,,,,"LTR"
"B","29-10-2019","2019-10-29 00:00:00 -0500",1,99,"B002",166733,,,," ",7,"GLP",4.13,1.03,1.21,4.24,0.76,5.00,,,,,,,"LTR"
"B","29-10-2019","2019-10-29 00:00:00 -0500",1,99,"B002",166732,,,," ",7,"GLP",28.18,1.03,1.21,28.90,5.20,34.10,,,,,,,"LTR"
"B","29-10-2019","2019-10-29 00:00:00 -0500",1,99,"B002",166731,,,," ",7,"GLP",16.53,1.03,1.21,16.95,3.05,20.00,,,,,,,"LTR"
"B","29-10-2019","2019-10-29 00:00:00 -0500",1,99,"B002",166730,,,," ",7,"GLP",8.26,1.03,1.21,8.47,1.53,10.00,,,,,,,"LTR"
"B","29-10-2019","2019-10-29 00:00:00 -0500",1,99,"B002",166729,,,," ",7,"GLP",8.26,1.03,1.21,8.47,1.53,10.00,,,,,,,"LTR"
"B","29-10-2019","2019-10-29 00:00:00 -0500",1,99,"B002",166728,,,," ",7,"GLP",4.13,1.03,1.21,4.24,0.76,5.00,,,,,,,"LTR"
"B","29-10-2019","2019-10-29 00:00:00 -0500",1,99,"B002",166727,,,," ",4,"Gasohol 98",3.23,13.13,15.49,42.37,7.63,50.00,,,,,,,"GLL"
"B","29-10-2019","2019-10-29 00:00:00 -0500",1,99,"B002",166726,,,," ",7,"GLP",21.98,1.03,1.21,22.54,4.06,26.60,,,,,,,"LTR"
"B","29-10-2019","2019-10-29 00:00:00 -0500",1,99,"B002",166725,,,," ",7,"GLP",24.79,1.03,1.21,25.42,4.58,30.00,,,,,,,"LTR"
"B","29-10-2019","2019-10-29 00:00:00 -0500",1,99,"B002",166724,,,," ",7,"GLP",5.79,1.03,1.21,5.93,1.07,7.00,,,,,,,"LTR"
"B","29-10-2019","2019-10-29 00:00:00 -0500",1,99,"B002",166723,,,," ",7,"GLP",4.13,1.03,1.21,4.24,0.76,5.00,,,,,,,"LTR"
"B","29-10-2019","2019-10-29 00:00:00 -0500",1,99,"B002",166722,,,," ",7,"GLP",7.44,1.03,1.21,7.63,1.37,9.00,,,,,,,"LTR"
"B","29-10-2019","2019-10-29 00:00:00 -0500",1,99,"B002",166721,,,," ",7,"GLP",11.49,1.03,1.21,11.78,2.12,13.90,,,,,,,"LTR"
"B","29-10-2019","2019-10-29 00:00:00 -0500",1,99,"B002",166720,,,," ",7,"GLP",11.57,1.03,1.21,11.86,2.14,14.00,,,,,,,"LTR"
"B","29-10-2019","2019-10-29 00:00:00 -0500",1,99,"B002",166719,,,," ",7,"GLP",8.26,1.03,1.21,8.47,1.53,10.00,,,,,,,"LTR"
"B","29-10-2019","2019-10-29 00:00:00 -0500",1,99,"B002",166718,,,," ",7,"GLP",6.62,1.03,1.21,6.79,1.22,8.01,,,,,,,"LTR"
"B","29-10-2019","2019-10-29 00:00:00 -0500",1,99,"B002",166717,,,," ",7,"GLP",8.26,1.03,1.21,8.47,1.53,10.00,,,,,,,"LTR"
"B","29-10-2019","2019-10-29 00:00:00 -0500",1,99,"B002",166716,,,," ",7,"GLP",20.67,1.03,1.21,21.19,3.82,25.01,,,,,,,"LTR"
"B","29-10-2019","2019-10-29 00:00:00 -0500",1,99,"B002",166715,,,," ",7,"GLP",8.26,1.03,1.21,8.47,1.53,10.00,,,,,,,"LTR"
"B","29-10-2019","2019-10-29 00:00:00 -0500",1,99,"B002",166714,,,," ",7,"GLP",4.13,1.03,1.21,4.24,0.76,5.00,,,,,,,"LTR"
"B","29-10-2019","2019-10-29 00:00:00 -0500",1,99,"B002",166713,,,," ",7,"GLP",16.53,1.03,1.21,16.95,3.05,20.00,,,,,,,"LTR"
"B","29-10-2019","2019-10-29 00:00:00 -0500",1,99,"B002",166712,,,," ",7,"GLP",25.83,1.03,1.21,26.48,4.77,31.25,,,,,,,"LTR"
"B","29-10-2019","2019-10-29 00:00:00 -0500",1,99,"B002",166711,,,," ",7,"GLP",4.13,1.03,1.21,4.24,0.76,5.00,,,,,,,"LTR"
"B","29-10-2019","2019-10-29 00:00:00 -0500",1,99,"B002",166710,,,," ",7,"GLP",12.4,1.03,1.21,12.71,2.29,15.00,,,,,,,"LTR"
"B","29-10-2019","2019-10-29 00:00:00 -0500",1,99,"B002",166709,,,," ",7,"GLP",39.68,1.03,1.21,40.69,7.32,48.01,,,,,,,"LTR"
"B","29-10-2019","2019-10-29 00:00:00 -0500",1,99,"B002",166708,,,," ",7,"GLP",10.74,1.03,1.21,11.02,1.98,13.00,,,,,,,"LTR"
"B","29-10-2019","2019-10-29 00:00:00 -0500",1,99,"B002",166707,,,," ",7,"GLP",1.65,1.03,1.21,1.69,0.31,2.00,,,,,,,"LTR"
"B","29-10-2019","2019-10-29 00:00:00 -0500",1,99,"B002",166706,,,," ",7,"GLP",8.26,1.03,1.21,8.47,1.53,10.00,,,,,,,"LTR"
"B","29-10-2019","2019-10-29 00:00:00 -0500",1,99,"B002",166705,,,," ",7,"GLP",4.13,1.03,1.21,4.24,0.76,5.00,,,,,,,"LTR"
"B","29-10-2019","2019-10-29 00:00:00 -0500",1,99,"B002",166704,,,," ",7,"GLP",4.13,1.03,1.21,4.24,0.76,5.00,,,,,,,"LTR"
"B","29-10-2019","2019-10-29 00:00:00 -0500",1,99,"B002",166703,,,," ",7,"GLP",6.61,1.03,1.21,6.78,1.22,8.00,,,,,,,"LTR"
"B","29-10-2019","2019-10-29 00:00:00 -0500",1,99,"B002",166702,,,," ",7,"GLP",5.79,1.03,1.21,5.93,1.07,7.00,,,,,,,"LTR"
"B","29-10-2019","2019-10-29 00:00:00 -0500",1,99,"B002",166701,,,," ",7,"GLP",4.96,1.03,1.21,5.08,0.92,6.00,,,,,,,"LTR"
"B","29-10-2019","2019-10-29 00:00:00 -0500",1,99,"B002",166700,,,," ",7,"GLP",12.98,1.03,1.21,13.31,2.39,15.70,,,,,,,"LTR"
"B","29-10-2019","2019-10-29 00:00:00 -0500",1,99,"B002",166699,,,," ",7,"GLP",8.26,1.03,1.21,8.47,1.53,10.00,,,,,,,"LTR"
"B","29-10-2019","2019-10-29 00:00:00 -0500",1,99,"B002",166698,,,," ",7,"GLP",8.26,1.03,1.21,8.47,1.53,10.00,,,,,,,"LTR"
"B","29-10-2019","2019-10-29 00:00:00 -0500",1,99,"B002",166697,,,," ",7,"GLP",16.53,1.03,1.21,16.95,3.05,20.00,,,,,,,"LTR"
"B","29-10-2019","2019-10-29 00:00:00 -0500",1,99,"B002",166696,,,," ",7,"GLP",18.51,1.03,1.21,18.98,3.42,22.40,,,,,,,"LTR"
"B","29-10-2019","2019-10-29 00:00:00 -0500",1,99,"B002",166695,,,," ",7,"GLP",8.26,1.03,1.21,8.47,1.53,10.00,,,,,,,"LTR"
"B","29-10-2019","2019-10-29 00:00:00 -0500",1,99,"B002",166694,,,," ",7,"GLP",12.4,1.03,1.21,12.71,2.29,15.00,,,,,,,"LTR"
"B","29-10-2019","2019-10-29 00:00:00 -0500",1,99,"B002",166693,,,," ",7,"GLP",9.92,1.03,1.21,10.17,1.83,12.00,,,,,,,"LTR"
"B","29-10-2019","2019-10-29 00:00:00 -0500",1,99,"B002",166692,,,," ",7,"GLP",17.44,1.03,1.21,17.88,3.22,21.10,,,,,,,"LTR"
"B","29-10-2019","2019-10-29 00:00:00 -0500",1,99,"B002",166691,,,," ",7,"GLP",4.13,1.03,1.21,4.24,0.76,5.00,,,,,,,"LTR"
"B","29-10-2019","2019-10-29 00:00:00 -0500",1,99,"B002",166690,,,," ",7,"GLP",6.61,1.03,1.21,6.78,1.22,8.00,,,,,,,"LTR"
"B","29-10-2019","2019-10-29 00:00:00 -0500",1,99,"B002",166689,,,," ",7,"GLP",22.48,1.03,1.21,23.05,4.15,27.20,,,,,,,"LTR"
"B","29-10-2019","2019-10-29 00:00:00 -0500",1,99,"B002",166688,,,," ",7,"GLP",22.15,1.03,1.21,22.71,4.09,26.80,,,,,,,"LTR"
"B","29-10-2019","2019-10-29 00:00:00 -0500",1,99,"B002",166687,,,," ",7,"GLP",4.13,1.03,1.21,4.24,0.76,5.00,,,,,,,"LTR"
"B","29-10-2019","2019-10-29 00:00:00 -0500",1,99,"B002",166686,,,," ",7,"GLP",30.17,1.03,1.21,30.93,5.57,36.50,,,,,,,"LTR"
"B","29-10-2019","2019-10-29 00:00:00 -0500",1,99,"B002",166685,,,," ",7,"GLP",4.13,1.03,1.21,4.24,0.76,5.00,,,,,,,"LTR"
"B","29-10-2019","2019-10-29 00:00:00 -0500",1,99,"B002",166684,,,," ",7,"GLP",8.26,1.03,1.21,8.47,1.53,10.00,,,,,,,"LTR"
"B","29-10-2019","2019-10-29 00:00:00 -0500",1,99,"B002",166683,,,," ",7,"GLP",4.13,1.03,1.21,4.24,0.76,5.00,,,,,,,"LTR"
"B","29-10-2019","2019-10-29 00:00:00 -0500",1,99,"B002",166682,,,," ",7,"GLP",26.76,1.03,1.21,27.44,4.94,32.38,,,,,,,"LTR"
"B","29-10-2019","2019-10-29 00:00:00 -0500",1,99,"B002",166681,,,," ",7,"GLP",8.26,1.03,1.21,8.47,1.53,10.00,,,,,,,"LTR"
"B","29-10-2019","2019-10-29 00:00:00 -0500",1,99,"B002",166680,,,," ",7,"GLP",6.61,1.03,1.21,6.78,1.22,8.00,,,,,,,"LTR"
"B","29-10-2019","2019-10-29 00:00:00 -0500",1,99,"B002",166679,,,," ",7,"GLP",4.13,1.03,1.21,4.24,0.76,5.00,,,,,,,"LTR"
"B","29-10-2019","2019-10-29 00:00:00 -0500",1,99,"B002",166678,,,," ",7,"GLP",4.13,1.03,1.21,4.24,0.76,5.00,,,,,,,"LTR"
"B","29-10-2019","2019-10-29 00:00:00 -0500",1,99,"B002",166677,,,," ",7,"GLP",8.26,1.03,1.21,8.47,1.53,10.00,,,,,,,"LTR"
"B","29-10-2019","2019-10-29 00:00:00 -0500",1,99,"B002",166676,,,," ",7,"GLP",20.66,1.03,1.21,21.19,3.81,25.00,,,,,,,"LTR"
"B","29-10-2019","2019-10-29 00:00:00 -0500",1,99,"B002",166675,,,," ",7,"GLP",4.13,1.03,1.21,4.24,0.76,5.00,,,,,,,"LTR"
"B","29-10-2019","2019-10-29 00:00:00 -0500",1,99,"B002",166674,,,," ",7,"GLP",23.08,1.03,1.21,23.67,4.26,27.93,,,,,,,"LTR"
"B","29-10-2019","2019-10-29 00:00:00 -0500",1,99,"B002",166673,,,," ",7,"GLP",9.92,1.03,1.21,10.17,1.83,12.00,,,,,,,"LTR"
"B","29-10-2019","2019-10-29 00:00:00 -0500",1,99,"B002",166672,,,," ",7,"GLP",16.53,1.03,1.21,16.95,3.05,20.00,,,,,,,"LTR"
"B","29-10-2019","2019-10-29 00:00:00 -0500",1,99,"B002",166671,,,," ",7,"GLP",6.61,1.03,1.21,6.78,1.22,8.00,,,,,,,"LTR"
"B","29-10-2019","2019-10-29 00:00:00 -0500",1,99,"B002",166670,,,," ",7,"GLP",8.26,1.03,1.21,8.47,1.53,10.00,,,,,,,"LTR"
"B","29-10-2019","2019-10-29 00:00:00 -0500",1,99,"B002",166669,,,," ",7,"GLP",9.5,1.03,1.21,9.75,1.75,11.50,,,,,,,"LTR"
"B","29-10-2019","2019-10-29 00:00:00 -0500",1,99,"B002",166668,,,," ",7,"GLP",7.44,1.03,1.21,7.63,1.37,9.00,,,,,,,"LTR"
"B","29-10-2019","2019-10-29 00:00:00 -0500",1,99,"B002",166667,,,," ",7,"GLP",5.79,1.03,1.21,5.93,1.07,7.00,,,,,,,"LTR"
"B","29-10-2019","2019-10-29 00:00:00 -0500",1,99,"B002",166666,,,," ",7,"GLP",12.47,1.03,1.21,12.79,2.30,15.09,,,,,,,"LTR"
"B","29-10-2019","2019-10-29 00:00:00 -0500",1,99,"B002",166665,,,," ",7,"GLP",2.48,1.03,1.21,2.54,0.46,3.00,,,,,,,"LTR"
"B","29-10-2019","2019-10-29 00:00:00 -0500",1,99,"B002",166664,,,," ",7,"GLP",4.13,1.03,1.21,4.24,0.76,5.00,,,,,,,"LTR"
"B","29-10-2019","2019-10-29 00:00:00 -0500",1,99,"B002",166663,,,," ",7,"GLP",8.26,1.03,1.21,8.47,1.53,10.00,,,,,,,"LTR"
"B","29-10-2019","2019-10-29 00:00:00 -0500",1,99,"B002",166662,,,," ",7,"GLP",12.4,1.03,1.21,12.71,2.29,15.00,,,,,,,"LTR"
"B","29-10-2019","2019-10-29 00:00:00 -0500",1,99,"B002",166661,,,," ",7,"GLP",4.96,1.03,1.21,5.08,0.92,6.00,,,,,,,"LTR"
"B","29-10-2019","2019-10-29 00:00:00 -0500",1,99,"B002",166660,,,," ",7,"GLP",4.13,1.03,1.21,4.24,0.76,5.00,,,,,,,"LTR"
"B","29-10-2019","2019-10-29 00:00:00 -0500",1,99,"B002",166659,,,," ",7,"GLP",4.96,1.03,1.21,5.08,0.92,6.00,,,,,,,"LTR"
"B","29-10-2019","2019-10-29 00:00:00 -0500",1,99,"B002",166658,,,," ",7,"GLP",16.53,1.03,1.21,16.95,3.05,20.00,,,,,,,"LTR"
"B","29-10-2019","2019-10-29 00:00:00 -0500",1,99,"B002",166657,,,," ",7,"GLP",5.79,1.03,1.21,5.93,1.07,7.00,,,,,,,"LTR"
"B","29-10-2019","2019-10-29 00:00:00 -0500",1,99,"B002",166656,,,," ",7,"GLP",4.13,1.03,1.21,4.24,0.76,5.00,,,,,,,"LTR"
"B","29-10-2019","2019-10-29 00:00:00 -0500",1,99,"B002",166655,,,," ",7,"GLP",8.26,1.03,1.21,8.47,1.53,10.00,,,,,,,"LTR"
"B","29-10-2019","2019-10-29 00:00:00 -0500",1,99,"B002",166654,,,," ",7,"GLP",5.79,1.03,1.21,5.93,1.07,7.00,,,,,,,"LTR"
"B","29-10-2019","2019-10-29 00:00:00 -0500",1,99,"B002",166653,,,," ",7,"GLP",8.26,1.03,1.21,8.47,1.53,10.00,,,,,,,"LTR"
"B","29-10-2019","2019-10-29 00:00:00 -0500",1,99,"B002",166652,,,," ",7,"GLP",52.23,1.03,1.21,53.56,9.64,63.20,,,,,,,"LTR"
"B","29-10-2019","2019-10-29 00:00:00 -0500",1,99,"B002",166651,,,," ",7,"GLP",3.31,1.03,1.21,3.39,0.61,4.00,,,,,,,"LTR"
"B","29-10-2019","2019-10-29 00:00:00 -0500",1,99,"B002",166650,,,," ",7,"GLP",8.26,1.03,1.21,8.47,1.53,10.00,,,,,,,"LTR"
"B","29-10-2019","2019-10-29 00:00:00 -0500",1,99,"B002",166649,,,," ",7,"GLP",9.92,1.03,1.21,10.17,1.83,12.00,,,,,,,"LTR"
"B","29-10-2019","2019-10-29 00:00:00 -0500",1,99,"B002",166648,,,," ",7,"GLP",8.26,1.03,1.21,8.47,1.53,10.00,,,,,,,"LTR"
"B","29-10-2019","2019-10-29 00:00:00 -0500",1,99,"B002",166647,,,," ",7,"GLP",12.4,1.03,1.21,12.71,2.29,15.00,,,,,,,"LTR"
"B","29-10-2019","2019-10-29 00:00:00 -0500",1,99,"B002",166646,,,," ",7,"GLP",12.65,1.03,1.21,12.97,2.33,15.30,,,,,,,"LTR"
"B","29-10-2019","2019-10-29 00:00:00 -0500",1,99,"B002",166645,,,," ",7,"GLP",8.26,1.03,1.21,8.47,1.53,10.00,,,,,,,"LTR"
"B","29-10-2019","2019-10-29 00:00:00 -0500",1,99,"B002",166644,,,," ",7,"GLP",9.34,1.03,1.21,9.58,1.72,11.30,,,,,,,"LTR"
"B","29-10-2019","2019-10-29 00:00:00 -0500",1,99,"B002",166643,,,," ",7,"GLP",4.13,1.03,1.21,4.24,0.76,5.00,,,,,,,"LTR"
"B","29-10-2019","2019-10-29 00:00:00 -0500",1,99,"B002",166642,,,," ",7,"GLP",5.79,1.03,1.21,5.93,1.07,7.00,,,,,,,"LTR"
"B","29-10-2019","2019-10-29 00:00:00 -0500",1,99,"B002",166641,,,," ",7,"GLP",12.4,1.03,1.21,12.71,2.29,15.00,,,,,,,"LTR"
"B","29-10-2019","2019-10-29 00:00:00 -0500",1,99,"B002",166640,,,," ",7,"GLP",4.13,1.03,1.21,4.24,0.76,5.00,,,,,,,"LTR"
"B","29-10-2019","2019-10-29 00:00:00 -0500",1,99,"B002",166639,,,," ",7,"GLP",5.79,1.03,1.21,5.93,1.07,7.00,,,,,,,"LTR"
"B","29-10-2019","2019-10-29 00:00:00 -0500",1,99,"B002",166638,,,," ",7,"GLP",8.26,1.03,1.21,8.47,1.53,10.00,,,,,,,"LTR"
"B","29-10-2019","2019-10-29 00:00:00 -0500",1,99,"B002",166637,,,," ",7,"GLP",5.79,1.03,1.21,5.93,1.07,7.00,,,,,,,"LTR"
"B","29-10-2019","2019-10-29 00:00:00 -0500",1,99,"B002",166636,,,," ",7,"GLP",4.96,1.03,1.21,5.08,0.92,6.00,,,,,,,"LTR"
"B","29-10-2019","2019-10-29 00:00:00 -0500",1,99,"B002",166635,,,," ",7,"GLP",4.13,1.03,1.21,4.24,0.76,5.00,,,,,,,"LTR"
"B","29-10-2019","2019-10-29 00:00:00 -0500",1,99,"B002",166634,,,," ",7,"GLP",11.57,1.03,1.21,11.86,2.14,14.00,,,,,,,"LTR"
"B","29-10-2019","2019-10-29 00:00:00 -0500",1,99,"B002",166633,,,," ",7,"GLP",4.13,1.03,1.21,4.24,0.76,5.00,,,,,,,"LTR"
"B","29-10-2019","2019-10-29 00:00:00 -0500",1,99,"B002",166632,,,," ",7,"GLP",8.26,1.03,1.21,8.47,1.53,10.00,,,,,,,"LTR"
"B","29-10-2019","2019-10-29 00:00:00 -0500",1,99,"B002",166631,,,," ",7,"GLP",10.74,1.03,1.21,11.02,1.98,13.00,,,,,,,"LTR"
"B","29-10-2019","2019-10-29 00:00:00 -0500",1,99,"B002",166630,,,," ",7,"GLP",15.55,1.03,1.21,15.94,2.87,18.81,,,,,,,"LTR"
"B","29-10-2019","2019-10-29 00:00:00 -0500",1,99,"B002",166629,,,," ",7,"GLP",23.93,1.03,1.21,24.54,4.42,28.96,,,,,,,"LTR"
"B","29-10-2019","2019-10-29 00:00:00 -0500",1,99,"B002",166628,,,," ",7,"GLP",16.53,1.03,1.21,16.95,3.05,20.00,,,,,,,"LTR"
"B","29-10-2019","2019-10-29 00:00:00 -0500",1,99,"B002",166627,,,," ",7,"GLP",8.26,1.03,1.21,8.47,1.53,10.00,,,,,,,"LTR"
"B","29-10-2019","2019-10-29 00:00:00 -0500",1,99,"B002",166626,,,," ",7,"GLP",4.13,1.03,1.21,4.24,0.76,5.00,,,,,,,"LTR"
"B","29-10-2019","2019-10-29 00:00:00 -0500",1,99,"B002",166625,,,," ",7,"GLP",8.26,1.03,1.21,8.47,1.53,10.00,,,,,,,"LTR"
"B","29-10-2019","2019-10-29 00:00:00 -0500",1,99,"B002",166624,,,," ",7,"GLP",6.61,1.03,1.21,6.78,1.22,8.00,,,,,,,"LTR"
"B","29-10-2019","2019-10-29 00:00:00 -0500",1,99,"B002",166623,,,," ",7,"GLP",4.13,1.03,1.21,4.24,0.76,5.00,,,,,,,"LTR"
"B","29-10-2019","2019-10-29 00:00:00 -0500",1,99,"B002",166622,,,," ",7,"GLP",7.44,1.03,1.21,7.63,1.37,9.00,,,,,,,"LTR"
"B","29-10-2019","2019-10-29 00:00:00 -0500",1,99,"B002",166621,,,," ",7,"GLP",4.96,1.03,1.21,5.08,0.92,6.00,,,,,,,"LTR"
"B","29-10-2019","2019-10-29 00:00:00 -0500",1,99,"B002",166620,,,," ",7,"GLP",12.4,1.03,1.21,12.71,2.29,15.00,,,,,,,"LTR"
"B","29-10-2019","2019-10-29 00:00:00 -0500",1,99,"B002",166619,,,," ",7,"GLP",17.52,1.03,1.21,17.97,3.23,21.20,,,,,,,"LTR"
"B","29-10-2019","2019-10-29 00:00:00 -0500",1,99,"B002",166618,,,," ",7,"GLP",10.91,1.03,1.21,11.19,2.01,13.20,,,,,,,"LTR"
"B","29-10-2019","2019-10-29 00:00:00 -0500",1,99,"B002",166617,,,," ",7,"GLP",5.79,1.03,1.21,5.93,1.07,7.00,,,,,,,"LTR"
"B","29-10-2019","2019-10-29 00:00:00 -0500",1,99,"B002",166616,,,," ",7,"GLP",33.06,1.03,1.21,33.90,6.10,40.00,,,,,,,"LTR"
"B","29-10-2019","2019-10-29 00:00:00 -0500",1,99,"B002",166615,,,," ",7,"GLP",9.92,1.03,1.21,10.17,1.83,12.00,,,,,,,"LTR"
"B","29-10-2019","2019-10-29 00:00:00 -0500",1,99,"B002",166614,,,," ",7,"GLP",8.26,1.03,1.21,8.47,1.53,10.00,,,,,,,"LTR"
"B","29-10-2019","2019-10-29 00:00:00 -0500",1,99,"B002",166613,,,," ",7,"GLP",8.26,1.03,1.21,8.47,1.53,10.00,,,,,,,"LTR"
"B","29-10-2019","2019-10-29 00:00:00 -0500",1,99,"B002",166612,,,," ",7,"GLP",4.96,1.03,1.21,5.08,0.92,6.00,,,,,,,"LTR"
"B","29-10-2019","2019-10-29 00:00:00 -0500",1,99,"B002",166611,,,," ",7,"GLP",7.76,1.03,1.21,7.96,1.43,9.39,,,,,,,"LTR"
"B","29-10-2019","2019-10-29 00:00:00 -0500",1,99,"B002",166610,,,," ",7,"GLP",5.79,1.03,1.21,5.93,1.07,7.00,,,,,,,"LTR"
"B","29-10-2019","2019-10-29 00:00:00 -0500",1,99,"B002",166609,,,," ",7,"GLP",5.79,1.03,1.21,5.93,1.07,7.00,,,,,,,"LTR"
"B","29-10-2019","2019-10-29 00:00:00 -0500",1,99,"B002",166608,,,," ",7,"GLP",3.31,1.03,1.21,3.39,0.61,4.00,,,,,,,"LTR"
"B","29-10-2019","2019-10-29 00:00:00 -0500",1,99,"B002",166607,,,," ",7,"GLP",4.98,1.03,1.21,5.11,0.92,6.03,,,,,,,"LTR"
"B","29-10-2019","2019-10-29 00:00:00 -0500",1,99,"B002",166606,,,," ",7,"GLP",4.13,1.03,1.21,4.24,0.76,5.00,,,,,,,"LTR"
"B","29-10-2019","2019-10-29 00:00:00 -0500",1,99,"B002",166605,,,," ",7,"GLP",8.26,1.03,1.21,8.47,1.53,10.00,,,,,,,"LTR"
"B","29-10-2019","2019-10-29 00:00:00 -0500",1,99,"B002",166604,,,," ",7,"GLP",8.26,1.03,1.21,8.47,1.53,10.00,,,,,,,"LTR"
"B","29-10-2019","2019-10-29 00:00:00 -0500",1,99,"B002",166603,,,," ",7,"GLP",10.33,1.03,1.21,10.59,1.91,12.50,,,,,,,"LTR"
"B","29-10-2019","2019-10-29 00:00:00 -0500",1,99,"B002",166602,,,," ",7,"GLP",12.4,1.03,1.21,12.71,2.29,15.00,,,,,,,"LTR"
"B","29-10-2019","2019-10-29 00:00:00 -0500",1,99,"B002",166601,,,," ",7,"GLP",8.18,1.03,1.21,8.39,1.51,9.90,,,,,,,"LTR"
"B","29-10-2019","2019-10-29 00:00:00 -0500",1,99,"B002",166600,,,," ",7,"GLP",10.63,1.03,1.21,10.90,1.96,12.86,,,,,,,"LTR"
"B","29-10-2019","2019-10-29 00:00:00 -0500",1,99,"B002",166599,,,," ",7,"GLP",4.96,1.03,1.21,5.08,0.92,6.00,,,,,,,"LTR"
"B","29-10-2019","2019-10-29 00:00:00 -0500",1,99,"B002",166598,,,," ",7,"GLP",9.09,1.03,1.21,9.32,1.68,11.00,,,,,,,"LTR"
"B","29-10-2019","2019-10-29 00:00:00 -0500",1,99,"B002",166597,,,," ",7,"GLP",4.13,1.03,1.21,4.24,0.76,5.00,,,,,,,"LTR"
"B","29-10-2019","2019-10-29 00:00:00 -0500",1,99,"B002",166596,,,," ",7,"GLP",4.13,1.03,1.21,4.24,0.76,5.00,,,,,,,"LTR"
"B","29-10-2019","2019-10-29 00:00:00 -0500",1,99,"B002",166595,,,," ",7,"GLP",8.26,1.03,1.21,8.47,1.53,10.00,,,,,,,"LTR"
"B","29-10-2019","2019-10-29 00:00:00 -0500",1,99,"B002",166594,,,," ",7,"GLP",22.07,1.03,1.21,22.63,4.07,26.70,,,,,,,"LTR"
"B","29-10-2019","2019-10-29 00:00:00 -0500",1,99,"B002",166593,,,," ",7,"GLP",31.41,1.03,1.21,32.20,5.80,38.00,,,,,,,"LTR"
"B","29-10-2019","2019-10-29 00:00:00 -0500",1,99,"B002",166592,,,," ",7,"GLP",4.13,1.03,1.21,4.24,0.76,5.00,,,,,,,"LTR"
"B","29-10-2019","2019-10-29 00:00:00 -0500",1,99,"B002",166591,,,," ",7,"GLP",8.26,1.03,1.21,8.47,1.53,10.00,,,,,,,"LTR"
"B","29-10-2019","2019-10-29 00:00:00 -0500",1,99,"B002",166590,,,," ",7,"GLP",4.13,1.03,1.21,4.24,0.76,5.00,,,,,,,"LTR"
"B","29-10-2019","2019-10-29 00:00:00 -0500",1,99,"B002",166589,,,," ",7,"GLP",8.1,1.03,1.21,8.31,1.49,9.80,,,,,,,"LTR"
"B","29-10-2019","2019-10-29 00:00:00 -0500",1,99,"B002",166588,,,," ",7,"GLP",5.79,1.03,1.21,5.93,1.07,7.00,,,,,,,"LTR"
"B","29-10-2019","2019-10-29 00:00:00 -0500",1,99,"B002",166587,,,," ",7,"GLP",4.13,1.03,1.21,4.24,0.76,5.00,,,,,,,"LTR"
"B","29-10-2019","2019-10-29 00:00:00 -0500",1,99,"B002",166586,,,," ",7,"GLP",12.4,1.03,1.21,12.71,2.29,15.00,,,,,,,"LTR"
"B","29-10-2019","2019-10-29 00:00:00 -0500",1,99,"B002",166585,,,," ",4,"Gasohol 98",0.65,13.13,15.49,8.47,1.53,10.00,,,,,,,"GLL"
"B","29-10-2019","2019-10-29 00:00:00 -0500",1,99,"B002",166584,,,," ",7,"GLP",8.26,1.03,1.21,8.47,1.53,10.00,,,,,,,"LTR"
"B","29-10-2019","2019-10-29 00:00:00 -0500",1,99,"B002",166583,,,," ",7,"GLP",11.23,1.03,1.21,11.52,2.07,13.59,,,,,,,"LTR"
"B","29-10-2019","2019-10-29 00:00:00 -0500",1,99,"B002",166582,,,," ",7,"GLP",22.31,1.03,1.21,22.88,4.12,27.00,,,,,,,"LTR"
"B","29-10-2019","2019-10-29 00:00:00 -0500",1,99,"B002",166581,,,," ",7,"GLP",4.96,1.03,1.21,5.08,0.92,6.00,,,,,,,"LTR"
"B","29-10-2019","2019-10-29 00:00:00 -0500",1,99,"B002",166580,,,," ",7,"GLP",9.09,1.03,1.21,9.32,1.68,11.00,,,,,,,"LTR"
"B","29-10-2019","2019-10-29 00:00:00 -0500",1,99,"B002",166579,,,," ",4,"Gasohol 98",0.65,13.13,15.49,8.47,1.53,10.00,,,,,,,"GLL"
"B","29-10-2019","2019-10-29 00:00:00 -0500",1,99,"B002",166578,,,," ",7,"GLP",12.4,1.03,1.21,12.71,2.29,15.00,,,,,,,"LTR"
"B","29-10-2019","2019-10-29 00:00:00 -0500",1,99,"B002",166577,,,," ",7,"GLP",9.92,1.03,1.21,10.17,1.83,12.00,,,,,,,"LTR"
"B","29-10-2019","2019-10-29 00:00:00 -0500",1,99,"B002",166576,,,," ",7,"GLP",8.26,1.03,1.21,8.47,1.53,10.00,,,,,,,"LTR"
"B","29-10-2019","2019-10-29 00:00:00 -0500",1,99,"B002",166575,,,," ",7,"GLP",24.79,1.03,1.21,25.42,4.58,30.00,,,,,,,"LTR"
"B","29-10-2019","2019-10-29 00:00:00 -0500",1,99,"B002",166574,,,," ",7,"GLP",8.26,1.03,1.21,8.47,1.53,10.00,,,,,,,"LTR"
"B","29-10-2019","2019-10-29 00:00:00 -0500",1,99,"B002",166573,,,," ",7,"GLP",8.26,1.03,1.21,8.47,1.53,10.00,,,,,,,"LTR"
"B","29-10-2019","2019-10-29 00:00:00 -0500",1,99,"B002",166572,,,," ",2,"Gasohol 90",0.79,10.75,12.69,8.47,1.53,10.00,,,,,,,"GLL"
"B","29-10-2019","2019-10-29 00:00:00 -0500",1,99,"B002",166571,,,," ",7,"GLP",4.13,1.03,1.21,4.24,0.76,5.00,,,,,,,"LTR"
"B","29-10-2019","2019-10-29 00:00:00 -0500",1,99,"B002",166570,,,," ",7,"GLP",8.26,1.03,1.21,8.47,1.53,10.00,,,,,,,"LTR"
"B","29-10-2019","2019-10-29 00:00:00 -0500",1,99,"B002",166569,,,," ",7,"GLP",5.79,1.03,1.21,5.93,1.07,7.00,,,,,,,"LTR"
"B","29-10-2019","2019-10-29 00:00:00 -0500",1,99,"B002",166568,,,," ",7,"GLP",9.92,1.03,1.21,10.17,1.83,12.00,,,,,,,"LTR"
"B","29-10-2019","2019-10-29 00:00:00 -0500",1,99,"B002",166567,,,," ",7,"GLP",9.09,1.03,1.21,9.32,1.68,11.00,,,,,,,"LTR"
"B","29-10-2019","2019-10-29 00:00:00 -0500",1,99,"B002",166566,,,," ",7,"GLP",8.26,1.03,1.21,8.47,1.53,10.00,,,,,,,"LTR"
"B","29-10-2019","2019-10-29 00:00:00 -0500",1,99,"B002",166565,,,," ",7,"GLP",3.72,1.03,1.21,3.81,0.69,4.50,,,,,,,"LTR"
"B","29-10-2019","2019-10-29 00:00:00 -0500",1,99,"B002",166564,,,," ",7,"GLP",4.96,1.03,1.21,5.08,0.92,6.00,,,,,,,"LTR"
"B","29-10-2019","2019-10-29 00:00:00 -0500",1,99,"B002",166563,,,," ",7,"GLP",18.18,1.03,1.21,18.64,3.36,22.00,,,,,,,"LTR"
"B","29-10-2019","2019-10-29 00:00:00 -0500",1,99,"B002",166562,,,," ",7,"GLP",8.26,1.03,1.21,8.47,1.53,10.00,,,,,,,"LTR"
"B","29-10-2019","2019-10-29 00:00:00 -0500",1,99,"B002",166561,,,," ",7,"GLP",9.92,1.03,1.21,10.17,1.83,12.00,,,,,,,"LTR"
"B","29-10-2019","2019-10-29 00:00:00 -0500",1,99,"B002",166560,,,," ",7,"GLP",4.13,1.03,1.21,4.24,0.76,5.00,,,,,,,"LTR"
"B","29-10-2019","2019-10-29 00:00:00 -0500",1,99,"B002",166559,,,," ",7,"GLP",8.26,1.03,1.21,8.47,1.53,10.00,,,,,,,"LTR"
"B","29-10-2019","2019-10-29 00:00:00 -0500",1,99,"B002",166558,,,," ",2,"Gasohol 90",0.39,10.75,12.69,4.24,0.76,5.00,,,,,,,"GLL"
"B","29-10-2019","2019-10-29 00:00:00 -0500",1,99,"B002",166557,,,," ",7,"GLP",14.05,1.03,1.21,14.41,2.59,17.00,,,,,,,"LTR"
"B","29-10-2019","2019-10-29 00:00:00 -0500",1,99,"B002",166556,,,," ",7,"GLP",2.48,1.03,1.21,2.54,0.46,3.00,,,,,,,"LTR"
"B","29-10-2019","2019-10-29 00:00:00 -0500",1,99,"B002",166555,,,," ",7,"GLP",9.42,1.03,1.21,9.66,1.74,11.40,,,,,,,"LTR"
"B","29-10-2019","2019-10-29 00:00:00 -0500",1,99,"B002",166554,,,," ",7,"GLP",8.26,1.03,1.21,8.47,1.53,10.00,,,,,,,"LTR"
"B","29-10-2019","2019-10-29 00:00:00 -0500",1,99,"B002",166553,,,," ",7,"GLP",27.4,1.03,1.21,28.09,5.06,33.15,,,,,,,"LTR"
"B","29-10-2019","2019-10-29 00:00:00 -0500",1,99,"B002",166552,,,," ",7,"GLP",5.79,1.03,1.21,5.93,1.07,7.00,,,,,,,"LTR"
"B","29-10-2019","2019-10-29 00:00:00 -0500",1,99,"B002",166551,,,," ",7,"GLP",9.92,1.03,1.21,10.17,1.83,12.00,,,,,,,"LTR"
"B","29-10-2019","2019-10-29 00:00:00 -0500",1,99,"B002",166550,,,," ",7,"GLP",8.26,1.03,1.21,8.47,1.53,10.00,,,,,,,"LTR"
"B","29-10-2019","2019-10-29 00:00:00 -0500",1,99,"B002",166549,,,," ",7,"GLP",12.79,1.03,1.21,13.11,2.36,15.47,,,,,,,"LTR"
"B","29-10-2019","2019-10-29 00:00:00 -0500",1,99,"B002",166548,,,," ",7,"GLP",4.13,1.03,1.21,4.24,0.76,5.00,,,,,,,"LTR"
"B","29-10-2019","2019-10-29 00:00:00 -0500",1,99,"B002",166547,,,," ",7,"GLP",4.96,1.03,1.21,5.08,0.92,6.00,,,,,,,"LTR"
"B","29-10-2019","2019-10-29 00:00:00 -0500",1,99,"B002",166546,,,," ",7,"GLP",4.14,1.03,1.21,4.25,0.76,5.01,,,,,,,"LTR"
"B","29-10-2019","2019-10-29 00:00:00 -0500",1,99,"B002",166545,,,," ",7,"GLP",8.26,1.03,1.21,8.47,1.53,10.00,,,,,,,"LTR"
"B","29-10-2019","2019-10-29 00:00:00 -0500",1,99,"B002",166544,,,," ",7,"GLP",6.61,1.03,1.21,6.78,1.22,8.00,,,,,,,"LTR"
"B","29-10-2019","2019-10-29 00:00:00 -0500",1,99,"B002",166543,,,," ",7,"GLP",8.26,1.03,1.21,8.47,1.53,10.00,,,,,,,"LTR"
"B","29-10-2019","2019-10-29 00:00:00 -0500",1,99,"B002",166542,,,," ",7,"GLP",7.77,1.03,1.21,7.97,1.43,9.40,,,,,,,"LTR"
"B","29-10-2019","2019-10-29 00:00:00 -0500",1,99,"B002",166541,,,," ",7,"GLP",8.26,1.03,1.21,8.47,1.53,10.00,,,,,,,"LTR"
"B","29-10-2019","2019-10-29 00:00:00 -0500",1,99,"B002",166540,,,," ",7,"GLP",14.05,1.03,1.21,14.41,2.59,17.00,,,,,,,"LTR"
"B","29-10-2019","2019-10-29 00:00:00 -0500",1,99,"B002",166539,,,," ",7,"GLP",4.13,1.03,1.21,4.24,0.76,5.00,,,,,,,"LTR"
"B","29-10-2019","2019-10-29 00:00:00 -0500",1,99,"B002",166538,,,," ",7,"GLP",6.61,1.03,1.21,6.78,1.22,8.00,,,,,,,"LTR"
"B","29-10-2019","2019-10-29 00:00:00 -0500",1,99,"B002",166537,,,," ",7,"GLP",8.26,1.03,1.21,8.47,1.53,10.00,,,,,,,"LTR"
"B","29-10-2019","2019-10-29 00:00:00 -0500",1,99,"B002",166536,,,," ",7,"GLP",8.26,1.03,1.21,8.47,1.53,10.00,,,,,,,"LTR"
"B","29-10-2019","2019-10-29 00:00:00 -0500",1,99,"B002",166535,,,," ",7,"GLP",12.4,1.03,1.21,12.71,2.29,15.00,,,,,,,"LTR"
"B","29-10-2019","2019-10-29 00:00:00 -0500",1,99,"B002",166534,,,," ",7,"GLP",26.03,1.03,1.21,26.69,4.81,31.50,,,,,,,"LTR"
"B","29-10-2019","2019-10-29 00:00:00 -0500",1,99,"B002",166533,,,," ",7,"GLP",4.13,1.03,1.21,4.24,0.76,5.00,,,,,,,"LTR"
"B","29-10-2019","2019-10-29 00:00:00 -0500",1,99,"B002",166532,,,," ",7,"GLP",8.26,1.03,1.21,8.47,1.53,10.00,,,,,,,"LTR"
"B","29-10-2019","2019-10-29 00:00:00 -0500",1,99,"B002",166531,,,," ",7,"GLP",10.01,1.03,1.21,10.26,1.85,12.11,,,,,,,"LTR"
"B","29-10-2019","2019-10-29 00:00:00 -0500",1,99,"B002",166530,,,," ",7,"GLP",4.96,1.03,1.21,5.08,0.92,6.00,,,,,,,"LTR"
"B","29-10-2019","2019-10-29 00:00:00 -0500",1,99,"B002",166529,,,," ",7,"GLP",4.96,1.03,1.21,5.08,0.92,6.00,,,,,,,"LTR"
"B","29-10-2019","2019-10-29 00:00:00 -0500",1,99,"B002",166528,,,," ",7,"GLP",5.79,1.03,1.21,5.93,1.07,7.00,,,,,,,"LTR"
"B","29-10-2019","2019-10-29 00:00:00 -0500",1,99,"B002",166527,,,," ",7,"GLP",4.96,1.03,1.21,5.08,0.92,6.00,,,,,,,"LTR"
"B","29-10-2019","2019-10-29 00:00:00 -0500",1,99,"B002",166526,,,," ",7,"GLP",7.85,1.03,1.21,8.05,1.45,9.50,,,,,,,"LTR"
"B","29-10-2019","2019-10-29 00:00:00 -0500",1,99,"B002",166525,,,," ",7,"GLP",9.92,1.03,1.21,10.17,1.83,12.00,,,,,,,"LTR"
"B","29-10-2019","2019-10-29 00:00:00 -0500",1,99,"B002",166524,,,," ",7,"GLP",8.26,1.03,1.21,8.47,1.53,10.00,,,,,,,"LTR"
"B","29-10-2019","2019-10-29 00:00:00 -0500",1,99,"B002",166523,,,," ",7,"GLP",8.6,1.03,1.21,8.81,1.59,10.40,,,,,,,"LTR"
"B","29-10-2019","2019-10-29 00:00:00 -0500",1,99,"B002",166522,,,," ",7,"GLP",4.96,1.03,1.21,5.08,0.92,6.00,,,,,,,"LTR"
"B","29-10-2019","2019-10-29 00:00:00 -0500",1,99,"B002",166521,,,," ",7,"GLP",20.66,1.03,1.21,21.19,3.81,25.00,,,,,,,"LTR"
"B","29-10-2019","2019-10-29 00:00:00 -0500",1,99,"B002",166520,,,," ",7,"GLP",24.79,1.03,1.21,25.42,4.58,30.00,,,,,,,"LTR"
"B","29-10-2019","2019-10-29 00:00:00 -0500",1,99,"B002",166519,,,," ",7,"GLP",12.4,1.03,1.21,12.71,2.29,15.00,,,,,,,"LTR"
"B","29-10-2019","2019-10-29 00:00:00 -0500",1,99,"B002",166518,,,," ",7,"GLP",9.92,1.03,1.21,10.17,1.83,12.00,,,,,,,"LTR"
"B","29-10-2019","2019-10-29 00:00:00 -0500",1,99,"B002",166517,,,," ",7,"GLP",12.4,1.03,1.21,12.71,2.29,15.00,,,,,,,"LTR"
"B","29-10-2019","2019-10-29 00:00:00 -0500",1,99,"B002",166516,,,," ",7,"GLP",7.03,1.03,1.21,7.20,1.30,8.50,,,,,,,"LTR"
"B","29-10-2019","2019-10-29 00:00:00 -0500",1,99,"B002",166515,,,," ",7,"GLP",16.53,1.03,1.21,16.95,3.05,20.00,,,,,,,"LTR"
"B","29-10-2019","2019-10-29 00:00:00 -0500",1,99,"B002",166514,,,," ",7,"GLP",16.53,1.03,1.21,16.95,3.05,20.00,,,,,,,"LTR"
"B","29-10-2019","2019-10-29 00:00:00 -0500",1,99,"B002",166513,,,," ",7,"GLP",8.26,1.03,1.21,8.47,1.53,10.00,,,,,,,"LTR"
"B","29-10-2019","2019-10-29 00:00:00 -0500",1,99,"B002",166512,,,," ",7,"GLP",9.09,1.03,1.21,9.32,1.68,11.00,,,,,,,"LTR"
"B","29-10-2019","2019-10-29 00:00:00 -0500",1,99,"B002",166511,,,," ",7,"GLP",11.57,1.03,1.21,11.86,2.14,14.00,,,,,,,"LTR"
"B","29-10-2019","2019-10-29 00:00:00 -0500",1,99,"B002",166510,,,," ",7,"GLP",6.61,1.03,1.21,6.78,1.22,8.00,,,,,,,"LTR"
"B","29-10-2019","2019-10-29 00:00:00 -0500",1,99,"B002",166509,,,," ",7,"GLP",4.96,1.03,1.21,5.08,0.92,6.00,,,,,,,"LTR"
"B","29-10-2019","2019-10-29 00:00:00 -0500",1,99,"B002",166508,,,," ",7,"GLP",16.53,1.03,1.21,16.95,3.05,20.00,,,,,,,"LTR"
"B","29-10-2019","2019-10-29 00:00:00 -0500",1,99,"B002",166507,,,," ",7,"GLP",12.14,1.03,1.21,12.45,2.24,14.69,,,,,,,"LTR"
"B","29-10-2019","2019-10-29 00:00:00 -0500",1,99,"B002",166506,,,," ",7,"GLP",5.79,1.03,1.21,5.93,1.07,7.00,,,,,,,"LTR"
"B","29-10-2019","2019-10-29 00:00:00 -0500",1,99,"B002",166505,,,," ",7,"GLP",41.39,1.03,1.21,42.44,7.64,50.08,,,,,,,"LTR"
"B","29-10-2019","2019-10-29 00:00:00 -0500",1,99,"B002",166504,,,," ",7,"GLP",5.79,1.03,1.21,5.93,1.07,7.00,,,,,,,"LTR"
"B","29-10-2019","2019-10-29 00:00:00 -0500",1,99,"B002",166503,,,," ",7,"GLP",10.17,1.03,1.21,10.42,1.88,12.30,,,,,,,"LTR"
"B","29-10-2019","2019-10-29 00:00:00 -0500",1,99,"B002",166502,,,," ",7,"GLP",4.13,1.03,1.21,4.24,0.76,5.00,,,,,,,"LTR"
"B","29-10-2019","2019-10-29 00:00:00 -0500",1,99,"B002",166501,,,," ",7,"GLP",8.26,1.03,1.21,8.47,1.53,10.00,,,,,,,"LTR"
"B","29-10-2019","2019-10-29 00:00:00 -0500",1,99,"B002",166500,,,," ",7,"GLP",6.61,1.03,1.21,6.78,1.22,8.00,,,,,,,"LTR"
"B","29-10-2019","2019-10-29 00:00:00 -0500",1,99,"B002",166499,,,," ",7,"GLP",4.05,1.03,1.21,4.15,0.75,4.90,,,,,,,"LTR"
"B","29-10-2019","2019-10-29 00:00:00 -0500",1,99,"B002",166498,,,," ",7,"GLP",5.79,1.03,1.21,5.93,1.07,7.00,,,,,,,"LTR"
"B","29-10-2019","2019-10-29 00:00:00 -0500",1,99,"B002",166497,,,," ",7,"GLP",5.79,1.03,1.21,5.93,1.07,7.00,,,,,,,"LTR"
"B","29-10-2019","2019-10-29 00:00:00 -0500",1,99,"B002",166496,,,," ",7,"GLP",7.85,1.03,1.21,8.05,1.45,9.50,,,,,,,"LTR"
"B","29-10-2019","2019-10-29 00:00:00 -0500",1,99,"B002",166495,,,," ",7,"GLP",4.13,1.03,1.21,4.24,0.76,5.00,,,,,,,"LTR"
"B","29-10-2019","2019-10-29 00:00:00 -0500",1,99,"B002",166494,,,," ",7,"GLP",5.79,1.03,1.21,5.93,1.07,7.00,,,,,,,"LTR"
"B","29-10-2019","2019-10-29 00:00:00 -0500",1,99,"B002",166493,,,," ",7,"GLP",12.4,1.03,1.21,12.71,2.29,15.00,,,,,,,"LTR"
"B","29-10-2019","2019-10-29 00:00:00 -0500",1,99,"B002",166492,,,," ",7,"GLP",5.79,1.03,1.21,5.93,1.07,7.00,,,,,,,"LTR"
"B","29-10-2019","2019-10-29 00:00:00 -0500",1,99,"B002",166491,,,," ",7,"GLP",10.74,1.03,1.21,11.02,1.98,13.00,,,,,,,"LTR"
"B","29-10-2019","2019-10-29 00:00:00 -0500",1,99,"B002",166490,,,," ",7,"GLP",12.4,1.03,1.21,12.71,2.29,15.00,,,,,,,"LTR"
"B","29-10-2019","2019-10-29 00:00:00 -0500",1,99,"B002",166489,,,," ",7,"GLP",9.92,1.03,1.21,10.17,1.83,12.00,,,,,,,"LTR"
"B","29-10-2019","2019-10-29 00:00:00 -0500",1,99,"B002",166488,,,," ",7,"GLP",33.06,1.03,1.21,33.90,6.10,40.00,,,,,,,"LTR"
"B","29-10-2019","2019-10-29 00:00:00 -0500",1,99,"B002",166487,,,," ",7,"GLP",4.13,1.03,1.21,4.24,0.76,5.00,,,,,,,"LTR"
"B","29-10-2019","2019-10-29 00:00:00 -0500",1,99,"B002",166486,,,," ",7,"GLP",11.88,1.03,1.21,12.18,2.19,14.37,,,,,,,"LTR"
"B","29-10-2019","2019-10-29 00:00:00 -0500",1,99,"B002",166485,,,," ",7,"GLP",7.44,1.03,1.21,7.63,1.37,9.00,,,,,,,"LTR"
"B","29-10-2019","2019-10-29 00:00:00 -0500",1,99,"B002",166484,,,," ",7,"GLP",25.87,1.03,1.21,26.53,4.77,31.30,,,,,,,"LTR"
"B","29-10-2019","2019-10-29 00:00:00 -0500",1,99,"B002",166483,,,," ",7,"GLP",4.96,1.03,1.21,5.08,0.92,6.00,,,,,,,"LTR"
"B","29-10-2019","2019-10-29 00:00:00 -0500",1,99,"B002",166482,,,," ",7,"GLP",10.74,1.03,1.21,11.02,1.98,13.00,,,,,,,"LTR"
"B","29-10-2019","2019-10-29 00:00:00 -0500",1,99,"B002",166481,,,," ",7,"GLP",11.98,1.03,1.21,12.28,2.21,14.49,,,,,,,"LTR"
"B","29-10-2019","2019-10-29 00:00:00 -0500",1,99,"B002",166480,,,," ",7,"GLP",8.26,1.03,1.21,8.47,1.53,10.00,,,,,,,"LTR"
"B","29-10-2019","2019-10-29 00:00:00 -0500",1,99,"B002",166479,,,," ",7,"GLP",16.53,1.03,1.21,16.95,3.05,20.00,,,,,,,"LTR"
"B","29-10-2019","2019-10-29 00:00:00 -0500",1,99,"B002",166478,,,," ",7,"GLP",16.53,1.03,1.21,16.95,3.05,20.00,,,,,,,"LTR"
"B","29-10-2019","2019-10-29 00:00:00 -0500",1,99,"B002",166477,,,," ",7,"GLP",4.13,1.03,1.21,4.24,0.76,5.00,,,,,,,"LTR"
"B","29-10-2019","2019-10-29 00:00:00 -0500",1,99,"B002",166476,,,," ",7,"GLP",4.13,1.03,1.21,4.24,0.76,5.00,,,,,,,"LTR"
"B","29-10-2019","2019-10-29 00:00:00 -0500",1,99,"B002",166475,,,," ",7,"GLP",1.65,1.03,1.21,1.69,0.31,2.00,,,,,,,"LTR"
"B","29-10-2019","2019-10-29 00:00:00 -0500",1,99,"B002",166474,,,," ",7,"GLP",8.26,1.03,1.21,8.47,1.53,10.00,,,,,,,"LTR"
"B","29-10-2019","2019-10-29 00:00:00 -0500",1,99,"B002",166473,,,," ",7,"GLP",4.13,1.03,1.21,4.24,0.76,5.00,,,,,,,"LTR"
"B","29-10-2019","2019-10-29 00:00:00 -0500",1,99,"B002",166472,,,," ",7,"GLP",4.96,1.03,1.21,5.08,0.92,6.00,,,,,,,"LTR"
"B","29-10-2019","2019-10-29 00:00:00 -0500",1,99,"B002",166471,,,," ",7,"GLP",4.13,1.03,1.21,4.24,0.76,5.00,,,,,,,"LTR"
"B","29-10-2019","2019-10-29 00:00:00 -0500",1,99,"B002",166470,,,," ",7,"GLP",8.43,1.03,1.21,8.64,1.56,10.20,,,,,,,"LTR"
"B","29-10-2019","2019-10-29 00:00:00 -0500",1,99,"B002",166469,,,," ",7,"GLP",22.65,1.03,1.21,23.22,4.18,27.40,,,,,,,"LTR"
"B","29-10-2019","2019-10-29 00:00:00 -0500",1,99,"B002",166468,,,," ",7,"GLP",11.74,1.03,1.21,12.03,2.17,14.20,,,,,,,"LTR"
"B","29-10-2019","2019-10-29 00:00:00 -0500",1,99,"B002",166467,,,," ",7,"GLP",8.26,1.03,1.21,8.47,1.53,10.00,,,,,,,"LTR"
"B","29-10-2019","2019-10-29 00:00:00 -0500",1,99,"B002",166466,,,," ",7,"GLP",4.96,1.03,1.21,5.08,0.92,6.00,,,,,,,"LTR"
"B","29-10-2019","2019-10-29 00:00:00 -0500",1,99,"B002",166465,,,," ",7,"GLP",4.13,1.03,1.21,4.24,0.76,5.00,,,,,,,"LTR"
"B","29-10-2019","2019-10-29 00:00:00 -0500",1,99,"B002",166464,,,," ",7,"GLP",4.96,1.03,1.21,5.08,0.92,6.00,,,,,,,"LTR"
"B","29-10-2019","2019-10-29 00:00:00 -0500",1,99,"B002",166463,,,," ",7,"GLP",16.28,1.03,1.21,16.69,3.01,19.70,,,,,,,"LTR"
"B","29-10-2019","2019-10-29 00:00:00 -0500",1,99,"B002",166462,,,," ",7,"GLP",9.92,1.03,1.21,10.17,1.83,12.00,,,,,,,"LTR"
"B","29-10-2019","2019-10-29 00:00:00 -0500",1,99,"B002",166461,,,," ",7,"GLP",5.96,1.03,1.21,6.11,1.10,7.21,,,,,,,"LTR"
"B","29-10-2019","2019-10-29 00:00:00 -0500",1,99,"B002",166460,,,," ",7,"GLP",9.92,1.03,1.21,10.17,1.83,12.00,,,,,,,"LTR"
"B","29-10-2019","2019-10-29 00:00:00 -0500",1,99,"B002",166459,,,," ",7,"GLP",6.61,1.03,1.21,6.78,1.22,8.00,,,,,,,"LTR"
"B","29-10-2019","2019-10-29 00:00:00 -0500",1,99,"B002",166458,,,," ",7,"GLP",5.79,1.03,1.21,5.93,1.07,7.00,,,,,,,"LTR"
"B","29-10-2019","2019-10-29 00:00:00 -0500",1,99,"B002",166457,,,," ",7,"GLP",4.13,1.03,1.21,4.24,0.76,5.00,,,,,,,"LTR"
"B","29-10-2019","2019-10-29 00:00:00 -0500",1,99,"B002",166456,,,," ",7,"GLP",8.26,1.03,1.21,8.47,1.53,10.00,,,,,,,"LTR"
"B","29-10-2019","2019-10-29 00:00:00 -0500",1,99,"B002",166455,,,," ",7,"GLP",9.69,1.03,1.21,9.93,1.79,11.72,,,,,,,"LTR"
"B","29-10-2019","2019-10-29 00:00:00 -0500",1,99,"B002",166454,,,," ",7,"GLP",12.4,1.03,1.21,12.71,2.29,15.00,,,,,,,"LTR"
"B","29-10-2019","2019-10-29 00:00:00 -0500",1,99,"B002",166453,,,," ",7,"GLP",28.93,1.03,1.21,29.66,5.34,35.00,,,,,,,"LTR"
"B","29-10-2019","2019-10-29 00:00:00 -0500",1,99,"B002",166452,,,," ",7,"GLP",4.13,1.03,1.21,4.24,0.76,5.00,,,,,,,"LTR"
"B","29-10-2019","2019-10-29 00:00:00 -0500",1,99,"B002",166451,,,," ",7,"GLP",6.61,1.03,1.21,6.78,1.22,8.00,,,,,,,"LTR"
"B","29-10-2019","2019-10-29 00:00:00 -0500",1,99,"B002",166450,,,," ",7,"GLP",24.79,1.03,1.21,25.42,4.58,30.00,,,,,,,"LTR"
"B","29-10-2019","2019-10-29 00:00:00 -0500",1,99,"B002",166449,,,," ",7,"GLP",8.26,1.03,1.21,8.47,1.53,10.00,,,,,,,"LTR"
"B","29-10-2019","2019-10-29 00:00:00 -0500",1,99,"B002",166448,,,," ",7,"GLP",8.26,1.03,1.21,8.47,1.53,10.00,,,,,,,"LTR"
"B","29-10-2019","2019-10-29 00:00:00 -0500",1,99,"B002",166447,,,," ",7,"GLP",7.03,1.03,1.21,7.20,1.30,8.50,,,,,,,"LTR"
"B","29-10-2019","2019-10-29 00:00:00 -0500",1,99,"B002",166446,,,," ",7,"GLP",0.66,1.03,1.21,0.68,0.12,0.80,,,,,,,"LTR"
"B","29-10-2019","2019-10-29 00:00:00 -0500",1,99,"B002",166445,,,," ",7,"GLP",8.26,1.03,1.21,8.47,1.53,10.00,,,,,,,"LTR"
"B","29-10-2019","2019-10-29 00:00:00 -0500",1,99,"B002",166444,,,," ",2,"Gasohol 90",0.79,10.75,12.69,8.47,1.53,10.00,,,,,,,"GLL"
"B","29-10-2019","2019-10-29 00:00:00 -0500",1,99,"B002",166443,,,," ",7,"GLP",23.97,1.03,1.21,24.58,4.42,29.00,,,,,,,"LTR"
"B","29-10-2019","2019-10-29 00:00:00 -0500",1,99,"B002",166442,,,," ",7,"GLP",33.06,1.03,1.21,33.90,6.10,40.00,,,,,,,"LTR"
"B","29-10-2019","2019-10-29 00:00:00 -0500",1,99,"B002",166441,,,," ",7,"GLP",8.26,1.03,1.21,8.47,1.53,10.00,,,,,,,"LTR"
"B","29-10-2019","2019-10-29 00:00:00 -0500",1,99,"B002",166440,,,," ",7,"GLP",8.26,1.03,1.21,8.47,1.53,10.00,,,,,,,"LTR"
"B","29-10-2019","2019-10-29 00:00:00 -0500",1,99,"B002",166439,,,," ",7,"GLP",3.31,1.03,1.21,3.39,0.61,4.00,,,,,,,"LTR"
"B","29-10-2019","2019-10-29 00:00:00 -0500",1,99,"B002",166438,,,," ",7,"GLP",5.79,1.03,1.21,5.93,1.07,7.00,,,,,,,"LTR"
"B","29-10-2019","2019-10-29 00:00:00 -0500",1,99,"B002",166437,,,," ",7,"GLP",7.44,1.03,1.21,7.63,1.37,9.00,,,,,,,"LTR"
"B","29-10-2019","2019-10-29 00:00:00 -0500",1,99,"B002",166436,,,," ",7,"GLP",11.57,1.03,1.21,11.86,2.14,14.00,,,,,,,"LTR"
"B","29-10-2019","2019-10-29 00:00:00 -0500",1,99,"B002",166435,,,," ",7,"GLP",16.53,1.03,1.21,16.95,3.05,20.00,,,,,,,"LTR"
"B","29-10-2019","2019-10-29 00:00:00 -0500",1,99,"B002",166434,,,," ",7,"GLP",12.4,1.03,1.21,12.71,2.29,15.00,,,,,,,"LTR"
"B","29-10-2019","2019-10-29 00:00:00 -0500",1,99,"B002",166433,,,," ",7,"GLP",4.13,1.03,1.21,4.24,0.76,5.00,,,,,,,"LTR"
"B","29-10-2019","2019-10-29 00:00:00 -0500",1,99,"B002",166432,,,," ",7,"GLP",9.92,1.03,1.21,10.17,1.83,12.00,,,,,,,"LTR"
"B","29-10-2019","2019-10-29 00:00:00 -0500",1,99,"B002",166431,,,," ",7,"GLP",4.13,1.03,1.21,4.24,0.76,5.00,,,,,,,"LTR"
"B","29-10-2019","2019-10-29 00:00:00 -0500",1,99,"B002",166430,,,," ",7,"GLP",3.31,1.03,1.21,3.39,0.61,4.00,,,,,,,"LTR"
"B","29-10-2019","2019-10-29 00:00:00 -0500",1,99,"B002",166429,,,," ",7,"GLP",4.96,1.03,1.21,5.08,0.92,6.00,,,,,,,"LTR"
"B","29-10-2019","2019-10-29 00:00:00 -0500",1,99,"B002",166428,,,," ",7,"GLP",5.79,1.03,1.21,5.93,1.07,7.00,,,,,,,"LTR"
"B","29-10-2019","2019-10-29 00:00:00 -0500",1,99,"B002",166427,,,," ",7,"GLP",4.13,1.03,1.21,4.24,0.76,5.00,,,,,,,"LTR"
"B","29-10-2019","2019-10-29 00:00:00 -0500",1,99,"B002",166426,,,," ",7,"GLP",8.26,1.03,1.21,8.47,1.53,10.00,,,,,,,"LTR"
"B","29-10-2019","2019-10-29 00:00:00 -0500",1,99,"B002",166425,,,," ",7,"GLP",8.26,1.03,1.21,8.47,1.53,10.00,,,,,,,"LTR"
"B","29-10-2019","2019-10-29 00:00:00 -0500",1,99,"B002",166424,,,," ",7,"GLP",12.66,1.03,1.21,12.98,2.34,15.32,,,,,,,"LTR"
"B","29-10-2019","2019-10-29 00:00:00 -0500",1,99,"B002",166423,,,," ",7,"GLP",7.77,1.03,1.21,7.97,1.43,9.40,,,,,,,"LTR"
"B","29-10-2019","2019-10-29 00:00:00 -0500",1,99,"B002",166422,,,," ",7,"GLP",8.26,1.03,1.21,8.47,1.53,10.00,,,,,,,"LTR"
"B","29-10-2019","2019-10-29 00:00:00 -0500",1,99,"B002",166421,,,," ",7,"GLP",4.13,1.03,1.21,4.24,0.76,5.00,,,,,,,"LTR"
"B","29-10-2019","2019-10-29 00:00:00 -0500",1,99,"B002",166420,,,," ",7,"GLP",4.13,1.03,1.21,4.24,0.76,5.00,,,,,,,"LTR"
"B","29-10-2019","2019-10-29 00:00:00 -0500",1,99,"B002",166419,,,," ",7,"GLP",4.96,1.03,1.21,5.08,0.92,6.00,,,,,,,"LTR"
"B","29-10-2019","2019-10-29 00:00:00 -0500",1,99,"B002",166418,,,," ",7,"GLP",7.44,1.03,1.21,7.63,1.37,9.00,,,,,,,"LTR"
"B","29-10-2019","2019-10-29 00:00:00 -0500",1,99,"B002",166417,,,," ",7,"GLP",16.53,1.03,1.21,16.95,3.05,20.00,,,,,,,"LTR"
"B","29-10-2019","2019-10-29 00:00:00 -0500",1,99,"B002",166416,,,," ",7,"GLP",5.79,1.03,1.21,5.93,1.07,7.00,,,,,,,"LTR"
"B","29-10-2019","2019-10-29 00:00:00 -0500",1,99,"B002",166415,,,," ",7,"GLP",8.26,1.03,1.21,8.47,1.53,10.00,,,,,,,"LTR"
"B","29-10-2019","2019-10-29 00:00:00 -0500",1,99,"B002",166414,,,," ",7,"GLP",8.76,1.03,1.21,8.98,1.62,10.60,,,,,,,"LTR"
"B","29-10-2019","2019-10-29 00:00:00 -0500",1,99,"B002",166413,,,," ",7,"GLP",16.53,1.03,1.21,16.95,3.05,20.00,,,,,,,"LTR"
"B","29-10-2019","2019-10-29 00:00:00 -0500",1,99,"B002",166412,,,," ",7,"GLP",8.26,1.03,1.21,8.47,1.53,10.00,,,,,,,"LTR"
"B","29-10-2019","2019-10-29 00:00:00 -0500",1,99,"B002",166411,,,," ",7,"GLP",5.79,1.03,1.21,5.93,1.07,7.00,,,,,,,"LTR"
"B","29-10-2019","2019-10-29 00:00:00 -0500",1,99,"B002",166410,,,," ",7,"GLP",13.92,1.03,1.21,14.27,2.57,16.84,,,,,,,"LTR"
"B","29-10-2019","2019-10-29 00:00:00 -0500",1,99,"B002",166409,,,," ",7,"GLP",4.96,1.03,1.21,5.08,0.92,6.00,,,,,,,"LTR"
"B","29-10-2019","2019-10-29 00:00:00 -0500",1,99,"B002",166408,,,," ",7,"GLP",8.26,1.03,1.21,8.47,1.53,10.00,,,,,,,"LTR"
"B","29-10-2019","2019-10-29 00:00:00 -0500",1,99,"B002",166407,,,," ",7,"GLP",9.92,1.03,1.21,10.17,1.83,12.00,,,,,,,"LTR"
"B","29-10-2019","2019-10-29 00:00:00 -0500",1,99,"B002",166406,,,," ",7,"GLP",6.61,1.03,1.21,6.78,1.22,8.00,,,,,,,"LTR"
"B","29-10-2019","2019-10-29 00:00:00 -0500",1,99,"B002",166405,,,," ",7,"GLP",6.61,1.03,1.21,6.78,1.22,8.00,,,,,,,"LTR"
"B","29-10-2019","2019-10-29 00:00:00 -0500",1,99,"B002",166404,,,," ",7,"GLP",10.76,1.03,1.21,11.03,1.99,13.02,,,,,,,"LTR"
"B","29-10-2019","2019-10-29 00:00:00 -0500",1,99,"B002",166403,,,," ",7,"GLP",10.74,1.03,1.21,11.02,1.98,13.00,,,,,,,"LTR"
"B","29-10-2019","2019-10-29 00:00:00 -0500",1,99,"B002",166402,,,," ",7,"GLP",8.26,1.03,1.21,8.47,1.53,10.00,,,,,,,"LTR"
"B","29-10-2019","2019-10-29 00:00:00 -0500",1,99,"B002",166401,,,," ",7,"GLP",4.13,1.03,1.21,4.24,0.76,5.00,,,,,,,"LTR"
"B","29-10-2019","2019-10-29 00:00:00 -0500",1,99,"B002",166400,,,," ",7,"GLP",12.4,1.03,1.21,12.71,2.29,15.00,,,,,,,"LTR"
"B","29-10-2019","2019-10-29 00:00:00 -0500",1,99,"B002",166399,,,," ",7,"GLP",9.09,1.03,1.21,9.32,1.68,11.00,,,,,,,"LTR"
"B","29-10-2019","2019-10-29 00:00:00 -0500",1,99,"B002",166398,,,," ",7,"GLP",5.79,1.03,1.21,5.93,1.07,7.00,,,,,,,"LTR"
"B","29-10-2019","2019-10-29 00:00:00 -0500",1,99,"B002",166397,,,," ",7,"GLP",4.13,1.03,1.21,4.24,0.76,5.00,,,,,,,"LTR"
"B","29-10-2019","2019-10-29 00:00:00 -0500",1,99,"B002",166396,,,," ",7,"GLP",5.79,1.03,1.21,5.93,1.07,7.00,,,,,,,"LTR"
"B","29-10-2019","2019-10-29 00:00:00 -0500",1,99,"B002",166395,,,," ",7,"GLP",4.13,1.03,1.21,4.24,0.76,5.00,,,,,,,"LTR"
"B","29-10-2019","2019-10-29 00:00:00 -0500",1,99,"B002",166394,,,," ",7,"GLP",8.26,1.03,1.21,8.47,1.53,10.00,,,,,,,"LTR"
"B","29-10-2019","2019-10-29 00:00:00 -0500",1,99,"B002",166393,,,," ",7,"GLP",8.26,1.03,1.21,8.47,1.53,10.00,,,,,,,"LTR"
"B","29-10-2019","2019-10-29 00:00:00 -0500",1,99,"B002",166392,,,," ",7,"GLP",5.79,1.03,1.21,5.93,1.07,7.00,,,,,,,"LTR"
"B","29-10-2019","2019-10-29 00:00:00 -0500",1,99,"B002",166391,,,," ",7,"GLP",4.96,1.03,1.21,5.08,0.92,6.00,,,,,,,"LTR"
"B","29-10-2019","2019-10-29 00:00:00 -0500",1,99,"B002",166390,,,," ",5,"DieselPro B5 S50 UV",3.38,10.03,11.84,33.90,6.10,40.00,,,,,,,"GLL"
"B","29-10-2019","2019-10-29 00:00:00 -0500",1,99,"B002",166389,,,," ",7,"GLP",4.13,1.03,1.21,4.24,0.76,5.00,,,,,,,"LTR"
"B","29-10-2019","2019-10-29 00:00:00 -0500",1,99,"B002",166388,,,," ",7,"GLP",8.26,1.03,1.21,8.47,1.53,10.00,,,,,,,"LTR"
"B","29-10-2019","2019-10-29 00:00:00 -0500",1,99,"B002",166387,,,," ",7,"GLP",6.61,1.03,1.21,6.78,1.22,8.00,,,,,,,"LTR"
"B","29-10-2019","2019-10-29 00:00:00 -0500",1,99,"B002",166386,,,," ",7,"GLP",4.48,1.03,1.21,4.59,0.83,5.42,,,,,,,"LTR"
"B","29-10-2019","2019-10-29 00:00:00 -0500",1,99,"B002",166385,,,," ",7,"GLP",4.13,1.03,1.21,4.24,0.76,5.00,,,,,,,"LTR"
"B","29-10-2019","2019-10-29 00:00:00 -0500",1,99,"B002",166384,,,," ",7,"GLP",8.26,1.03,1.21,8.47,1.53,10.00,,,,,,,"LTR"
"B","29-10-2019","2019-10-29 00:00:00 -0500",1,99,"B002",166383,,,," ",7,"GLP",4.14,1.03,1.21,4.25,0.76,5.01,,,,,,,"LTR"
"B","29-10-2019","2019-10-29 00:00:00 -0500",1,99,"B002",166382,,,," ",7,"GLP",8.26,1.03,1.21,8.47,1.53,10.00,,,,,,,"LTR"
"B","29-10-2019","2019-10-29 00:00:00 -0500",1,99,"B002",166381,,,," ",7,"GLP",5.79,1.03,1.21,5.93,1.07,7.00,,,,,,,"LTR"
"B","29-10-2019","2019-10-29 00:00:00 -0500",1,99,"B002",166380,,,," ",7,"GLP",12.56,1.03,1.21,12.88,2.32,15.20,,,,,,,"LTR"
"B","29-10-2019","2019-10-29 00:00:00 -0500",1,99,"B002",166379,,,," ",7,"GLP",3.98,1.03,1.21,4.08,0.73,4.81,,,,,,,"LTR"
"B","29-10-2019","2019-10-29 00:00:00 -0500",1,99,"B002",166378,,,," ",4,"Gasohol 98",3.23,13.13,15.49,42.37,7.63,50.00,,,,,,,"GLL"
"B","29-10-2019","2019-10-29 00:00:00 -0500",1,99,"B002",166377,,,," ",7,"GLP",4.13,1.03,1.21,4.24,0.76,5.00,,,,,,,"LTR"
"B","29-10-2019","2019-10-29 00:00:00 -0500",1,99,"B002",166376,,,," ",2,"Gasohol 90",0.39,10.75,12.69,4.24,0.76,5.00,,,,,,,"GLL"
"B","29-10-2019","2019-10-29 00:00:00 -0500",1,99,"B002",166375,,,," ",5,"DieselPro B5 S50 UV",0.42,10.03,11.84,4.24,0.76,5.00,,,,,,,"GLL"
"B","29-10-2019","2019-10-29 00:00:00 -0500",1,99,"B002",166374,,,," ",7,"GLP",6.61,1.03,1.21,6.78,1.22,8.00,,,,,,,"LTR"
"B","29-10-2019","2019-10-29 00:00:00 -0500",1,99,"B002",166373,,,," ",7,"GLP",12.31,1.03,1.21,12.62,2.27,14.89,,,,,,,"LTR"
"B","29-10-2019","2019-10-29 00:00:00 -0500",1,99,"B002",166372,,,," ",7,"GLP",4.13,1.03,1.21,4.24,0.76,5.00,,,,,,,"LTR"
"B","29-10-2019","2019-10-29 00:00:00 -0500",1,99,"B002",166371,,,," ",7,"GLP",4.13,1.03,1.21,4.24,0.76,5.00,,,,,,,"LTR"
"B","29-10-2019","2019-10-29 00:00:00 -0500",1,99,"B002",166370,,,," ",7,"GLP",8.26,1.03,1.21,8.47,1.53,10.00,,,,,,,"LTR"
"B","29-10-2019","2019-10-29 00:00:00 -0500",1,99,"B002",166369,,,," ",7,"GLP",4.96,1.03,1.21,5.08,0.92,6.00,,,,,,,"LTR"
"B","29-10-2019","2019-10-29 00:00:00 -0500",1,99,"B002",166368,,,," ",7,"GLP",8.26,1.03,1.21,8.47,1.53,10.00,,,,,,,"LTR"
"B","29-10-2019","2019-10-29 00:00:00 -0500",1,99,"B002",166367,,,," ",7,"GLP",6.61,1.03,1.21,6.78,1.22,8.00,,,,,,,"LTR"
"B","29-10-2019","2019-10-29 00:00:00 -0500",1,99,"B002",166366,,,," ",7,"GLP",10.75,1.03,1.21,11.03,1.98,13.01,,,,,,,"LTR"
"B","29-10-2019","2019-10-29 00:00:00 -0500",1,99,"B002",166365,,,," ",7,"GLP",9.09,1.03,1.21,9.32,1.68,11.00,,,,,,,"LTR"
"B","29-10-2019","2019-10-29 00:00:00 -0500",1,99,"B002",166364,,,," ",7,"GLP",4.13,1.03,1.21,4.24,0.76,5.00,,,,,,,"LTR"
"B","29-10-2019","2019-10-29 00:00:00 -0500",1,99,"B002",166363,,,," ",7,"GLP",4.13,1.03,1.21,4.24,0.76,5.00,,,,,,,"LTR"
"B","29-10-2019","2019-10-29 00:00:00 -0500",1,99,"B002",166362,,,," ",7,"GLP",8.26,1.03,1.21,8.47,1.53,10.00,,,,,,,"LTR"
"B","29-10-2019","2019-10-29 00:00:00 -0500",1,99,"B002",166361,,,," ",7,"GLP",5.79,1.03,1.21,5.93,1.07,7.00,,,,,,,"LTR"
"B","29-10-2019","2019-10-29 00:00:00 -0500",1,99,"B002",166360,,,," ",7,"GLP",8.26,1.03,1.21,8.47,1.53,10.00,,,,,,,"LTR"
"B","29-10-2019","2019-10-29 00:00:00 -0500",1,99,"B002",166359,,,," ",7,"GLP",4.96,1.03,1.21,5.08,0.92,6.00,,,,,,,"LTR"
"B","29-10-2019","2019-10-29 00:00:00 -0500",1,99,"B002",166358,,,," ",7,"GLP",4.13,1.03,1.21,4.24,0.76,5.00,,,,,,,"LTR"
"B","29-10-2019","2019-10-29 00:00:00 -0500",1,99,"B002",166357,,,," ",7,"GLP",34.31,1.03,1.21,35.18,6.33,41.51,,,,,,,"LTR"
"B","29-10-2019","2019-10-29 00:00:00 -0500",1,99,"B002",166356,,,," ",7,"GLP",5.79,1.03,1.21,5.93,1.07,7.00,,,,,,,"LTR"
"B","29-10-2019","2019-10-29 00:00:00 -0500",1,99,"B002",166355,,,," ",7,"GLP",16.53,1.03,1.21,16.95,3.05,20.00,,,,,,,"LTR"
"B","29-10-2019","2019-10-29 00:00:00 -0500",1,99,"B002",166354,,,," ",7,"GLP",4.13,1.03,1.21,4.24,0.76,5.00,,,,,,,"LTR"
"B","29-10-2019","2019-10-29 00:00:00 -0500",1,99,"B002",166353,,,," ",7,"GLP",22.4,1.03,1.21,22.97,4.13,27.10,,,,,,,"LTR"
"B","29-10-2019","2019-10-29 00:00:00 -0500",1,99,"B002",166352,,,," ",7,"GLP",5.79,1.03,1.21,5.93,1.07,7.00,,,,,,,"LTR"
"B","29-10-2019","2019-10-29 00:00:00 -0500",1,99,"B002",166351,,,," ",7,"GLP",4.13,1.03,1.21,4.24,0.76,5.00,,,,,,,"LTR"
"B","29-10-2019","2019-10-29 00:00:00 -0500",1,99,"B002",166350,,,," ",7,"GLP",5.79,1.03,1.21,5.94,1.07,7.01,,,,,,,"LTR"
"B","29-10-2019","2019-10-29 00:00:00 -0500",1,99,"B002",166349,,,," ",7,"GLP",11.74,1.03,1.21,12.03,2.17,14.20,,,,,,,"LTR"
"B","29-10-2019","2019-10-29 00:00:00 -0500",1,99,"B002",166348,,,," ",7,"GLP",5.79,1.03,1.21,5.93,1.07,7.00,,,,,,,"LTR"
"B","29-10-2019","2019-10-29 00:00:00 -0500",1,99,"B002",166347,,,," ",7,"GLP",8.26,1.03,1.21,8.47,1.53,10.00,,,,,,,"LTR"
"B","29-10-2019","2019-10-29 00:00:00 -0500",1,99,"B002",166346,,,," ",7,"GLP",13.05,1.03,1.21,13.38,2.41,15.79,,,,,,,"LTR"
"B","29-10-2019","2019-10-29 00:00:00 -0500",1,99,"B002",166345,,,," ",7,"GLP",21.65,1.03,1.21,22.20,4.00,26.20,,,,,,,"LTR"
"B","29-10-2019","2019-10-29 00:00:00 -0500",1,99,"B002",166344,,,," ",7,"GLP",12.4,1.03,1.21,12.71,2.29,15.00,,,,,,,"LTR"
"B","29-10-2019","2019-10-29 00:00:00 -0500",1,99,"B002",166343,,,," ",7,"GLP",4.13,1.03,1.21,4.24,0.76,5.00,,,,,,,"LTR"
"B","29-10-2019","2019-10-29 00:00:00 -0500",1,99,"B002",166342,,,," ",7,"GLP",9.92,1.03,1.21,10.17,1.83,12.00,,,,,,,"LTR"
"B","29-10-2019","2019-10-29 00:00:00 -0500",1,99,"B002",166341,,,," ",7,"GLP",4.96,1.03,1.21,5.08,0.92,6.00,,,,,,,"LTR"
"B","29-10-2019","2019-10-29 00:00:00 -0500",1,99,"B002",166340,,,," ",7,"GLP",10.34,1.03,1.21,10.60,1.91,12.51,,,,,,,"LTR"
"B","29-10-2019","2019-10-29 00:00:00 -0500",1,99,"B002",166339,,,," ",7,"GLP",5.79,1.03,1.21,5.93,1.07,7.00,,,,,,,"LTR"
"B","29-10-2019","2019-10-29 00:00:00 -0500",1,99,"B002",166338,,,," ",7,"GLP",4.13,1.03,1.21,4.24,0.76,5.00,,,,,,,"LTR"
"B","29-10-2019","2019-10-29 00:00:00 -0500",1,99,"B002",166337,,,," ",7,"GLP",11.66,1.03,1.21,11.96,2.15,14.11,,,,,,,"LTR"
"B","29-10-2019","2019-10-29 00:00:00 -0500",1,99,"B002",166336,,,," ",5,"DieselPro B5 S50 UV",2.53,10.03,11.84,25.42,4.58,30.00,,,,,,,"GLL"
"B","29-10-2019","2019-10-29 00:00:00 -0500",1,99,"B002",166335,,,," ",7,"GLP",8.26,1.03,1.21,8.47,1.53,10.00,,,,,,,"LTR"
"B","29-10-2019","2019-10-29 00:00:00 -0500",1,99,"B002",166334,,,," ",7,"GLP",14.88,1.03,1.21,15.25,2.75,18.00,,,,,,,"LTR"
"B","29-10-2019","2019-10-29 00:00:00 -0500",1,99,"B002",166333,,,," ",7,"GLP",13.22,1.03,1.21,13.56,2.44,16.00,,,,,,,"LTR"
"B","29-10-2019","2019-10-29 00:00:00 -0500",1,99,"B002",166332,,,," ",7,"GLP",4.96,1.03,1.21,5.08,0.92,6.00,,,,,,,"LTR"
"B","29-10-2019","2019-10-29 00:00:00 -0500",1,99,"B002",166331,,,," ",2,"Gasohol 90",0.39,10.75,12.69,4.24,0.76,5.00,,,,,,,"GLL"
"B","29-10-2019","2019-10-29 00:00:00 -0500",1,99,"B002",166330,,,," ",7,"GLP",19.84,1.03,1.21,20.34,3.66,24.00,,,,,,,"LTR"
"B","29-10-2019","2019-10-29 00:00:00 -0500",1,99,"B002",166329,,,," ",7,"GLP",5.79,1.03,1.21,5.93,1.07,7.00,,,,,,,"LTR"
"B","29-10-2019","2019-10-29 00:00:00 -0500",1,99,"B002",166328,,,," ",7,"GLP",8.26,1.03,1.21,8.47,1.53,10.00,,,,,,,"LTR"
"B","29-10-2019","2019-10-29 00:00:00 -0500",1,99,"B002",166327,,,," ",7,"GLP",8.26,1.03,1.21,8.47,1.53,10.00,,,,,,,"LTR"
"B","29-10-2019","2019-10-29 00:00:00 -0500",1,99,"B002",166326,,,," ",7,"GLP",2.48,1.03,1.21,2.54,0.46,3.00,,,,,,,"LTR"
"B","29-10-2019","2019-10-29 00:00:00 -0500",1,99,"B002",166325,,,," ",7,"GLP",8.26,1.03,1.21,8.47,1.53,10.00,,,,,,,"LTR"
"B","29-10-2019","2019-10-29 00:00:00 -0500",1,99,"B002",166324,,,," ",7,"GLP",4.96,1.03,1.21,5.08,0.92,6.00,,,,,,,"LTR"
"B","29-10-2019","2019-10-29 00:00:00 -0500",1,99,"B002",166323,,,," ",7,"GLP",8.26,1.03,1.21,8.47,1.53,10.00,,,,,,,"LTR"
"B","29-10-2019","2019-10-29 00:00:00 -0500",1,99,"B002",166322,,,," ",7,"GLP",4.13,1.03,1.21,4.24,0.76,5.00,,,,,,,"LTR"
"B","29-10-2019","2019-10-29 00:00:00 -0500",1,99,"B002",166321,,,," ",7,"GLP",8.26,1.03,1.21,8.47,1.53,10.00,,,,,,,"LTR"
"B","29-10-2019","2019-10-29 00:00:00 -0500",1,99,"B002",166320,,,," ",7,"GLP",8.26,1.03,1.21,8.47,1.53,10.00,,,,,,,"LTR"
"B","29-10-2019","2019-10-29 00:00:00 -0500",1,99,"B002",166319,,,," ",2,"Gasohol 90",0.79,10.75,12.69,8.47,1.53,10.00,,,,,,,"GLL"
"B","29-10-2019","2019-10-29 00:00:00 -0500",1,99,"B002",166318,,,," ",7,"GLP",4.13,1.03,1.21,4.24,0.76,5.00,,,,,,,"LTR"
"B","29-10-2019","2019-10-29 00:00:00 -0500",1,99,"B002",166317,,,," ",7,"GLP",8.26,1.03,1.21,8.47,1.53,10.00,,,,,,,"LTR"
"B","29-10-2019","2019-10-29 00:00:00 -0500",1,99,"B002",166316,,,," ",7,"GLP",6.61,1.03,1.21,6.78,1.22,8.00,,,,,,,"LTR"
"B","29-10-2019","2019-10-29 00:00:00 -0500",1,99,"B002",166315,,,," ",7,"GLP",9.09,1.03,1.21,9.32,1.68,11.00,,,,,,,"LTR"
"B","29-10-2019","2019-10-29 00:00:00 -0500",1,99,"B002",166314,,,," ",7,"GLP",9.92,1.03,1.21,10.17,1.83,12.00,,,,,,,"LTR"
"B","29-10-2019","2019-10-29 00:00:00 -0500",1,99,"B002",166313,,,," ",7,"GLP",11.57,1.03,1.21,11.86,2.14,14.00,,,,,,,"LTR"
"B","29-10-2019","2019-10-29 00:00:00 -0500",1,99,"B002",166312,,,," ",7,"GLP",8.26,1.03,1.21,8.47,1.53,10.00,,,,,,,"LTR"
"B","29-10-2019","2019-10-29 00:00:00 -0500",1,99,"B002",166311,,,," ",7,"GLP",8.26,1.03,1.21,8.47,1.53,10.00,,,,,,,"LTR"
"B","29-10-2019","2019-10-29 00:00:00 -0500",1,99,"B002",166310,,,," ",7,"GLP",8.26,1.03,1.21,8.47,1.53,10.00,,,,,,,"LTR"
"B","29-10-2019","2019-10-29 00:00:00 -0500",1,99,"B002",166309,,,," ",7,"GLP",8.26,1.03,1.21,8.47,1.53,10.00,,,,,,,"LTR"
"B","29-10-2019","2019-10-29 00:00:00 -0500",1,99,"B002",166308,,,," ",7,"GLP",4.13,1.03,1.21,4.24,0.76,5.00,,,,,,,"LTR"
"B","29-10-2019","2019-10-29 00:00:00 -0500",1,99,"B002",166307,,,," ",7,"GLP",8.26,1.03,1.21,8.47,1.53,10.00,,,,,,,"LTR"
"B","29-10-2019","2019-10-29 00:00:00 -0500",1,99,"B002",166306,,,," ",7,"GLP",5.79,1.03,1.21,5.93,1.07,7.00,,,,,,,"LTR"
"B","29-10-2019","2019-10-29 00:00:00 -0500",1,99,"B002",166305,,,," ",7,"GLP",8.26,1.03,1.21,8.47,1.53,10.00,,,,,,,"LTR"
"B","29-10-2019","2019-10-29 00:00:00 -0500",1,99,"B002",166304,,,," ",7,"GLP",9.92,1.03,1.21,10.17,1.83,12.00,,,,,,,"LTR"
"B","29-10-2019","2019-10-29 00:00:00 -0500",1,99,"B002",166303,,,," ",7,"GLP",14.05,1.03,1.21,14.41,2.59,17.00,,,,,,,"LTR"
"B","29-10-2019","2019-10-29 00:00:00 -0500",1,99,"B002",166302,,,," ",7,"GLP",6.2,1.03,1.21,6.36,1.14,7.50,,,,,,,"LTR"
"B","29-10-2019","2019-10-29 00:00:00 -0500",1,99,"B002",166301,,,," ",7,"GLP",4.13,1.03,1.21,4.24,0.76,5.00,,,,,,,"LTR"
"B","29-10-2019","2019-10-29 00:00:00 -0500",1,99,"B002",166300,,,," ",7,"GLP",8.26,1.03,1.21,8.47,1.53,10.00,,,,,,,"LTR"
"B","29-10-2019","2019-10-29 00:00:00 -0500",1,99,"B002",166299,,,," ",7,"GLP",8.26,1.03,1.21,8.47,1.53,10.00,,,,,,,"LTR"
"B","29-10-2019","2019-10-29 00:00:00 -0500",1,99,"B002",166298,,,," ",7,"GLP",12.49,1.03,1.21,12.81,2.30,15.11,,,,,,,"LTR"
"B","29-10-2019","2019-10-29 00:00:00 -0500",1,99,"B002",166297,,,," ",7,"GLP",4.97,1.03,1.21,5.09,0.92,6.01,,,,,,,"LTR"
"B","29-10-2019","2019-10-29 00:00:00 -0500",1,99,"B002",166296,,,," ",7,"GLP",4.13,1.03,1.21,4.24,0.76,5.00,,,,,,,"LTR"
"B","29-10-2019","2019-10-29 00:00:00 -0500",1,99,"B002",166295,,,," ",7,"GLP",8.26,1.03,1.21,8.47,1.53,10.00,,,,,,,"LTR"
"B","29-10-2019","2019-10-29 00:00:00 -0500",1,99,"B002",166294,,,," ",7,"GLP",7.44,1.03,1.21,7.63,1.37,9.00,,,,,,,"LTR"
"B","29-10-2019","2019-10-29 00:00:00 -0500",1,99,"B002",166293,,,," ",7,"GLP",8.26,1.03,1.21,8.47,1.53,10.00,,,,,,,"LTR"
"B","29-10-2019","2019-10-29 00:00:00 -0500",1,99,"B002",166292,,,," ",7,"GLP",6.61,1.03,1.21,6.78,1.22,8.00,,,,,,,"LTR"
"B","29-10-2019","2019-10-29 00:00:00 -0500",1,99,"B002",166291,,,," ",7,"GLP",11.57,1.03,1.21,11.86,2.14,14.00,,,,,,,"LTR"
"B","29-10-2019","2019-10-29 00:00:00 -0500",1,99,"B002",166290,,,," ",7,"GLP",29.14,1.03,1.21,29.88,5.38,35.26,,,,,,,"LTR"
"B","29-10-2019","2019-10-29 00:00:00 -0500",1,99,"B002",166289,,,," ",7,"GLP",16.53,1.03,1.21,16.95,3.05,20.00,,,,,,,"LTR"
"B","29-10-2019","2019-10-29 00:00:00 -0500",1,99,"B002",166288,,,," ",7,"GLP",8.26,1.03,1.21,8.47,1.53,10.00,,,,,,,"LTR"
"B","29-10-2019","2019-10-29 00:00:00 -0500",1,99,"B002",166287,,,," ",7,"GLP",8.26,1.03,1.21,8.47,1.53,10.00,,,,,,,"LTR"
"B","29-10-2019","2019-10-29 00:00:00 -0500",1,99,"B002",166286,,,," ",7,"GLP",12.15,1.03,1.21,12.46,2.24,14.70,,,,,,,"LTR"
"B","29-10-2019","2019-10-29 00:00:00 -0500",1,99,"B002",166285,,,," ",7,"GLP",4.55,1.03,1.21,4.67,0.84,5.51,,,,,,,"LTR"
"B","29-10-2019","2019-10-29 00:00:00 -0500",1,99,"B002",166284,,,," ",7,"GLP",4.13,1.03,1.21,4.24,0.76,5.00,,,,,,,"LTR"
"B","29-10-2019","2019-10-29 00:00:00 -0500",1,99,"B002",166283,,,," ",7,"GLP",8.78,1.03,1.21,9.00,1.62,10.62,,,,,,,"LTR"
"B","29-10-2019","2019-10-29 00:00:00 -0500",1,99,"B002",166282,,,," ",7,"GLP",8.26,1.03,1.21,8.47,1.53,10.00,,,,,,,"LTR"
"B","29-10-2019","2019-10-29 00:00:00 -0500",1,99,"B002",166281,,,," ",7,"GLP",8.26,1.03,1.21,8.47,1.53,10.00,,,,,,,"LTR"
"B","29-10-2019","2019-10-29 00:00:00 -0500",1,99,"B002",166280,,,," ",7,"GLP",4.13,1.03,1.21,4.24,0.76,5.00,,,,,,,"LTR"
"B","29-10-2019","2019-10-29 00:00:00 -0500",1,99,"B002",166279,,,," ",7,"GLP",4.13,1.03,1.21,4.24,0.76,5.00,,,,,,,"LTR"
"B","29-10-2019","2019-10-29 00:00:00 -0500",1,99,"B002",166278,,,," ",7,"GLP",4.13,1.03,1.21,4.24,0.76,5.00,,,,,,,"LTR"
"B","29-10-2019","2019-10-29 00:00:00 -0500",1,99,"B002",166277,,,," ",7,"GLP",4.13,1.03,1.21,4.24,0.76,5.00,,,,,,,"LTR"
"B","29-10-2019","2019-10-29 00:00:00 -0500",1,99,"B002",166276,,,," ",7,"GLP",8.26,1.03,1.21,8.47,1.53,10.00,,,,,,,"LTR"
"B","29-10-2019","2019-10-29 00:00:00 -0500",1,99,"B002",166275,,,," ",7,"GLP",4.13,1.03,1.21,4.24,0.76,5.00,,,,,,,"LTR"
"B","29-10-2019","2019-10-29 00:00:00 -0500",1,99,"B002",166274,,,," ",7,"GLP",4.13,1.03,1.21,4.24,0.76,5.00,,,,,,,"LTR"
"B","29-10-2019","2019-10-29 00:00:00 -0500",1,99,"B002",166273,,,," ",7,"GLP",8.26,1.03,1.21,8.47,1.53,10.00,,,,,,,"LTR"
"B","29-10-2019","2019-10-29 00:00:00 -0500",1,99,"B002",166272,,,," ",7,"GLP",10.83,1.03,1.21,11.10,2.00,13.10,,,,,,,"LTR"
"B","29-10-2019","2019-10-29 00:00:00 -0500",1,99,"B002",166271,,,," ",7,"GLP",7.44,1.03,1.21,7.63,1.37,9.00,,,,,,,"LTR"
"B","29-10-2019","2019-10-29 00:00:00 -0500",1,99,"B002",166270,,,," ",7,"GLP",8.26,1.03,1.21,8.47,1.53,10.00,,,,,,,"LTR"
"B","29-10-2019","2019-10-29 00:00:00 -0500",1,99,"B002",166269,,,," ",7,"GLP",4.13,1.03,1.21,4.24,0.76,5.00,,,,,,,"LTR"
"B","29-10-2019","2019-10-29 00:00:00 -0500",1,99,"B002",166268,,,," ",7,"GLP",27.8,1.03,1.21,28.51,5.13,33.64,,,,,,,"LTR"
"B","29-10-2019","2019-10-29 00:00:00 -0500",1,99,"B002",166267,,,," ",7,"GLP",3.74,1.03,1.21,3.83,0.69,4.52,,,,,,,"LTR"
"B","29-10-2019","2019-10-29 00:00:00 -0500",1,99,"B002",166266,,,," ",7,"GLP",8.26,1.03,1.21,8.47,1.53,10.00,,,,,,,"LTR"
"B","29-10-2019","2019-10-29 00:00:00 -0500",1,99,"B002",166265,,,," ",7,"GLP",4.13,1.03,1.21,4.24,0.76,5.00,,,,,,,"LTR"
"B","29-10-2019","2019-10-29 00:00:00 -0500",1,99,"B002",166264,,,," ",7,"GLP",5.79,1.03,1.21,5.93,1.07,7.00,,,,,,,"LTR"
"B","29-10-2019","2019-10-29 00:00:00 -0500",1,99,"B002",166263,,,," ",7,"GLP",12.4,1.03,1.21,12.71,2.29,15.00,,,,,,,"LTR"
"B","29-10-2019","2019-10-29 00:00:00 -0500",1,99,"B002",166262,,,," ",7,"GLP",16.53,1.03,1.21,16.95,3.05,20.00,,,,,,,"LTR"
"B","29-10-2019","2019-10-29 00:00:00 -0500",1,99,"B002",166261,,,," ",7,"GLP",4.13,1.03,1.21,4.24,0.76,5.00,,,,,,,"LTR"
"B","29-10-2019","2019-10-29 00:00:00 -0500",1,99,"B002",166260,,,," ",2,"Gasohol 90",3,10.75,12.69,32.26,5.81,38.07,,,,,,,"GLL"
"B","29-10-2019","2019-10-29 00:00:00 -0500",1,99,"B002",166259,,,," ",7,"GLP",4.13,1.03,1.21,4.24,0.76,5.00,,,,,,,"LTR"
"B","29-10-2019","2019-10-29 00:00:00 -0500",1,99,"B002",166258,,,," ",7,"GLP",4.13,1.03,1.21,4.24,0.76,5.00,,,,,,,"LTR"
"B","29-10-2019","2019-10-29 00:00:00 -0500",1,99,"B002",166257,,,," ",7,"GLP",8.26,1.03,1.21,8.47,1.53,10.00,,,,,,,"LTR"
"B","29-10-2019","2019-10-29 00:00:00 -0500",1,99,"B002",166256,,,," ",7,"GLP",20.66,1.03,1.21,21.19,3.81,25.00,,,,,,,"LTR"
"B","29-10-2019","2019-10-29 00:00:00 -0500",1,99,"B002",166255,,,," ",7,"GLP",4.96,1.03,1.21,5.08,0.92,6.00,,,,,,,"LTR"
"B","29-10-2019","2019-10-29 00:00:00 -0500",1,99,"B002",166254,,,," ",7,"GLP",24.3,1.03,1.21,24.92,4.48,29.40,,,,,,,"LTR"
"B","29-10-2019","2019-10-29 00:00:00 -0500",1,99,"B002",166253,,,," ",7,"GLP",15.05,1.03,1.21,15.43,2.78,18.21,,,,,,,"LTR"
"B","29-10-2019","2019-10-29 00:00:00 -0500",1,99,"B002",166252,,,," ",7,"GLP",4.13,1.03,1.21,4.24,0.76,5.00,,,,,,,"LTR"
"B","29-10-2019","2019-10-29 00:00:00 -0500",1,99,"B002",166251,,,," ",7,"GLP",20.66,1.03,1.21,21.19,3.81,25.00,,,,,,,"LTR"
"B","29-10-2019","2019-10-29 00:00:00 -0500",1,99,"B002",166250,,,," ",7,"GLP",4.13,1.03,1.21,4.24,0.76,5.00,,,,,,,"LTR"
"B","29-10-2019","2019-10-29 00:00:00 -0500",1,99,"B002",166249,,,," ",7,"GLP",4.13,1.03,1.21,4.24,0.76,5.00,,,,,,,"LTR"
"B","29-10-2019","2019-10-29 00:00:00 -0500",1,99,"B002",166248,,,," ",7,"GLP",4.96,1.03,1.21,5.08,0.92,6.00,,,,,,,"LTR"
"B","29-10-2019","2019-10-29 00:00:00 -0500",1,99,"B002",166247,,,," ",7,"GLP",17.19,1.03,1.21,17.63,3.17,20.80,,,,,,,"LTR"
"B","29-10-2019","2019-10-29 00:00:00 -0500",1,99,"B002",166246,,,," ",7,"GLP",4.13,1.03,1.21,4.24,0.76,5.00,,,,,,,"LTR"
"B","29-10-2019","2019-10-29 00:00:00 -0500",1,99,"B002",166245,,,," ",7,"GLP",4.96,1.03,1.21,5.08,0.92,6.00,,,,,,,"LTR"
"B","29-10-2019","2019-10-29 00:00:00 -0500",1,99,"B002",166244,,,," ",7,"GLP",4.13,1.03,1.21,4.24,0.76,5.00,,,,,,,"LTR"
"B","29-10-2019","2019-10-29 00:00:00 -0500",1,99,"B002",166243,,,," ",7,"GLP",8.26,1.03,1.21,8.47,1.53,10.00,,,,,,,"LTR"
"B","29-10-2019","2019-10-29 00:00:00 -0500",1,99,"B002",166242,,,," ",7,"GLP",8.26,1.03,1.21,8.47,1.53,10.00,,,,,,,"LTR"
"B","29-10-2019","2019-10-29 00:00:00 -0500",1,99,"B002",166241,,,," ",7,"GLP",8.26,1.03,1.21,8.47,1.53,10.00,,,,,,,"LTR"
"B","29-10-2019","2019-10-29 00:00:00 -0500",1,99,"B002",166240,,,," ",7,"GLP",8.26,1.03,1.21,8.47,1.53,10.00,,,,,,,"LTR"
"B","29-10-2019","2019-10-29 00:00:00 -0500",1,99,"B002",166239,,,," ",7,"GLP",8.26,1.03,1.21,8.47,1.53,10.00,,,,,,,"LTR"
"B","29-10-2019","2019-10-29 00:00:00 -0500",1,99,"B002",166238,,,," ",7,"GLP",12.4,1.03,1.21,12.71,2.29,15.00,,,,,,,"LTR"
"B","29-10-2019","2019-10-29 00:00:00 -0500",1,99,"B002",166237,,,," ",7,"GLP",8.26,1.03,1.21,8.47,1.53,10.00,,,,,,,"LTR"
"B","29-10-2019","2019-10-29 00:00:00 -0500",1,99,"B002",166236,,,," ",7,"GLP",29.74,1.03,1.21,30.49,5.49,35.98,,,,,,,"LTR"
"B","29-10-2019","2019-10-29 00:00:00 -0500",1,99,"B002",166235,,,," ",7,"GLP",8.26,1.03,1.21,8.47,1.53,10.00,,,,,,,"LTR"
"B","29-10-2019","2019-10-29 00:00:00 -0500",1,99,"B002",166234,,,," ",7,"GLP",7.78,1.03,1.21,7.97,1.44,9.41,,,,,,,"LTR"
"B","29-10-2019","2019-10-29 00:00:00 -0500",1,99,"B002",166233,,,," ",7,"GLP",11.17,1.03,1.21,11.45,2.06,13.51,,,,,,,"LTR"
"B","29-10-2019","2019-10-29 00:00:00 -0500",1,99,"B002",166232,,,," ",7,"GLP",6.61,1.03,1.21,6.78,1.22,8.00,,,,,,,"LTR"
"B","29-10-2019","2019-10-29 00:00:00 -0500",1,99,"B002",166231,,,," ",7,"GLP",3.31,1.03,1.21,3.39,0.61,4.00,,,,,,,"LTR"
"B","29-10-2019","2019-10-29 00:00:00 -0500",1,99,"B002",166230,,,," ",7,"GLP",8.26,1.03,1.21,8.47,1.53,10.00,,,,,,,"LTR"
"B","29-10-2019","2019-10-29 00:00:00 -0500",1,99,"B002",166229,,,," ",7,"GLP",4.96,1.03,1.21,5.08,0.92,6.00,,,,,,,"LTR"
"B","29-10-2019","2019-10-29 00:00:00 -0500",1,99,"B002",166228,,,," ",7,"GLP",8.26,1.03,1.21,8.47,1.53,10.00,,,,,,,"LTR"
"B","29-10-2019","2019-10-29 00:00:00 -0500",1,99,"B002",166227,,,," ",7,"GLP",4.13,1.03,1.21,4.24,0.76,5.00,,,,,,,"LTR"
"B","29-10-2019","2019-10-29 00:00:00 -0500",1,99,"B002",166226,,,," ",7,"GLP",14.05,1.03,1.21,14.41,2.59,17.00,,,,,,,"LTR"
"B","29-10-2019","2019-10-29 00:00:00 -0500",1,99,"B002",166225,,,," ",7,"GLP",4.13,1.03,1.21,4.24,0.76,5.00,,,,,,,"LTR"
"B","29-10-2019","2019-10-29 00:00:00 -0500",1,99,"B002",166224,,,," ",7,"GLP",0.01,1.03,1.21,0.01,0.00,0.01,,,,,,,"LTR"
"B","29-10-2019","2019-10-29 00:00:00 -0500",1,99,"B002",166223,,,," ",7,"GLP",9.09,1.03,1.21,9.32,1.68,11.00,,,,,,,"LTR"
"B","29-10-2019","2019-10-29 00:00:00 -0500",1,99,"B002",166222,,,," ",7,"GLP",4.13,1.03,1.21,4.24,0.76,5.00,,,,,,,"LTR"
"B","29-10-2019","2019-10-29 00:00:00 -0500",1,99,"B002",166221,,,," ",7,"GLP",8.26,1.03,1.21,8.47,1.53,10.00,,,,,,,"LTR"
"B","29-10-2019","2019-10-29 00:00:00 -0500",1,99,"B002",166220,,,," ",7,"GLP",19.83,1.03,1.21,20.33,3.66,23.99,,,,,,,"LTR"
"B","29-10-2019","2019-10-29 00:00:00 -0500",1,99,"B002",166219,,,," ",7,"GLP",16.53,1.03,1.21,16.95,3.05,20.00,,,,,,,"LTR"
"B","29-10-2019","2019-10-29 00:00:00 -0500",1,99,"B002",166218,,,," ",2,"Gasohol 90",1.18,10.75,12.69,12.71,2.29,15.00,,,,,,,"GLL"
"B","29-10-2019","2019-10-29 00:00:00 -0500",1,99,"B002",166217,,,," ",7,"GLP",48.86,1.03,1.21,50.10,9.02,59.12,,,,,,,"LTR"
"B","29-10-2019","2019-10-29 00:00:00 -0500",1,99,"B002",166216,,,," ",7,"GLP",5.79,1.03,1.21,5.93,1.07,7.00,,,,,,,"LTR"
"B","29-10-2019","2019-10-29 00:00:00 -0500",1,99,"B002",166215,,,," ",5,"DieselPro B5 S50 UV",1.69,10.03,11.84,16.95,3.05,20.00,,,,,,,"GLL"
"B","29-10-2019","2019-10-29 00:00:00 -0500",1,99,"B002",166214,,,," ",7,"GLP",7.93,1.03,1.21,8.14,1.46,9.60,,,,,,,"LTR"
"B","29-10-2019","2019-10-29 00:00:00 -0500",1,99,"B002",166213,,,," ",7,"GLP",4.13,1.03,1.21,4.24,0.76,5.00,,,,,,,"LTR"
"B","29-10-2019","2019-10-29 00:00:00 -0500",1,99,"B002",166212,,,," ",7,"GLP",9.92,1.03,1.21,10.17,1.83,12.00,,,,,,,"LTR"
"B","29-10-2019","2019-10-29 00:00:00 -0500",1,99,"B002",166211,,,," ",7,"GLP",7.85,1.03,1.21,8.05,1.45,9.50,,,,,,,"LTR"
"B","29-10-2019","2019-10-29 00:00:00 -0500",1,99,"B002",166210,,,," ",2,"Gasohol 90",0.39,10.75,12.69,4.24,0.76,5.00,,,,,,,"GLL"
"B","29-10-2019","2019-10-29 00:00:00 -0500",1,99,"B002",166209,,,," ",7,"GLP",8.6,1.03,1.21,8.81,1.59,10.40,,,,,,,"LTR"
"B","29-10-2019","2019-10-29 00:00:00 -0500",1,99,"B002",166208,,,," ",7,"GLP",10.5,1.03,1.21,10.76,1.94,12.70,,,,,,,"LTR"
"B","29-10-2019","2019-10-29 00:00:00 -0500",1,99,"B002",166207,,,," ",7,"GLP",4.72,1.03,1.21,4.84,0.87,5.71,,,,,,,"LTR"
"B","29-10-2019","2019-10-29 00:00:00 -0500",1,99,"B002",166206,,,," ",7,"GLP",4.13,1.03,1.21,4.24,0.76,5.00,,,,,,,"LTR"
"B","29-10-2019","2019-10-29 00:00:00 -0500",1,99,"B002",166205,,,," ",7,"GLP",8.26,1.03,1.21,8.47,1.53,10.00,,,,,,,"LTR"
"B","29-10-2019","2019-10-29 00:00:00 -0500",1,99,"B002",166204,,,," ",2,"Gasohol 90",0.39,10.75,12.69,4.24,0.76,5.00,,,,,,,"GLL"
"B","29-10-2019","2019-10-29 00:00:00 -0500",1,99,"B002",166203,,,," ",7,"GLP",9.09,1.03,1.21,9.32,1.68,11.00,,,,,,,"LTR"
"B","29-10-2019","2019-10-29 00:00:00 -0500",1,99,"B002",166202,,,," ",7,"GLP",3.31,1.03,1.21,3.39,0.61,4.00,,,,,,,"LTR"
"B","29-10-2019","2019-10-29 00:00:00 -0500",1,99,"B002",166201,,,," ",7,"GLP",4.96,1.03,1.21,5.08,0.92,6.00,,,,,,,"LTR"
"B","29-10-2019","2019-10-29 00:00:00 -0500",1,99,"B002",166200,,,," ",7,"GLP",4.13,1.03,1.21,4.24,0.76,5.00,,,,,,,"LTR"
"B","29-10-2019","2019-10-29 00:00:00 -0500",1,99,"B002",166199,,,," ",7,"GLP",6.61,1.03,1.21,6.78,1.22,8.00,,,,,,,"LTR"
"B","29-10-2019","2019-10-29 00:00:00 -0500",1,99,"B002",166198,,,," ",7,"GLP",8.26,1.03,1.21,8.47,1.53,10.00,,,,,,,"LTR"
"B","29-10-2019","2019-10-29 00:00:00 -0500",1,99,"B002",166197,,,," ",7,"GLP",5.79,1.03,1.21,5.93,1.07,7.00,,,,,,,"LTR"
"B","29-10-2019","2019-10-29 00:00:00 -0500",1,99,"B002",166196,,,," ",7,"GLP",8.26,1.03,1.21,8.47,1.53,10.00,,,,,,,"LTR"
"B","29-10-2019","2019-10-29 00:00:00 -0500",1,99,"B002",166195,,,," ",5,"DieselPro B5 S50 UV",2.53,10.03,11.84,25.42,4.58,30.00,,,,,,,"GLL"
"B","29-10-2019","2019-10-29 00:00:00 -0500",1,99,"B002",166194,,,," ",7,"GLP",10.74,1.03,1.21,11.02,1.98,13.00,,,,,,,"LTR"
"B","29-10-2019","2019-10-29 00:00:00 -0500",1,99,"B002",166193,,,," ",7,"GLP",16.53,1.03,1.21,16.95,3.05,20.00,,,,,,,"LTR"
"B","29-10-2019","2019-10-29 00:00:00 -0500",1,99,"B002",166192,,,," ",7,"GLP",4.96,1.03,1.21,5.08,0.92,6.00,,,,,,,"LTR"
"B","29-10-2019","2019-10-29 00:00:00 -0500",1,99,"B002",166191,,,," ",7,"GLP",6.61,1.03,1.21,6.78,1.22,8.00,,,,,,,"LTR"
"B","29-10-2019","2019-10-29 00:00:00 -0500",1,99,"B002",166190,,,," ",7,"GLP",4.13,1.03,1.21,4.24,0.76,5.00,,,,,,,"LTR"
"B","29-10-2019","2019-10-29 00:00:00 -0500",1,99,"B002",166189,,,," ",7,"GLP",16.53,1.03,1.21,16.95,3.05,20.00,,,,,,,"LTR"
"B","29-10-2019","2019-10-29 00:00:00 -0500",1,99,"B002",166188,,,," ",7,"GLP",4.13,1.03,1.21,4.24,0.76,5.00,,,,,,,"LTR"
"B","29-10-2019","2019-10-29 00:00:00 -0500",1,99,"B002",166187,,,," ",7,"GLP",8.26,1.03,1.21,8.47,1.53,10.00,,,,,,,"LTR"
"B","29-10-2019","2019-10-29 00:00:00 -0500",1,99,"B002",166186,,,," ",7,"GLP",8.26,1.03,1.21,8.47,1.53,10.00,,,,,,,"LTR"
"B","29-10-2019","2019-10-29 00:00:00 -0500",1,99,"B002",166185,,,," ",7,"GLP",4.96,1.03,1.21,5.08,0.92,6.00,,,,,,,"LTR"
"B","29-10-2019","2019-10-29 00:00:00 -0500",1,99,"B002",166184,,,," ",7,"GLP",6.61,1.03,1.21,6.78,1.22,8.00,,,,,,,"LTR"
"B","29-10-2019","2019-10-29 00:00:00 -0500",1,99,"B002",166183,,,," ",7,"GLP",8.26,1.03,1.21,8.47,1.53,10.00,,,,,,,"LTR"
"B","29-10-2019","2019-10-29 00:00:00 -0500",1,99,"B002",166182,,,," ",7,"GLP",5.79,1.03,1.21,5.93,1.07,7.00,,,,,,,"LTR"
"B","29-10-2019","2019-10-29 00:00:00 -0500",1,99,"B002",166181,,,," ",7,"GLP",4.13,1.03,1.21,4.24,0.76,5.00,,,,,,,"LTR"
"B","29-10-2019","2019-10-29 00:00:00 -0500",1,99,"B002",166180,,,," ",7,"GLP",7.93,1.03,1.21,8.14,1.46,9.60,,,,,,,"LTR"
"B","29-10-2019","2019-10-29 00:00:00 -0500",1,99,"B002",166179,,,," ",7,"GLP",8.26,1.03,1.21,8.47,1.53,10.00,,,,,,,"LTR"
"B","29-10-2019","2019-10-29 00:00:00 -0500",1,99,"B002",166178,,,," ",7,"GLP",4.13,1.03,1.21,4.24,0.76,5.00,,,,,,,"LTR"
"B","29-10-2019","2019-10-29 00:00:00 -0500",1,99,"B002",166177,,,," ",7,"GLP",8.26,1.03,1.21,8.47,1.53,10.00,,,,,,,"LTR"
"B","29-10-2019","2019-10-29 00:00:00 -0500",1,99,"B002",166176,,,," ",7,"GLP",4.96,1.03,1.21,5.08,0.92,6.00,,,,,,,"LTR"
"B","29-10-2019","2019-10-29 00:00:00 -0500",1,99,"B002",166175,,,," ",7,"GLP",20.33,1.03,1.21,20.85,3.75,24.60,,,,,,,"LTR"
"B","29-10-2019","2019-10-29 00:00:00 -0500",1,99,"B002",166174,,,," ",7,"GLP",12.4,1.03,1.21,12.71,2.29,15.00,,,,,,,"LTR"
"B","29-10-2019","2019-10-29 00:00:00 -0500",1,99,"B002",166173,,,," ",7,"GLP",8.26,1.03,1.21,8.47,1.53,10.00,,,,,,,"LTR"
"B","29-10-2019","2019-10-29 00:00:00 -0500",1,99,"B002",166172,,,," ",7,"GLP",8.26,1.03,1.21,8.47,1.53,10.00,,,,,,,"LTR"
"B","29-10-2019","2019-10-29 00:00:00 -0500",1,99,"B002",166171,,,," ",7,"GLP",4.13,1.03,1.21,4.24,0.76,5.00,,,,,,,"LTR"
"B","29-10-2019","2019-10-29 00:00:00 -0500",1,99,"B002",166170,,,," ",7,"GLP",8.51,1.03,1.21,8.73,1.57,10.30,,,,,,,"LTR"
"B","29-10-2019","2019-10-29 00:00:00 -0500",1,99,"B002",166169,,,," ",7,"GLP",8.26,1.03,1.21,8.47,1.53,10.00,,,,,,,"LTR"
"B","29-10-2019","2019-10-29 00:00:00 -0500",1,99,"B002",166168,,,," ",7,"GLP",8.26,1.03,1.21,8.47,1.53,10.00,,,,,,,"LTR"
"B","29-10-2019","2019-10-29 00:00:00 -0500",1,99,"B002",166167,,,," ",7,"GLP",9.92,1.03,1.21,10.17,1.83,12.00,,,,,,,"LTR"
"B","29-10-2019","2019-10-29 00:00:00 -0500",1,99,"B002",166166,,,," ",7,"GLP",8.26,1.03,1.21,8.47,1.53,10.00,,,,,,,"LTR"
"B","29-10-2019","2019-10-29 00:00:00 -0500",1,99,"B002",166165,,,," ",7,"GLP",27.44,1.03,1.21,28.14,5.06,33.20,,,,,,,"LTR"
"B","29-10-2019","2019-10-29 00:00:00 -0500",1,99,"B002",166164,,,," ",7,"GLP",3.31,1.03,1.21,3.39,0.61,4.00,,,,,,,"LTR"
"B","29-10-2019","2019-10-29 00:00:00 -0500",1,99,"B002",166163,,,," ",7,"GLP",4.13,1.03,1.21,4.24,0.76,5.00,,,,,,,"LTR"
"B","29-10-2019","2019-10-29 00:00:00 -0500",1,99,"B002",166162,,,," ",7,"GLP",12.81,1.03,1.21,13.14,2.36,15.50,,,,,,,"LTR"
"B","29-10-2019","2019-10-29 00:00:00 -0500",1,99,"B002",166161,,,," ",7,"GLP",4.96,1.03,1.21,5.08,0.92,6.00,,,,,,,"LTR"
"B","29-10-2019","2019-10-29 00:00:00 -0500",1,99,"B002",166160,,,," ",7,"GLP",4.13,1.03,1.21,4.24,0.76,5.00,,,,,,,"LTR"
"B","29-10-2019","2019-10-29 00:00:00 -0500",1,99,"B002",166159,,,," ",7,"GLP",8.26,1.03,1.21,8.47,1.53,10.00,,,,,,,"LTR"
"B","29-10-2019","2019-10-29 00:00:00 -0500",1,99,"B002",166158,,,," ",7,"GLP",4.13,1.03,1.21,4.24,0.76,5.00,,,,,,,"LTR"
"B","29-10-2019","2019-10-29 00:00:00 -0500",1,99,"B002",166157,,,," ",7,"GLP",7.84,1.03,1.21,8.03,1.45,9.48,,,,,,,"LTR"
"B","29-10-2019","2019-10-29 00:00:00 -0500",1,99,"B002",166156,,,," ",7,"GLP",8.26,1.03,1.21,8.47,1.53,10.00,,,,,,,"LTR"
"B","29-10-2019","2019-10-29 00:00:00 -0500",1,99,"B002",166155,,,," ",7,"GLP",10.74,1.03,1.21,11.02,1.98,13.00,,,,,,,"LTR"
"B","29-10-2019","2019-10-29 00:00:00 -0500",1,99,"B002",166154,,,," ",7,"GLP",8.26,1.03,1.21,8.47,1.53,10.00,,,,,,,"LTR"
"B","29-10-2019","2019-10-29 00:00:00 -0500",1,99,"B002",166153,,,," ",7,"GLP",12.36,1.03,1.21,12.68,2.28,14.96,,,,,,,"LTR"
"B","29-10-2019","2019-10-29 00:00:00 -0500",1,99,"B002",166152,,,," ",7,"GLP",5.79,1.03,1.21,5.93,1.07,7.00,,,,,,,"LTR"
"B","29-10-2019","2019-10-29 00:00:00 -0500",1,99,"B002",166151,,,," ",7,"GLP",8.26,1.03,1.21,8.47,1.53,10.00,,,,,,,"LTR"
"B","29-10-2019","2019-10-29 00:00:00 -0500",1,99,"B002",166150,,,," ",7,"GLP",9.17,1.03,1.21,9.41,1.69,11.10,,,,,,,"LTR"
"B","29-10-2019","2019-10-29 00:00:00 -0500",1,99,"B002",166149,,,," ",7,"GLP",24.79,1.03,1.21,25.42,4.58,30.00,,,,,,,"LTR"
"B","29-10-2019","2019-10-29 00:00:00 -0500",1,99,"B002",166148,,,," ",7,"GLP",4.13,1.03,1.21,4.24,0.76,5.00,,,,,,,"LTR"
"B","29-10-2019","2019-10-29 00:00:00 -0500",1,99,"B002",166147,,,," ",7,"GLP",16.06,1.03,1.21,16.47,2.96,19.43,,,,,,,"LTR"
"B","29-10-2019","2019-10-29 00:00:00 -0500",1,99,"B002",166146,,,," ",7,"GLP",7.03,1.03,1.21,7.20,1.30,8.50,,,,,,,"LTR"
"B","29-10-2019","2019-10-29 00:00:00 -0500",1,99,"B002",166145,,,," ",7,"GLP",6.61,1.03,1.21,6.78,1.22,8.00,,,,,,,"LTR"
"B","29-10-2019","2019-10-29 00:00:00 -0500",1,99,"B002",166144,,,," ",7,"GLP",9.92,1.03,1.21,10.17,1.83,12.00,,,,,,,"LTR"
"B","29-10-2019","2019-10-29 00:00:00 -0500",1,99,"B002",166143,,,," ",7,"GLP",6.61,1.03,1.21,6.78,1.22,8.00,,,,,,,"LTR"
"B","29-10-2019","2019-10-29 00:00:00 -0500",1,99,"B002",166142,,,," ",7,"GLP",24.79,1.03,1.21,25.42,4.58,30.00,,,,,,,"LTR"
"B","29-10-2019","2019-10-29 00:00:00 -0500",1,99,"B002",166141,,,," ",7,"GLP",41.32,1.03,1.21,42.37,7.63,50.00,,,,,,,"LTR"
"B","29-10-2019","2019-10-29 00:00:00 -0500",1,99,"B002",166140,,,," ",7,"GLP",8.26,1.03,1.21,8.47,1.53,10.00,,,,,,,"LTR"
"B","29-10-2019","2019-10-29 00:00:00 -0500",1,99,"B002",166139,,,," ",7,"GLP",7.44,1.03,1.21,7.63,1.37,9.00,,,,,,,"LTR"
"B","29-10-2019","2019-10-29 00:00:00 -0500",1,99,"B002",166138,,,," ",7,"GLP",8.26,1.03,1.21,8.47,1.53,10.00,,,,,,,"LTR"
"B","29-10-2019","2019-10-29 00:00:00 -0500",1,99,"B002",166137,,,," ",7,"GLP",8.26,1.03,1.21,8.47,1.53,10.00,,,,,,,"LTR"
"B","29-10-2019","2019-10-29 00:00:00 -0500",1,99,"B002",166136,,,," ",7,"GLP",5.87,1.03,1.21,6.02,1.08,7.10,,,,,,,"LTR"
"B","29-10-2019","2019-10-29 00:00:00 -0500",1,99,"B002",166135,,,," ",7,"GLP",8.02,1.03,1.21,8.22,1.48,9.70,,,,,,,"LTR"
"B","29-10-2019","2019-10-29 00:00:00 -0500",1,99,"B002",166134,,,," ",7,"GLP",7.85,1.03,1.21,8.05,1.45,9.50,,,,,,,"LTR"
"B","29-10-2019","2019-10-29 00:00:00 -0500",1,99,"B002",166133,,,," ",7,"GLP",9.09,1.03,1.21,9.32,1.68,11.00,,,,,,,"LTR"
"B","29-10-2019","2019-10-29 00:00:00 -0500",1,99,"B002",166132,,,," ",7,"GLP",8.26,1.03,1.21,8.47,1.53,10.00,,,,,,,"LTR"
"B","29-10-2019","2019-10-29 00:00:00 -0500",1,99,"B002",166131,,,," ",7,"GLP",9.92,1.03,1.21,10.17,1.83,12.00,,,,,,,"LTR"
"B","29-10-2019","2019-10-29 00:00:00 -0500",1,99,"B002",166130,,,," ",7,"GLP",9.88,1.03,1.21,10.14,1.82,11.96,,,,,,,"LTR"
"B","29-10-2019","2019-10-29 00:00:00 -0500",1,99,"B002",166129,,,," ",7,"GLP",8.26,1.03,1.21,8.47,1.53,10.00,,,,,,,"LTR"
"B","29-10-2019","2019-10-29 00:00:00 -0500",1,99,"B002",166128,,,," ",7,"GLP",4.13,1.03,1.21,4.24,0.76,5.00,,,,,,,"LTR"
"B","29-10-2019","2019-10-29 00:00:00 -0500",1,99,"B002",166127,,,," ",7,"GLP",8.37,1.03,1.21,8.58,1.55,10.13,,,,,,,"LTR"
"B","29-10-2019","2019-10-29 00:00:00 -0500",1,99,"B002",166126,,,," ",7,"GLP",5.05,1.03,1.21,5.18,0.93,6.11,,,,,,,"LTR"
"B","29-10-2019","2019-10-29 00:00:00 -0500",1,99,"B002",166125,,,," ",7,"GLP",20.74,1.03,1.21,21.27,3.83,25.10,,,,,,,"LTR"
"B","29-10-2019","2019-10-29 00:00:00 -0500",1,99,"B002",166124,,,," ",7,"GLP",8.26,1.03,1.21,8.47,1.53,10.00,,,,,,,"LTR"
"B","29-10-2019","2019-10-29 00:00:00 -0500",1,99,"B002",166123,,,," ",7,"GLP",6.61,1.03,1.21,6.78,1.22,8.00,,,,,,,"LTR"
"B","29-10-2019","2019-10-29 00:00:00 -0500",1,99,"B002",166122,,,," ",7,"GLP",12.4,1.03,1.21,12.71,2.29,15.00,,,,,,,"LTR"
"B","29-10-2019","2019-10-29 00:00:00 -0500",1,99,"B002",166121,,,," ",7,"GLP",10.74,1.03,1.21,11.02,1.98,13.00,,,,,,,"LTR"
"B","29-10-2019","2019-10-29 00:00:00 -0500",1,99,"B002",166120,,,," ",7,"GLP",20.66,1.03,1.21,21.19,3.81,25.00,,,,,,,"LTR"
"B","29-10-2019","2019-10-29 00:00:00 -0500",1,99,"B002",166119,,,," ",7,"GLP",4.13,1.03,1.21,4.24,0.76,5.00,,,,,,,"LTR"
"B","29-10-2019","2019-10-29 00:00:00 -0500",1,99,"B002",166118,,,," ",7,"GLP",4.96,1.03,1.21,5.08,0.92,6.00,,,,,,,"LTR"
"B","29-10-2019","2019-10-29 00:00:00 -0500",1,99,"B002",166117,,,," ",7,"GLP",8.26,1.03,1.21,8.47,1.53,10.00,,,,,,,"LTR"
"B","29-10-2019","2019-10-29 00:00:00 -0500",1,99,"B002",166116,,,," ",7,"GLP",12.4,1.03,1.21,12.71,2.29,15.00,,,,,,,"LTR"
"B","29-10-2019","2019-10-29 00:00:00 -0500",1,99,"B002",166115,,,," ",7,"GLP",4.13,1.03,1.21,4.24,0.76,5.00,,,,,,,"LTR"
"B","29-10-2019","2019-10-29 00:00:00 -0500",1,99,"B002",166114,,,," ",2,"Gasohol 90",0.79,10.75,12.69,8.47,1.53,10.00,,,,,,,"GLL"
"B","29-10-2019","2019-10-29 00:00:00 -0500",1,99,"B002",166113,,,," ",7,"GLP",7.76,1.03,1.21,7.96,1.43,9.39,,,,,,,"LTR"
"B","29-10-2019","2019-10-29 00:00:00 -0500",1,99,"B002",166112,,,," ",7,"GLP",6.61,1.03,1.21,6.78,1.22,8.00,,,,,,,"LTR"
"B","29-10-2019","2019-10-29 00:00:00 -0500",1,99,"B002",166111,,,," ",7,"GLP",8.26,1.03,1.21,8.47,1.53,10.00,,,,,,,"LTR"
"B","29-10-2019","2019-10-29 00:00:00 -0500",1,99,"B002",166110,,,," ",7,"GLP",3.31,1.03,1.21,3.39,0.61,4.00,,,,,,,"LTR"
"B","29-10-2019","2019-10-29 00:00:00 -0500",1,99,"B002",166109,,,," ",7,"GLP",6.61,1.03,1.21,6.78,1.22,8.00,,,,,,,"LTR"
"B","29-10-2019","2019-10-29 00:00:00 -0500",1,99,"B002",166108,,,," ",7,"GLP",10.35,1.03,1.21,10.61,1.91,12.52,,,,,,,"LTR"
"B","29-10-2019","2019-10-29 00:00:00 -0500",1,99,"B002",166107,,,," ",7,"GLP",26.45,1.03,1.21,27.12,4.88,32.00,,,,,,,"LTR"
"B","29-10-2019","2019-10-29 00:00:00 -0500",1,99,"B002",166106,,,," ",7,"GLP",4.96,1.03,1.21,5.08,0.92,6.00,,,,,,,"LTR"
"B","29-10-2019","2019-10-29 00:00:00 -0500",1,99,"B002",166105,,,," ",7,"GLP",4.13,1.03,1.21,4.24,0.76,5.00,,,,,,,"LTR"
"B","29-10-2019","2019-10-29 00:00:00 -0500",1,99,"B002",166104,,,," ",7,"GLP",4.13,1.03,1.21,4.24,0.76,5.00,,,,,,,"LTR"
"B","29-10-2019","2019-10-29 00:00:00 -0500",1,99,"B002",166103,,,," ",7,"GLP",5.79,1.03,1.21,5.93,1.07,7.00,,,,,,,"LTR"
"B","29-10-2019","2019-10-29 00:00:00 -0500",1,99,"B002",166102,,,," ",7,"GLP",8.26,1.03,1.21,8.47,1.53,10.00,,,,,,,"LTR"
"B","29-10-2019","2019-10-29 00:00:00 -0500",1,99,"B002",166101,,,," ",7,"GLP",5.79,1.03,1.21,5.93,1.07,7.00,,,,,,,"LTR"
"B","29-10-2019","2019-10-29 00:00:00 -0500",1,99,"B002",166100,,,," ",7,"GLP",41.32,1.03,1.21,42.37,7.63,50.00,,,,,,,"LTR"
"B","29-10-2019","2019-10-29 00:00:00 -0500",1,99,"B002",166099,,,," ",7,"GLP",11.25,1.03,1.21,11.53,2.08,13.61,,,,,,,"LTR"
"B","29-10-2019","2019-10-29 00:00:00 -0500",1,99,"B002",166098,,,," ",7,"GLP",4.13,1.03,1.21,4.24,0.76,5.00,,,,,,,"LTR"
"B","29-10-2019","2019-10-29 00:00:00 -0500",1,99,"B002",166097,,,," ",7,"GLP",4.13,1.03,1.21,4.24,0.76,5.00,,,,,,,"LTR"
"B","29-10-2019","2019-10-29 00:00:00 -0500",1,99,"B002",166096,,,," ",7,"GLP",4.13,1.03,1.21,4.24,0.76,5.00,,,,,,,"LTR"
"B","29-10-2019","2019-10-29 00:00:00 -0500",1,99,"B002",166095,,,," ",7,"GLP",8.26,1.03,1.21,8.47,1.53,10.00,,,,,,,"LTR"
"B","29-10-2019","2019-10-29 00:00:00 -0500",1,99,"B002",166094,,,," ",7,"GLP",4.13,1.03,1.21,4.24,0.76,5.00,,,,,,,"LTR"
"B","29-10-2019","2019-10-29 00:00:00 -0500",1,99,"B002",166093,,,," ",7,"GLP",16.53,1.03,1.21,16.95,3.05,20.00,,,,,,,"LTR"
"B","29-10-2019","2019-10-29 00:00:00 -0500",1,99,"B002",166092,,,," ",7,"GLP",4.96,1.03,1.21,5.08,0.92,6.00,,,,,,,"LTR"
"B","29-10-2019","2019-10-29 00:00:00 -0500",1,99,"B002",166091,,,," ",7,"GLP",8.26,1.03,1.21,8.47,1.53,10.00,,,,,,,"LTR"
"B","29-10-2019","2019-10-29 00:00:00 -0500",1,99,"B002",166090,,,," ",7,"GLP",11.74,1.03,1.21,12.03,2.17,14.20,,,,,,,"LTR"
"B","29-10-2019","2019-10-29 00:00:00 -0500",1,99,"B002",166089,,,," ",7,"GLP",8.26,1.03,1.21,8.47,1.53,10.00,,,,,,,"LTR"
"B","29-10-2019","2019-10-29 00:00:00 -0500",1,99,"B002",166088,,,," ",7,"GLP",5.79,1.03,1.21,5.93,1.07,7.00,,,,,,,"LTR"
"B","29-10-2019","2019-10-29 00:00:00 -0500",1,99,"B002",166087,,,," ",7,"GLP",6.3,1.03,1.21,6.46,1.16,7.62,,,,,,,"LTR"
"B","29-10-2019","2019-10-29 00:00:00 -0500",1,99,"B002",166086,,,," ",7,"GLP",16.53,1.03,1.21,16.95,3.05,20.00,,,,,,,"LTR"
"B","29-10-2019","2019-10-29 00:00:00 -0500",1,99,"B002",166085,,,," ",7,"GLP",8.26,1.03,1.21,8.47,1.53,10.00,,,,,,,"LTR"
"B","29-10-2019","2019-10-29 00:00:00 -0500",1,99,"B002",166084,,,," ",7,"GLP",4.13,1.03,1.21,4.24,0.76,5.00,,,,,,,"LTR"
"B","29-10-2019","2019-10-29 00:00:00 -0500",1,99,"B002",166083,,,," ",7,"GLP",4.13,1.03,1.21,4.24,0.76,5.00,,,,,,,"LTR"
"B","29-10-2019","2019-10-29 00:00:00 -0500",1,99,"B002",166082,,,," ",7,"GLP",10.74,1.03,1.21,11.02,1.98,13.00,,,,,,,"LTR"
"B","29-10-2019","2019-10-29 00:00:00 -0500",1,99,"B002",166081,,,," ",7,"GLP",9.51,1.03,1.21,9.75,1.76,11.51,,,,,,,"LTR"
"B","29-10-2019","2019-10-29 00:00:00 -0500",1,99,"B002",166080,,,," ",7,"GLP",6.61,1.03,1.21,6.78,1.22,8.00,,,,,,,"LTR"
"B","29-10-2019","2019-10-29 00:00:00 -0500",1,99,"B002",166079,,,," ",7,"GLP",8.26,1.03,1.21,8.47,1.53,10.00,,,,,,,"LTR"
"B","29-10-2019","2019-10-29 00:00:00 -0500",1,99,"B002",166078,,,," ",7,"GLP",9.92,1.03,1.21,10.17,1.83,12.00,,,,,,,"LTR"
"B","29-10-2019","2019-10-29 00:00:00 -0500",1,99,"B002",166077,,,," ",7,"GLP",5.26,1.03,1.21,5.40,0.97,6.37,,,,,,,"LTR"
"B","29-10-2019","2019-10-29 00:00:00 -0500",1,99,"B002",166076,,,," ",7,"GLP",10.74,1.03,1.21,11.01,1.98,12.99,,,,,,,"LTR"
"B","29-10-2019","2019-10-29 00:00:00 -0500",1,99,"B002",166075,,,," ",7,"GLP",4.13,1.03,1.21,4.24,0.76,5.00,,,,,,,"LTR"
"B","29-10-2019","2019-10-29 00:00:00 -0500",1,99,"B002",166074,,,," ",7,"GLP",4.96,1.03,1.21,5.08,0.92,6.00,,,,,,,"LTR"
"B","29-10-2019","2019-10-29 00:00:00 -0500",1,99,"B002",166073,,,," ",7,"GLP",8.26,1.03,1.21,8.47,1.53,10.00,,,,,,,"LTR"
"B","29-10-2019","2019-10-29 00:00:00 -0500",1,99,"B002",166072,,,," ",7,"GLP",11.16,1.03,1.21,11.44,2.06,13.50,,,,,,,"LTR"
"B","29-10-2019","2019-10-29 00:00:00 -0500",1,99,"B002",166071,,,," ",7,"GLP",5.79,1.03,1.21,5.93,1.07,7.00,,,,,,,"LTR"
"B","29-10-2019","2019-10-29 00:00:00 -0500",1,99,"B002",166070,,,," ",7,"GLP",9.92,1.03,1.21,10.17,1.83,12.00,,,,,,,"LTR"
"B","29-10-2019","2019-10-29 00:00:00 -0500",1,99,"B002",166069,,,," ",7,"GLP",8.26,1.03,1.21,8.47,1.53,10.00,,,,,,,"LTR"
"B","29-10-2019","2019-10-29 00:00:00 -0500",1,99,"B002",166068,,,," ",7,"GLP",12.4,1.03,1.21,12.71,2.29,15.00,,,,,,,"LTR"
"B","29-10-2019","2019-10-29 00:00:00 -0500",1,99,"B002",166067,,,," ",7,"GLP",4.13,1.03,1.21,4.24,0.76,5.00,,,,,,,"LTR"
"B","29-10-2019","2019-10-29 00:00:00 -0500",1,99,"B002",166066,,,," ",7,"GLP",4.13,1.03,1.21,4.24,0.76,5.00,,,,,,,"LTR"
"B","29-10-2019","2019-10-29 00:00:00 -0500",1,99,"B002",166065,,,," ",7,"GLP",4.13,1.03,1.21,4.24,0.76,5.00,,,,,,,"LTR"
"B","29-10-2019","2019-10-29 00:00:00 -0500",1,99,"B002",166064,,,," ",7,"GLP",4.13,1.03,1.21,4.24,0.76,5.00,,,,,,,"LTR"
"B","29-10-2019","2019-10-29 00:00:00 -0500",1,99,"B002",166063,,,," ",7,"GLP",13.39,1.03,1.21,13.73,2.47,16.20,,,,,,,"LTR"
"B","29-10-2019","2019-10-29 00:00:00 -0500",1,99,"B002",166062,,,," ",7,"GLP",8.26,1.03,1.21,8.47,1.53,10.00,,,,,,,"LTR"
"B","29-10-2019","2019-10-29 00:00:00 -0500",1,99,"B002",166061,,,," ",7,"GLP",16.53,1.03,1.21,16.95,3.05,20.00,,,,,,,"LTR"
"B","29-10-2019","2019-10-29 00:00:00 -0500",1,99,"B002",166060,,,," ",7,"GLP",8.94,1.03,1.21,9.17,1.65,10.82,,,,,,,"LTR"
"B","29-10-2019","2019-10-29 00:00:00 -0500",1,99,"B002",166059,,,," ",7,"GLP",8.26,1.03,1.21,8.47,1.53,10.00,,,,,,,"LTR"
"B","29-10-2019","2019-10-29 00:00:00 -0500",1,99,"B002",166058,,,," ",7,"GLP",3.55,1.03,1.21,3.64,0.66,4.30,,,,,,,"LTR"
"B","29-10-2019","2019-10-29 00:00:00 -0500",1,99,"B002",166057,,,," ",7,"GLP",3.31,1.03,1.21,3.39,0.61,4.00,,,,,,,"LTR"
"B","29-10-2019","2019-10-29 00:00:00 -0500",1,99,"B002",166056,,,," ",7,"GLP",8.26,1.03,1.21,8.47,1.53,10.00,,,,,,,"LTR"
"B","29-10-2019","2019-10-29 00:00:00 -0500",1,99,"B002",166055,,,," ",7,"GLP",16.53,1.03,1.21,16.95,3.05,20.00,,,,,,,"LTR"
"B","29-10-2019","2019-10-29 00:00:00 -0500",1,99,"B002",166054,,,," ",7,"GLP",4.13,1.03,1.21,4.24,0.76,5.00,,,,,,,"LTR"
"B","29-10-2019","2019-10-29 00:00:00 -0500",1,99,"B002",166053,,,," ",7,"GLP",4.13,1.03,1.21,4.24,0.76,5.00,,,,,,,"LTR"
"B","29-10-2019","2019-10-29 00:00:00 -0500",1,99,"B002",166052,,,," ",7,"GLP",7.52,1.03,1.21,7.71,1.39,9.10,,,,,,,"LTR"
"B","29-10-2019","2019-10-29 00:00:00 -0500",1,99,"B002",166051,,,," ",7,"GLP",4.96,1.03,1.21,5.08,0.92,6.00,,,,,,,"LTR"
"B","29-10-2019","2019-10-29 00:00:00 -0500",1,99,"B002",166050,,,," ",7,"GLP",23.55,1.03,1.21,24.15,4.35,28.50,,,,,,,"LTR"
"B","29-10-2019","2019-10-29 00:00:00 -0500",1,99,"B002",166049,,,," ",7,"GLP",6.61,1.03,1.21,6.78,1.22,8.00,,,,,,,"LTR"
"B","29-10-2019","2019-10-29 00:00:00 -0500",1,99,"B002",166048,,,," ",7,"GLP",9.92,1.03,1.21,10.17,1.83,12.00,,,,,,,"LTR"
"B","29-10-2019","2019-10-29 00:00:00 -0500",1,99,"B002",166047,,,," ",7,"GLP",6.36,1.03,1.21,6.53,1.17,7.70,,,,,,,"LTR"
"B","29-10-2019","2019-10-29 00:00:00 -0500",1,99,"B002",166046,,,," ",7,"GLP",4.13,1.03,1.21,4.24,0.76,5.00,,,,,,,"LTR"
"B","29-10-2019","2019-10-29 00:00:00 -0500",1,99,"B002",166045,,,," ",7,"GLP",5.79,1.03,1.21,5.93,1.07,7.00,,,,,,,"LTR"
"B","29-10-2019","2019-10-29 00:00:00 -0500",1,99,"B002",166044,,,," ",7,"GLP",8.26,1.03,1.21,8.47,1.53,10.00,,,,,,,"LTR"
"B","29-10-2019","2019-10-29 00:00:00 -0500",1,99,"B002",166043,,,," ",7,"GLP",8.26,1.03,1.21,8.47,1.53,10.00,,,,,,,"LTR"
"B","29-10-2019","2019-10-29 00:00:00 -0500",1,99,"B002",166042,,,," ",7,"GLP",4.13,1.03,1.21,4.24,0.76,5.00,,,,,,,"LTR"
"B","29-10-2019","2019-10-29 00:00:00 -0500",1,99,"B002",166041,,,," ",7,"GLP",8.26,1.03,1.21,8.47,1.53,10.00,,,,,,,"LTR"
"B","29-10-2019","2019-10-29 00:00:00 -0500",1,99,"B002",166040,,,," ",7,"GLP",34.71,1.03,1.21,35.59,6.41,42.00,,,,,,,"LTR"
"B","29-10-2019","2019-10-29 00:00:00 -0500",1,99,"B002",166039,,,," ",7,"GLP",8.26,1.03,1.21,8.47,1.53,10.00,,,,,,,"LTR"
"B","29-10-2019","2019-10-29 00:00:00 -0500",1,99,"B002",166038,,,," ",7,"GLP",7.63,1.03,1.21,7.82,1.41,9.23,,,,,,,"LTR"
"B","29-10-2019","2019-10-29 00:00:00 -0500",1,99,"B002",166037,,,," ",7,"GLP",7.94,1.03,1.21,8.14,1.47,9.61,,,,,,,"LTR"
"B","29-10-2019","2019-10-29 00:00:00 -0500",1,99,"B002",166036,,,," ",7,"GLP",4.96,1.03,1.21,5.08,0.92,6.00,,,,,,,"LTR"
"B","29-10-2019","2019-10-29 00:00:00 -0500",1,99,"B002",166035,,,," ",7,"GLP",16.53,1.03,1.21,16.95,3.05,20.00,,,,,,,"LTR"
"B","29-10-2019","2019-10-29 00:00:00 -0500",1,99,"B002",166034,,,," ",7,"GLP",4.13,1.03,1.21,4.24,0.76,5.00,,,,,,,"LTR"
"B","29-10-2019","2019-10-29 00:00:00 -0500",1,99,"B002",166033,,,," ",7,"GLP",3.72,1.03,1.21,3.81,0.69,4.50,,,,,,,"LTR"
"B","29-10-2019","2019-10-29 00:00:00 -0500",1,99,"B002",166032,,,," ",7,"GLP",4.13,1.03,1.21,4.24,0.76,5.00,,,,,,,"LTR"
"B","29-10-2019","2019-10-29 00:00:00 -0500",1,99,"B002",166031,,,," ",7,"GLP",6.61,1.03,1.21,6.78,1.22,8.00,,,,,,,"LTR"
"B","29-10-2019","2019-10-29 00:00:00 -0500",1,99,"B002",166030,,,," ",7,"GLP",9.92,1.03,1.21,10.17,1.83,12.00,,,,,,,"LTR"
"B","29-10-2019","2019-10-29 00:00:00 -0500",1,99,"B002",166029,,,," ",7,"GLP",27.24,1.03,1.21,27.93,5.03,32.96,,,,,,,"LTR"
"B","29-10-2019","2019-10-29 00:00:00 -0500",1,99,"B002",166028,,,," ",7,"GLP",8.26,1.03,1.21,8.47,1.53,10.00,,,,,,,"LTR"
"B","29-10-2019","2019-10-29 00:00:00 -0500",1,99,"B002",166027,,,," ",7,"GLP",20.66,1.03,1.21,21.19,3.81,25.00,,,,,,,"LTR"
"B","29-10-2019","2019-10-29 00:00:00 -0500",1,99,"B002",166026,,,," ",7,"GLP",5.79,1.03,1.21,5.93,1.07,7.00,,,,,,,"LTR"
"B","29-10-2019","2019-10-29 00:00:00 -0500",1,99,"B002",166025,,,," ",7,"GLP",4.13,1.03,1.21,4.24,0.76,5.00,,,,,,,"LTR"
"B","29-10-2019","2019-10-29 00:00:00 -0500",1,99,"B002",166024,,,," ",7,"GLP",4.13,1.03,1.21,4.24,0.76,5.00,,,,,,,"LTR"
"B","29-10-2019","2019-10-29 00:00:00 -0500",1,99,"B002",166023,,,," ",7,"GLP",6.61,1.03,1.21,6.78,1.22,8.00,,,,,,,"LTR"
"B","29-10-2019","2019-10-29 00:00:00 -0500",1,99,"B002",166022,,,," ",7,"GLP",9.09,1.03,1.21,9.32,1.68,11.00,,,,,,,"LTR"
"B","29-10-2019","2019-10-29 00:00:00 -0500",1,99,"B002",166021,,,," ",7,"GLP",8.26,1.03,1.21,8.47,1.53,10.00,,,,,,,"LTR"
"B","29-10-2019","2019-10-29 00:00:00 -0500",1,99,"B002",166020,,,," ",7,"GLP",10.33,1.03,1.21,10.59,1.91,12.50,,,,,,,"LTR"
"B","29-10-2019","2019-10-29 00:00:00 -0500",1,99,"B002",166019,,,," ",7,"GLP",7.61,1.03,1.21,7.81,1.40,9.21,,,,,,,"LTR"
"B","29-10-2019","2019-10-29 00:00:00 -0500",1,99,"B002",166018,,,," ",7,"GLP",4.96,1.03,1.21,5.08,0.92,6.00,,,,,,,"LTR"
"B","29-10-2019","2019-10-29 00:00:00 -0500",1,99,"B002",166017,,,," ",7,"GLP",11.82,1.03,1.21,12.12,2.18,14.30,,,,,,,"LTR"
"B","29-10-2019","2019-10-29 00:00:00 -0500",1,99,"B002",166016,,,," ",7,"GLP",8.26,1.03,1.21,8.47,1.53,10.00,,,,,,,"LTR"
"B","29-10-2019","2019-10-29 00:00:00 -0500",1,99,"B002",166015,,,," ",7,"GLP",8.26,1.03,1.21,8.47,1.53,10.00,,,,,,,"LTR"
"B","29-10-2019","2019-10-29 00:00:00 -0500",1,99,"B002",166014,,,," ",7,"GLP",4.13,1.03,1.21,4.24,0.76,5.00,,,,,,,"LTR"
"B","29-10-2019","2019-10-29 00:00:00 -0500",1,99,"B002",166013,,,," ",7,"GLP",4.96,1.03,1.21,5.08,0.92,6.00,,,,,,,"LTR"
"B","29-10-2019","2019-10-29 00:00:00 -0500",1,99,"B002",166012,,,," ",7,"GLP",5.79,1.03,1.21,5.93,1.07,7.00,,,,,,,"LTR"
"B","29-10-2019","2019-10-29 00:00:00 -0500",1,99,"B002",166011,,,," ",7,"GLP",4.96,1.03,1.21,5.08,0.92,6.00,,,,,,,"LTR"
"B","29-10-2019","2019-10-29 00:00:00 -0500",1,99,"B002",166010,,,," ",7,"GLP",5.79,1.03,1.21,5.93,1.07,7.00,,,,,,,"LTR"
"B","29-10-2019","2019-10-29 00:00:00 -0500",1,99,"B002",166009,,,," ",7,"GLP",10.41,1.03,1.21,10.68,1.92,12.60,,,,,,,"LTR"
"B","29-10-2019","2019-10-29 00:00:00 -0500",1,99,"B002",166008,,,," ",7,"GLP",4.96,1.03,1.21,5.08,0.92,6.00,,,,,,,"LTR"
"B","29-10-2019","2019-10-29 00:00:00 -0500",1,99,"B002",166007,,,," ",7,"GLP",4.13,1.03,1.21,4.24,0.76,5.00,,,,,,,"LTR"
"B","29-10-2019","2019-10-29 00:00:00 -0500",1,99,"B002",166006,,,," ",7,"GLP",8.26,1.03,1.21,8.47,1.53,10.00,,,,,,,"LTR"
"B","29-10-2019","2019-10-29 00:00:00 -0500",1,99,"B002",166005,,,," ",7,"GLP",5.79,1.03,1.21,5.93,1.07,7.00,,,,,,,"LTR"
"B","29-10-2019","2019-10-29 00:00:00 -0500",1,99,"B002",166004,,,," ",7,"GLP",8.26,1.03,1.21,8.47,1.53,10.00,,,,,,,"LTR"
"B","29-10-2019","2019-10-29 00:00:00 -0500",1,99,"B002",166003,,,," ",7,"GLP",10.67,1.03,1.21,10.94,1.97,12.91,,,,,,,"LTR"
"B","29-10-2019","2019-10-29 00:00:00 -0500",1,99,"B002",166002,,,," ",7,"GLP",5.79,1.03,1.21,5.93,1.07,7.00,,,,,,,"LTR"
"B","29-10-2019","2019-10-29 00:00:00 -0500",1,99,"B002",166001,,,," ",7,"GLP",10.74,1.03,1.21,11.02,1.98,13.00,,,,,,,"LTR"
"B","29-10-2019","2019-10-29 00:00:00 -0500",1,99,"B002",166000,,,," ",7,"GLP",4.13,1.03,1.21,4.24,0.76,5.00,,,,,,,"LTR"
"B","29-10-2019","2019-10-29 00:00:00 -0500",1,99,"B002",165999,,,," ",7,"GLP",8.26,1.03,1.21,8.47,1.53,10.00,,,,,,,"LTR"
"B","29-10-2019","2019-10-29 00:00:00 -0500",1,99,"B002",165998,,,," ",7,"GLP",16.53,1.03,1.21,16.95,3.05,20.00,,,,,,,"LTR"
"B","29-10-2019","2019-10-29 00:00:00 -0500",1,99,"B002",165997,,,," ",7,"GLP",8.51,1.03,1.21,8.73,1.57,10.30,,,,,,,"LTR"
"B","29-10-2019","2019-10-29 00:00:00 -0500",1,99,"B002",165996,,,," ",7,"GLP",9.09,1.03,1.21,9.32,1.68,11.00,,,,,,,"LTR"
"B","29-10-2019","2019-10-29 00:00:00 -0500",1,99,"B002",165995,,,," ",4,"Gasohol 98",0.12,13.13,15.49,1.53,0.28,1.81,,,,,,,"GLL"
"B","29-10-2019","2019-10-29 00:00:00 -0500",1,99,"B002",165994,,,," ",7,"GLP",8.26,1.03,1.21,8.47,1.53,10.00,,,,,,,"LTR"
"B","29-10-2019","2019-10-29 00:00:00 -0500",1,99,"B002",165993,,,," ",7,"GLP",8.26,1.03,1.21,8.47,1.53,10.00,,,,,,,"LTR"
"B","29-10-2019","2019-10-29 00:00:00 -0500",1,99,"B002",165992,,,," ",7,"GLP",4.13,1.03,1.21,4.24,0.76,5.00,,,,,,,"LTR"
"B","29-10-2019","2019-10-29 00:00:00 -0500",1,99,"B002",165991,,,," ",7,"GLP",9.92,1.03,1.21,10.17,1.83,12.00,,,,,,,"LTR"
"B","29-10-2019","2019-10-29 00:00:00 -0500",1,99,"B002",165990,,,," ",7,"GLP",4.13,1.03,1.21,4.24,0.76,5.00,,,,,,,"LTR"
"B","29-10-2019","2019-10-29 00:00:00 -0500",1,99,"B002",165989,,,," ",7,"GLP",6.7,1.03,1.21,6.87,1.24,8.11,,,,,,,"LTR"
"B","29-10-2019","2019-10-29 00:00:00 -0500",1,99,"B002",165988,,,," ",7,"GLP",9.92,1.03,1.21,10.17,1.83,12.00,,,,,,,"LTR"
"B","29-10-2019","2019-10-29 00:00:00 -0500",1,99,"B002",165987,,,," ",7,"GLP",8.26,1.03,1.21,8.47,1.53,10.00,,,,,,,"LTR"
"B","29-10-2019","2019-10-29 00:00:00 -0500",1,99,"B002",165986,,,," ",7,"GLP",7.44,1.03,1.21,7.63,1.37,9.00,,,,,,,"LTR"
"B","29-10-2019","2019-10-29 00:00:00 -0500",1,99,"B002",165985,,,," ",4,"Gasohol 98",0.65,13.13,15.49,8.47,1.53,10.00,,,,,,,"GLL"
"B","29-10-2019","2019-10-29 00:00:00 -0500",1,99,"B002",165984,,,," ",7,"GLP",7.44,1.03,1.21,7.63,1.37,9.00,,,,,,,"LTR"
"B","29-10-2019","2019-10-29 00:00:00 -0500",1,99,"B002",165983,,,," ",7,"GLP",12.4,1.03,1.21,12.71,2.29,15.00,,,,,,,"LTR"
"B","29-10-2019","2019-10-29 00:00:00 -0500",1,99,"B002",165982,,,," ",7,"GLP",2.57,1.03,1.21,2.64,0.47,3.11,,,,,,,"LTR"
"B","29-10-2019","2019-10-29 00:00:00 -0500",1,99,"B002",165981,,,," ",7,"GLP",8.26,1.03,1.21,8.47,1.53,10.00,,,,,,,"LTR"
"B","29-10-2019","2019-10-29 00:00:00 -0500",1,99,"B002",165980,,,," ",7,"GLP",8.26,1.03,1.21,8.47,1.53,10.00,,,,,,,"LTR"
"B","29-10-2019","2019-10-29 00:00:00 -0500",1,99,"B002",165979,,,," ",7,"GLP",6.61,1.03,1.21,6.78,1.22,8.00,,,,,,,"LTR"
"B","29-10-2019","2019-10-29 00:00:00 -0500",1,99,"B002",165978,,,," ",7,"GLP",5.79,1.03,1.21,5.93,1.07,7.00,,,,,,,"LTR"
"B","29-10-2019","2019-10-29 00:00:00 -0500",1,99,"B002",165977,,,," ",7,"GLP",15.87,1.03,1.21,16.27,2.93,19.20,,,,,,,"LTR"
"B","29-10-2019","2019-10-29 00:00:00 -0500",1,99,"B002",165976,,,," ",7,"GLP",8.26,1.03,1.21,8.47,1.53,10.00,,,,,,,"LTR"
"B","29-10-2019","2019-10-29 00:00:00 -0500",1,99,"B002",165975,,,," ",7,"GLP",20.66,1.03,1.21,21.19,3.81,25.00,,,,,,,"LTR"
"B","29-10-2019","2019-10-29 00:00:00 -0500",1,99,"B002",165974,,,," ",7,"GLP",4.13,1.03,1.21,4.24,0.76,5.00,,,,,,,"LTR"
"B","29-10-2019","2019-10-29 00:00:00 -0500",1,99,"B002",165973,,,," ",7,"GLP",20.66,1.03,1.21,21.19,3.81,25.00,,,,,,,"LTR"
"B","29-10-2019","2019-10-29 00:00:00 -0500",1,99,"B002",165972,,,," ",7,"GLP",5.79,1.03,1.21,5.93,1.07,7.00,,,,,,,"LTR"
"B","29-10-2019","2019-10-29 00:00:00 -0500",1,99,"B002",165971,,,," ",7,"GLP",16.53,1.03,1.21,16.95,3.05,20.00,,,,,,,"LTR"
"B","29-10-2019","2019-10-29 00:00:00 -0500",1,99,"B002",165970,,,," ",7,"GLP",24.79,1.03,1.21,25.42,4.58,30.00,,,,,,,"LTR"
"B","29-10-2019","2019-10-29 00:00:00 -0500",1,99,"B002",165969,,,," ",7,"GLP",4.13,1.03,1.21,4.24,0.76,5.00,,,,,,,"LTR"
"B","29-10-2019","2019-10-29 00:00:00 -0500",1,99,"B002",165968,,,," ",7,"GLP",4.13,1.03,1.21,4.24,0.76,5.00,,,,,,,"LTR"
"B","29-10-2019","2019-10-29 00:00:00 -0500",1,99,"B002",165967,,,," ",7,"GLP",12.4,1.03,1.21,12.71,2.29,15.00,,,,,,,"LTR"
"B","29-10-2019","2019-10-29 00:00:00 -0500",1,99,"B002",165966,,,," ",7,"GLP",7.03,1.03,1.21,7.20,1.30,8.50,,,,,,,"LTR"
"B","29-10-2019","2019-10-29 00:00:00 -0500",1,99,"B002",165965,,,," ",7,"GLP",5.79,1.03,1.21,5.93,1.07,7.00,,,,,,,"LTR"
"B","29-10-2019","2019-10-29 00:00:00 -0500",1,99,"B002",165964,,,," ",7,"GLP",24.8,1.03,1.21,25.43,4.58,30.01,,,,,,,"LTR"
"B","29-10-2019","2019-10-29 00:00:00 -0500",1,99,"B002",165963,,,," ",7,"GLP",9.92,1.03,1.21,10.17,1.83,12.00,,,,,,,"LTR"
"B","29-10-2019","2019-10-29 00:00:00 -0500",1,99,"B002",165962,,,," ",7,"GLP",16.53,1.03,1.21,16.95,3.05,20.00,,,,,,,"LTR"
"B","29-10-2019","2019-10-29 00:00:00 -0500",1,99,"B002",165961,,,," ",7,"GLP",7.12,1.03,1.21,7.30,1.31,8.61,,,,,,,"LTR"
"B","29-10-2019","2019-10-29 00:00:00 -0500",1,99,"B002",165960,,,," ",7,"GLP",6.61,1.03,1.21,6.78,1.22,8.00,,,,,,,"LTR"
"B","29-10-2019","2019-10-29 00:00:00 -0500",1,99,"B002",165959,,,," ",7,"GLP",6.61,1.03,1.21,6.78,1.22,8.00,,,,,,,"LTR"
"B","29-10-2019","2019-10-29 00:00:00 -0500",1,99,"B002",165958,,,," ",7,"GLP",5.79,1.03,1.21,5.93,1.07,7.00,,,,,,,"LTR"
"B","29-10-2019","2019-10-29 00:00:00 -0500",1,99,"B002",165957,,,," ",7,"GLP",12.4,1.03,1.21,12.71,2.29,15.00,,,,,,,"LTR"
"B","29-10-2019","2019-10-29 00:00:00 -0500",1,99,"B002",165956,,,," ",7,"GLP",8.26,1.03,1.21,8.47,1.53,10.00,,,,,,,"LTR"
"B","29-10-2019","2019-10-29 00:00:00 -0500",1,99,"B002",165955,,,," ",7,"GLP",9.92,1.03,1.21,10.17,1.83,12.00,,,,,,,"LTR"
"B","29-10-2019","2019-10-29 00:00:00 -0500",1,99,"B002",165954,,,," ",7,"GLP",9.09,1.03,1.21,9.32,1.68,11.00,,,,,,,"LTR"
"B","29-10-2019","2019-10-29 00:00:00 -0500",1,99,"B002",165953,,,," ",7,"GLP",6.61,1.03,1.21,6.78,1.22,8.00,,,,,,,"LTR"
"B","29-10-2019","2019-10-29 00:00:00 -0500",1,99,"B002",165952,,,," ",7,"GLP",8.26,1.03,1.21,8.47,1.53,10.00,,,,,,,"LTR"
"B","29-10-2019","2019-10-29 00:00:00 -0500",1,99,"B002",165951,,,," ",7,"GLP",10.66,1.03,1.21,10.93,1.97,12.90,,,,,,,"LTR"
"B","29-10-2019","2019-10-29 00:00:00 -0500",1,99,"B002",165950,,,," ",7,"GLP",8.26,1.03,1.21,8.47,1.53,10.00,,,,,,,"LTR"
"B","29-10-2019","2019-10-29 00:00:00 -0500",1,99,"B002",165949,,,," ",7,"GLP",18.18,1.03,1.21,18.64,3.36,22.00,,,,,,,"LTR"
"B","29-10-2019","2019-10-29 00:00:00 -0500",1,99,"B002",165948,,,," ",7,"GLP",12.4,1.03,1.21,12.71,2.29,15.00,,,,,,,"LTR"
"B","29-10-2019","2019-10-29 00:00:00 -0500",1,99,"B002",165947,,,," ",7,"GLP",6.61,1.03,1.21,6.78,1.22,8.00,,,,,,,"LTR"
"B","29-10-2019","2019-10-29 00:00:00 -0500",1,99,"B002",165946,,,," ",7,"GLP",9.09,1.03,1.21,9.32,1.68,11.00,,,,,,,"LTR"
"B","29-10-2019","2019-10-29 00:00:00 -0500",1,99,"B002",165945,,,," ",7,"GLP",5.07,1.03,1.21,5.20,0.94,6.14,,,,,,,"LTR"
"B","29-10-2019","2019-10-29 00:00:00 -0500",1,99,"B002",165944,,,," ",7,"GLP",24.79,1.03,1.21,25.42,4.58,30.00,,,,,,,"LTR"
"B","29-10-2019","2019-10-29 00:00:00 -0500",1,99,"B002",165943,,,," ",7,"GLP",5.79,1.03,1.21,5.93,1.07,7.00,,,,,,,"LTR"
"B","29-10-2019","2019-10-29 00:00:00 -0500",1,99,"B002",165942,,,," ",7,"GLP",8.26,1.03,1.21,8.47,1.53,10.00,,,,,,,"LTR"
"B","29-10-2019","2019-10-29 00:00:00 -0500",1,99,"B002",165941,,,," ",7,"GLP",8.27,1.03,1.21,8.48,1.53,10.01,,,,,,,"LTR"
"B","29-10-2019","2019-10-29 00:00:00 -0500",1,99,"B002",165940,,,," ",7,"GLP",8.26,1.03,1.21,8.47,1.53,10.00,,,,,,,"LTR"
"B","29-10-2019","2019-10-29 00:00:00 -0500",1,99,"B002",165939,,,," ",7,"GLP",4.96,1.03,1.21,5.08,0.92,6.00,,,,,,,"LTR"
"B","29-10-2019","2019-10-29 00:00:00 -0500",1,99,"B002",165938,,,," ",7,"GLP",8.26,1.03,1.21,8.47,1.53,10.00,,,,,,,"LTR"
"B","29-10-2019","2019-10-29 00:00:00 -0500",1,99,"B002",165937,,,," ",7,"GLP",16.53,1.03,1.21,16.95,3.05,20.00,,,,,,,"LTR"
"B","29-10-2019","2019-10-29 00:00:00 -0500",1,99,"B002",165936,,,," ",7,"GLP",6.61,1.03,1.21,6.78,1.22,8.00,,,,,,,"LTR"
"B","29-10-2019","2019-10-29 00:00:00 -0500",1,99,"B002",165935,,,," ",7,"GLP",16.53,1.03,1.21,16.95,3.05,20.00,,,,,,,"LTR"
"B","29-10-2019","2019-10-29 00:00:00 -0500",1,99,"B002",165934,,,," ",7,"GLP",4.13,1.03,1.21,4.24,0.76,5.00,,,,,,,"LTR"
"B","29-10-2019","2019-10-29 00:00:00 -0500",1,99,"B002",165933,,,," ",5,"DieselPro B5 S50 UV",5.07,10.03,11.84,50.85,9.15,60.00,,,,,,,"GLL"
"B","29-10-2019","2019-10-29 00:00:00 -0500",1,99,"B002",165932,,,," ",7,"GLP",24.8,1.03,1.21,25.43,4.58,30.01,,,,,,,"LTR"
"B","29-10-2019","2019-10-29 00:00:00 -0500",1,99,"B002",165931,,,," ",7,"GLP",25.72,1.03,1.21,26.37,4.75,31.12,,,,,,,"LTR"
"B","29-10-2019","2019-10-29 00:00:00 -0500",1,99,"B002",165930,,,," ",7,"GLP",18.19,1.03,1.21,18.65,3.36,22.01,,,,,,,"LTR"
"B","29-10-2019","2019-10-29 00:00:00 -0500",1,99,"B002",165929,,,," ",7,"GLP",53.09,1.03,1.21,54.44,9.80,64.24,,,,,,,"LTR"
"B","29-10-2019","2019-10-29 00:00:00 -0500",1,99,"B002",165928,,,," ",7,"GLP",74.98,1.03,1.21,76.89,13.84,90.73,,,,,,,"LTR"
"B","29-10-2019","2019-10-29 00:00:00 -0500",1,99,"B002",165927,,,," ",7,"GLP",8.26,1.03,1.21,8.47,1.53,10.00,,,,,,,"LTR"
"B","29-10-2019","2019-10-29 00:00:00 -0500",1,99,"B002",165926,,,," ",7,"GLP",14.02,1.03,1.21,14.37,2.59,16.96,,,,,,,"LTR"
"B","29-10-2019","2019-10-29 00:00:00 -0500",1,99,"B002",165925,,,," ",5,"DieselPro B5 S50 UV",4.22,10.03,11.84,42.37,7.63,50.00,,,,,,,"GLL"
"B","29-10-2019","2019-10-29 00:00:00 -0500",1,99,"B002",165924,,,," ",7,"GLP",8.26,1.03,1.21,8.47,1.53,10.00,,,,,,,"LTR"
"B","29-10-2019","2019-10-29 00:00:00 -0500",1,99,"B002",165923,,,," ",7,"GLP",12.4,1.03,1.21,12.71,2.29,15.00,,,,,,,"LTR"
"B","29-10-2019","2019-10-29 00:00:00 -0500",1,99,"B002",165922,,,," ",7,"GLP",39.67,1.03,1.21,40.68,7.32,48.00,,,,,,,"LTR"
"B","29-10-2019","2019-10-29 00:00:00 -0500",1,99,"B002",165921,,,," ",7,"GLP",2.48,1.03,1.21,2.54,0.46,3.00,,,,,,,"LTR"
"B","29-10-2019","2019-10-29 00:00:00 -0500",1,99,"B002",165920,,,," ",7,"GLP",11.98,1.03,1.21,12.29,2.21,14.50,,,,,,,"LTR"
"B","29-10-2019","2019-10-29 00:00:00 -0500",1,99,"B002",165919,,,," ",7,"GLP",4.55,1.03,1.21,4.67,0.84,5.51,,,,,,,"LTR"
"B","29-10-2019","2019-10-29 00:00:00 -0500",1,99,"B002",165918,,,," ",7,"GLP",11.39,1.03,1.21,11.68,2.10,13.78,,,,,,,"LTR"
"B","29-10-2019","2019-10-29 00:00:00 -0500",1,99,"B002",165917,,,," ",7,"GLP",8.26,1.03,1.21,8.47,1.53,10.00,,,,,,,"LTR"
"B","29-10-2019","2019-10-29 00:00:00 -0500",1,99,"B002",165916,,,," ",5,"DieselPro B5 S50 UV",2.53,10.03,11.84,25.42,4.58,30.00,,,,,,,"GLL"
"B","29-10-2019","2019-10-29 00:00:00 -0500",1,99,"B101",24698,,,," ",2,"GASOHOL 90",0.39,10.82,12.77,4.24,0.76,5.00,,,,,,,"GLL"
"B","29-10-2019","2019-10-29 00:00:00 -0500",1,99,"B101",24697,,,," ",2,"GASOHOL 90",1.57,10.82,12.77,16.95,3.05,20.00,,,,,,,"GLL"
"B","29-10-2019","2019-10-29 00:00:00 -0500",1,99,"B101",24696,,,," ",2,"GASOHOL 90",0.39,10.82,12.77,4.24,0.76,5.00,,,,,,,"GLL"
"B","29-10-2019","2019-10-29 00:00:00 -0500",1,99,"B101",24695,,,," ",5,"DIESEL PRO B5",4.21,10.08,11.89,42.37,7.63,50.00,,,,,,,"GLL"
"B","29-10-2019","2019-10-29 00:00:00 -0500",1,99,"B101",24694,,,," ",3,"GASOHOL 95",2.18,11.67,13.77,25.42,4.58,30.00,,,,,,,"GLL"
"B","29-10-2019","2019-10-29 00:00:00 -0500",1,99,"B101",24693,,,," ",2,"GASOHOL 90",0.78,10.82,12.77,8.47,1.53,10.00,,,,,,,"GLL"
"B","29-10-2019","2019-10-29 00:00:00 -0500",1,99,"B101",24692,,,," ",2,"GASOHOL 90",1.57,10.82,12.77,16.95,3.05,20.00,,,,,,,"GLL"
"B","29-10-2019","2019-10-29 00:00:00 -0500",1,99,"B101",24691,,,," ",5,"DIESEL PRO B5",2.94,10.08,11.89,29.66,5.34,35.00,,,,,,,"GLL"
"B","29-10-2019","2019-10-29 00:00:00 -0500",1,99,"B101",24690,,,," ",3,"GASOHOL 95",1.45,11.67,13.77,16.95,3.05,20.00,,,,,,,"GLL"
"B","29-10-2019","2019-10-29 00:00:00 -0500",1,99,"B101",24689,,,," ",2,"GASOHOL 90",1.57,10.82,12.77,16.95,3.05,20.00,,,,,,,"GLL"
"B","29-10-2019","2019-10-29 00:00:00 -0500",1,99,"B101",24688,,,," ",2,"GASOHOL 90",0.55,10.82,12.77,5.95,1.07,7.02,,,,,,,"GLL"
"B","29-10-2019","2019-10-29 00:00:00 -0500",1,99,"B101",24687,,,," ",3,"GASOHOL 95",1.45,11.67,13.77,16.95,3.05,20.00,,,,,,,"GLL"
"B","29-10-2019","2019-10-29 00:00:00 -0500",1,99,"B101",24686,,,," ",5,"DIESEL PRO B5",4.21,10.08,11.89,42.37,7.63,50.00,,,,,,,"GLL"
"B","29-10-2019","2019-10-29 00:00:00 -0500",1,99,"B101",24685,,,," ",3,"GASOHOL 95",2.18,11.67,13.77,25.42,4.58,30.00,,,,,,,"GLL"
"B","29-10-2019","2019-10-29 00:00:00 -0500",1,99,"B101",24684,,,," ",5,"DIESEL PRO B5",1.68,10.08,11.89,16.95,3.05,20.00,,,,,,,"GLL"
"B","29-10-2019","2019-10-29 00:00:00 -0500",1,99,"B101",24683,,,," ",3,"GASOHOL 95",3.63,11.67,13.77,42.37,7.63,50.00,,,,,,,"GLL"
"B","29-10-2019","2019-10-29 00:00:00 -0500",1,99,"B101",24682,,,," ",2,"GASOHOL 90",0.39,10.82,12.77,4.24,0.76,5.00,,,,,,,"GLL"
"B","29-10-2019","2019-10-29 00:00:00 -0500",1,99,"B101",24681,,,," ",2,"GASOHOL 90",0.39,10.82,12.77,4.24,0.76,5.00,,,,,,,"GLL"
"B","29-10-2019","2019-10-29 00:00:00 -0500",1,99,"B101",24680,,,," ",2,"GASOHOL 90",0.39,10.82,12.77,4.24,0.76,5.00,,,,,,,"GLL"
"B","29-10-2019","2019-10-29 00:00:00 -0500",1,99,"B101",24679,,,," ",2,"GASOHOL 90",0.39,10.82,12.77,4.24,0.76,5.00,,,,,,,"GLL"
"B","29-10-2019","2019-10-29 00:00:00 -0500",1,99,"B101",24678,,,," ",2,"GASOHOL 90",0.78,10.82,12.77,8.47,1.53,10.00,,,,,,,"GLL"
"B","29-10-2019","2019-10-29 00:00:00 -0500",1,99,"B101",24677,,,," ",2,"GASOHOL 90",0.78,10.82,12.77,8.47,1.53,10.00,,,,,,,"GLL"
"B","29-10-2019","2019-10-29 00:00:00 -0500",1,99,"B101",24676,,,," ",2,"GASOHOL 90",0.39,10.82,12.77,4.24,0.76,5.00,,,,,,,"GLL"
"B","29-10-2019","2019-10-29 00:00:00 -0500",1,99,"B101",24675,,,," ",2,"GASOHOL 90",0.78,10.82,12.77,8.47,1.53,10.00,,,,,,,"GLL"
"B","29-10-2019","2019-10-29 00:00:00 -0500",1,99,"B101",24674,,,," ",2,"GASOHOL 90",0.39,10.82,12.77,4.24,0.76,5.00,,,,,,,"GLL"
"B","29-10-2019","2019-10-29 00:00:00 -0500",1,99,"B101",24673,,,," ",5,"DIESEL PRO B5",0.84,10.08,11.89,8.47,1.53,10.00,,,,,,,"GLL"
"B","29-10-2019","2019-10-29 00:00:00 -0500",1,99,"B101",24672,,,," ",3,"GASOHOL 95",0.36,11.67,13.77,4.24,0.76,5.00,,,,,,,"GLL"
"B","29-10-2019","2019-10-29 00:00:00 -0500",1,99,"B101",24671,,,," ",2,"GASOHOL 90",0.39,10.82,12.77,4.24,0.76,5.00,,,,,,,"GLL"
"B","29-10-2019","2019-10-29 00:00:00 -0500",1,99,"B101",24670,,,," ",2,"GASOHOL 90",0.7,10.82,12.77,7.62,1.37,8.99,,,,,,,"GLL"
"B","29-10-2019","2019-10-29 00:00:00 -0500",1,99,"B101",24669,,,," ",3,"GASOHOL 95",12.82,11.67,13.77,149.60,26.93,176.53,,,,,,,"GLL"
"B","29-10-2019","2019-10-29 00:00:00 -0500",1,99,"B101",24668,,,," ",5,"DIESEL PRO B5",4.21,10.08,11.89,42.37,7.63,50.00,,,,,,,"GLL"
"B","29-10-2019","2019-10-29 00:00:00 -0500",1,99,"B101",24667,,,," ",3,"GASOHOL 95",1.54,11.67,13.77,17.96,3.23,21.19,,,,,,,"GLL"
"B","29-10-2019","2019-10-29 00:00:00 -0500",1,99,"B101",24666,,,," ",3,"GASOHOL 95",0.73,11.67,13.77,8.47,1.53,10.00,,,,,,,"GLL"
"B","29-10-2019","2019-10-29 00:00:00 -0500",1,99,"B101",24665,,,," ",2,"GASOHOL 90",1.57,10.82,12.77,16.95,3.05,20.00,,,,,,,"GLL"
"B","29-10-2019","2019-10-29 00:00:00 -0500",1,99,"B101",24664,,,," ",2,"GASOHOL 90",0.78,10.82,12.77,8.47,1.53,10.00,,,,,,,"GLL"
"B","29-10-2019","2019-10-29 00:00:00 -0500",1,99,"B101",24663,,,," ",2,"GASOHOL 90",0.55,10.82,12.77,5.93,1.07,7.00,,,,,,,"GLL"
"B","29-10-2019","2019-10-29 00:00:00 -0500",1,99,"B101",24662,,,," ",2,"GASOHOL 90",1.57,10.82,12.77,16.95,3.05,20.00,,,,,,,"GLL"
"B","29-10-2019","2019-10-29 00:00:00 -0500",1,99,"B101",24661,,,," ",2,"GASOHOL 90",0.39,10.82,12.77,4.24,0.76,5.00,,,,,,,"GLL"
"B","29-10-2019","2019-10-29 00:00:00 -0500",1,99,"B101",24660,,,," ",2,"GASOHOL 90",0.12,10.82,12.77,1.27,0.23,1.50,,,,,,,"GLL"
"B","29-10-2019","2019-10-29 00:00:00 -0500",1,99,"B101",24659,,,," ",2,"GASOHOL 90",0.39,10.82,12.77,4.24,0.76,5.00,,,,,,,"GLL"
"B","29-10-2019","2019-10-29 00:00:00 -0500",1,99,"B101",24658,,,," ",2,"GASOHOL 90",3.92,10.82,12.77,42.37,7.63,50.00,,,,,,,"GLL"
"B","29-10-2019","2019-10-29 00:00:00 -0500",1,99,"B101",24657,,,," ",2,"GASOHOL 90",0.39,10.82,12.77,4.24,0.76,5.00,,,,,,,"GLL"
"B","29-10-2019","2019-10-29 00:00:00 -0500",1,99,"B101",24656,,,," ",3,"GASOHOL 95",0.36,11.67,13.77,4.24,0.76,5.00,,,,,,,"GLL"
"B","29-10-2019","2019-10-29 00:00:00 -0500",1,99,"B101",24655,,,," ",2,"GASOHOL 90",0.39,10.82,12.77,4.24,0.76,5.00,,,,,,,"GLL"
"B","29-10-2019","2019-10-29 00:00:00 -0500",1,99,"B101",24654,,,," ",2,"GASOHOL 90",0.78,10.82,12.77,8.47,1.53,10.00,,,,,,,"GLL"
"B","29-10-2019","2019-10-29 00:00:00 -0500",1,99,"B101",24653,,,," ",5,"DIESEL PRO B5",4.21,10.08,11.89,42.37,7.63,50.00,,,,,,,"GLL"
"B","29-10-2019","2019-10-29 00:00:00 -0500",1,99,"B101",24652,,,," ",5,"DIESEL PRO B5",3.36,10.08,11.89,33.90,6.10,40.00,,,,,,,"GLL"
"B","29-10-2019","2019-10-29 00:00:00 -0500",1,99,"B101",24651,,,," ",2,"GASOHOL 90",1.57,10.82,12.77,16.95,3.05,20.00,,,,,,,"GLL"
"B","29-10-2019","2019-10-29 00:00:00 -0500",1,99,"B101",24650,,,," ",3,"GASOHOL 95",1.45,11.67,13.77,16.95,3.05,20.00,,,,,,,"GLL"
"B","29-10-2019","2019-10-29 00:00:00 -0500",1,99,"B101",24649,,,," ",2,"GASOHOL 90",0.08,10.82,12.77,0.85,0.15,1.00,,,,,,,"GLL"
"B","29-10-2019","2019-10-29 00:00:00 -0500",1,99,"B101",24648,,,," ",2,"GASOHOL 90",0.12,10.82,12.77,1.27,0.23,1.50,,,,,,,"GLL"
"B","29-10-2019","2019-10-29 00:00:00 -0500",1,99,"B101",24647,,,," ",4,"GASOHOL 98",1.98,12.87,15.19,25.42,4.58,30.00,,,,,,,"GLL"
"B","29-10-2019","2019-10-29 00:00:00 -0500",1,99,"B101",24646,,,," ",2,"GASOHOL 90",0.39,10.82,12.77,4.24,0.76,5.00,,,,,,,"GLL"
"B","29-10-2019","2019-10-29 00:00:00 -0500",1,99,"B101",24645,,,," ",2,"GASOHOL 90",0.78,10.82,12.77,8.47,1.53,10.00,,,,,,,"GLL"
"B","29-10-2019","2019-10-29 00:00:00 -0500",1,99,"B101",24644,,,," ",2,"GASOHOL 90",0.78,10.82,12.77,8.47,1.53,10.00,,,,,,,"GLL"
"B","29-10-2019","2019-10-29 00:00:00 -0500",1,99,"B101",24643,,,," ",2,"GASOHOL 90",0.78,10.82,12.77,8.47,1.53,10.00,,,,,,,"GLL"
"B","29-10-2019","2019-10-29 00:00:00 -0500",1,99,"B101",24642,,,," ",5,"DIESEL PRO B5",2.52,10.08,11.89,25.42,4.58,30.00,,,,,,,"GLL"
"B","29-10-2019","2019-10-29 00:00:00 -0500",1,99,"B101",24641,,,," ",2,"GASOHOL 90",0.39,10.82,12.77,4.24,0.76,5.00,,,,,,,"GLL"
"B","29-10-2019","2019-10-29 00:00:00 -0500",1,99,"B101",24640,,,," ",5,"DIESEL PRO B5",1.68,10.08,11.89,16.95,3.05,20.00,,,,,,,"GLL"
"B","29-10-2019","2019-10-29 00:00:00 -0500",1,99,"B101",24639,,,," ",5,"DIESEL PRO B5",4.21,10.08,11.89,42.37,7.63,50.00,,,,,,,"GLL"
"B","29-10-2019","2019-10-29 00:00:00 -0500",1,99,"B101",24638,,,," ",2,"GASOHOL 90",0.78,10.82,12.77,8.47,1.53,10.00,,,,,,,"GLL"
"B","29-10-2019","2019-10-29 00:00:00 -0500",1,99,"B101",24637,,,," ",2,"GASOHOL 90",1.96,10.82,12.77,21.19,3.81,25.00,,,,,,,"GLL"
"B","29-10-2019","2019-10-29 00:00:00 -0500",1,99,"B101",24636,,,," ",2,"GASOHOL 90",0.86,10.82,12.77,9.32,1.68,11.00,,,,,,,"GLL"
"B","29-10-2019","2019-10-29 00:00:00 -0500",1,99,"B101",24635,,,," ",2,"GASOHOL 90",0.39,10.82,12.77,4.24,0.76,5.00,,,,,,,"GLL"
"B","29-10-2019","2019-10-29 00:00:00 -0500",1,99,"B101",24634,,,," ",4,"GASOHOL 98",5.03,12.87,15.19,64.79,11.66,76.45,,,,,,,"GLL"
"B","29-10-2019","2019-10-29 00:00:00 -0500",1,99,"B101",24633,,,," ",3,"GASOHOL 95",7.7,11.67,13.77,89.83,16.17,106.00,,,,,,,"GLL"
"B","29-10-2019","2019-10-29 00:00:00 -0500",1,99,"B101",24632,,,," ",5,"DIESEL PRO B5",0.84,10.08,11.89,8.47,1.53,10.00,,,,,,,"GLL"
"B","29-10-2019","2019-10-29 00:00:00 -0500",1,99,"B101",24631,,,," ",2,"GASOHOL 90",7.28,10.82,12.77,78.73,14.17,92.90,,,,,,,"GLL"
"B","29-10-2019","2019-10-29 00:00:00 -0500",1,99,"B101",24630,,,," ",2,"GASOHOL 90",0.56,10.82,12.77,6.04,1.09,7.13,,,,,,,"GLL"
"B","29-10-2019","2019-10-29 00:00:00 -0500",1,99,"B101",24629,,,," ",3,"GASOHOL 95",1.45,11.67,13.77,16.95,3.05,20.00,,,,,,,"GLL"
"B","29-10-2019","2019-10-29 00:00:00 -0500",1,99,"B101",24628,,,," ",2,"GASOHOL 90",0.55,10.82,12.77,5.93,1.07,7.00,,,,,,,"GLL"
"B","29-10-2019","2019-10-29 00:00:00 -0500",1,99,"B101",24627,,,," ",2,"GASOHOL 90",0.78,10.82,12.77,8.47,1.53,10.00,,,,,,,"GLL"
"B","29-10-2019","2019-10-29 00:00:00 -0500",1,99,"B101",24626,,,," ",2,"GASOHOL 90",0.78,10.82,12.77,8.47,1.53,10.00,,,,,,,"GLL"
"B","29-10-2019","2019-10-29 00:00:00 -0500",1,99,"B101",24625,,,," ",2,"GASOHOL 90",0.24,10.82,12.77,2.54,0.46,3.00,,,,,,,"GLL"
"B","29-10-2019","2019-10-29 00:00:00 -0500",1,99,"B101",24624,,,," ",2,"GASOHOL 90",2.05,10.82,12.77,22.20,4.00,26.20,,,,,,,"GLL"
"B","29-10-2019","2019-10-29 00:00:00 -0500",1,99,"B101",24623,,,," ",2,"GASOHOL 90",0.39,10.82,12.77,4.24,0.76,5.00,,,,,,,"GLL"
"B","29-10-2019","2019-10-29 00:00:00 -0500",1,99,"B101",24622,,,," ",2,"GASOHOL 90",0.78,10.82,12.77,8.47,1.53,10.00,,,,,,,"GLL"
"B","29-10-2019","2019-10-29 00:00:00 -0500",1,99,"B101",24621,,,," ",5,"DIESEL PRO B5",0.84,10.08,11.89,8.47,1.53,10.00,,,,,,,"GLL"
"B","29-10-2019","2019-10-29 00:00:00 -0500",1,99,"B101",24620,,,," ",3,"GASOHOL 95",0.73,11.67,13.77,8.47,1.53,10.00,,,,,,,"GLL"
"B","29-10-2019","2019-10-29 00:00:00 -0500",1,99,"B101",24619,,,," ",2,"GASOHOL 90",0.08,10.82,12.77,0.86,0.15,1.01,,,,,,,"GLL"
"B","29-10-2019","2019-10-29 00:00:00 -0500",1,99,"B101",24618,,,," ",2,"GASOHOL 90",0.12,10.82,12.77,1.27,0.23,1.50,,,,,,,"GLL"
"B","29-10-2019","2019-10-29 00:00:00 -0500",1,99,"B101",24617,,,," ",2,"GASOHOL 90",0.31,10.82,12.77,3.39,0.61,4.00,,,,,,,"GLL"
"B","29-10-2019","2019-10-29 00:00:00 -0500",1,99,"B101",24616,,,," ",2,"GASOHOL 90",1.09,10.82,12.77,11.76,2.12,13.88,,,,,,,"GLL"
"B","29-10-2019","2019-10-29 00:00:00 -0500",1,99,"B101",24615,,,," ",3,"GASOHOL 95",2.91,11.67,13.77,33.90,6.10,40.00,,,,,,,"GLL"
"B","29-10-2019","2019-10-29 00:00:00 -0500",1,99,"B101",24614,,,," ",2,"GASOHOL 90",1.57,10.82,12.77,16.95,3.05,20.00,,,,,,,"GLL"
"B","29-10-2019","2019-10-29 00:00:00 -0500",1,99,"B101",24613,,,," ",2,"GASOHOL 90",2.35,10.82,12.77,25.42,4.58,30.00,,,,,,,"GLL"
"B","29-10-2019","2019-10-29 00:00:00 -0500",1,99,"B101",24612,,,," ",3,"GASOHOL 95",0.73,11.67,13.77,8.47,1.53,10.00,,,,,,,"GLL"
"B","29-10-2019","2019-10-29 00:00:00 -0500",1,99,"B101",24611,,,," ",5,"DIESEL PRO B5",1.26,10.08,11.89,12.71,2.29,15.00,,,,,,,"GLL"
"B","29-10-2019","2019-10-29 00:00:00 -0500",1,99,"B101",24610,,,," ",2,"GASOHOL 90",0.39,10.82,12.77,4.24,0.76,5.00,,,,,,,"GLL"
"B","29-10-2019","2019-10-29 00:00:00 -0500",1,99,"B101",24609,,,," ",5,"DIESEL PRO B5",3.36,10.08,11.89,33.90,6.10,40.00,,,,,,,"GLL"
"B","29-10-2019","2019-10-29 00:00:00 -0500",1,99,"B101",24608,,,," ",3,"GASOHOL 95",1.45,11.67,13.77,16.95,3.05,20.00,,,,,,,"GLL"
"B","29-10-2019","2019-10-29 00:00:00 -0500",1,99,"B101",24607,,,," ",2,"GASOHOL 90",0.31,10.82,12.77,3.39,0.61,4.00,,,,,,,"GLL"
"B","29-10-2019","2019-10-29 00:00:00 -0500",1,99,"B101",24606,,,," ",2,"GASOHOL 90",1.57,10.82,12.77,16.95,3.05,20.00,,,,,,,"GLL"
"B","29-10-2019","2019-10-29 00:00:00 -0500",1,99,"B101",24605,,,," ",2,"GASOHOL 90",1.57,10.82,12.77,16.95,3.05,20.00,,,,,,,"GLL"
"B","29-10-2019","2019-10-29 00:00:00 -0500",1,99,"B101",24604,,,," ",3,"GASOHOL 95",0.73,11.67,13.77,8.47,1.53,10.00,,,,,,,"GLL"
"B","29-10-2019","2019-10-29 00:00:00 -0500",1,99,"B101",24603,,,," ",5,"DIESEL PRO B5",4.21,10.08,11.89,42.37,7.63,50.00,,,,,,,"GLL"
"B","29-10-2019","2019-10-29 00:00:00 -0500",1,99,"B101",24602,,,," ",5,"DIESEL PRO B5",4.21,10.08,11.89,42.37,7.63,50.00,,,,,,,"GLL"
"B","29-10-2019","2019-10-29 00:00:00 -0500",1,99,"B101",24601,,,," ",2,"GASOHOL 90",0.78,10.82,12.77,8.47,1.53,10.00,,,,,,,"GLL"
"B","29-10-2019","2019-10-29 00:00:00 -0500",1,99,"B101",24600,,,," ",2,"GASOHOL 90",0.78,10.82,12.77,8.47,1.53,10.00,,,,,,,"GLL"
"B","29-10-2019","2019-10-29 00:00:00 -0500",1,99,"B101",24599,,,," ",5,"DIESEL PRO B5",21.03,10.08,11.89,211.86,38.14,250.00,,,,,,,"GLL"
"B","29-10-2019","2019-10-29 00:00:00 -0500",1,99,"B101",24598,,,," ",2,"GASOHOL 90",0.39,10.82,12.77,4.24,0.76,5.00,,,,,,,"GLL"
"B","29-10-2019","2019-10-29 00:00:00 -0500",1,99,"B101",24597,,,," ",2,"GASOHOL 90",0.39,10.82,12.77,4.24,0.76,5.00,,,,,,,"GLL"
"B","29-10-2019","2019-10-29 00:00:00 -0500",1,99,"B101",24596,,,," ",2,"GASOHOL 90",0.39,10.82,12.77,4.24,0.76,5.00,,,,,,,"GLL"
"B","29-10-2019","2019-10-29 00:00:00 -0500",1,99,"B101",24595,,,," ",2,"GASOHOL 90",1.57,10.82,12.77,16.95,3.05,20.00,,,,,,,"GLL"
"B","29-10-2019","2019-10-29 00:00:00 -0500",1,99,"B101",24594,,,," ",4,"GASOHOL 98",1.98,12.87,15.19,25.42,4.58,30.00,,,,,,,"GLL"
"B","29-10-2019","2019-10-29 00:00:00 -0500",1,99,"B101",24593,,,," ",2,"GASOHOL 90",0.78,10.82,12.77,8.47,1.53,10.00,,,,,,,"GLL"
"B","29-10-2019","2019-10-29 00:00:00 -0500",1,99,"B101",24592,,,," ",2,"GASOHOL 90",0.47,10.82,12.77,5.08,0.92,6.00,,,,,,,"GLL"
"B","29-10-2019","2019-10-29 00:00:00 -0500",1,99,"B101",24591,,,," ",5,"DIESEL PRO B5",6.73,10.08,11.89,67.80,12.20,80.00,,,,,,,"GLL"
"B","29-10-2019","2019-10-29 00:00:00 -0500",1,99,"B101",24590,,,," ",5,"DIESEL PRO B5",4.21,10.08,11.89,42.37,7.63,50.00,,,,,,,"GLL"
"B","29-10-2019","2019-10-29 00:00:00 -0500",1,99,"B101",24589,,,," ",2,"GASOHOL 90",1.57,10.82,12.77,16.95,3.05,20.00,,,,,,,"GLL"
"B","29-10-2019","2019-10-29 00:00:00 -0500",1,99,"B102",7660,,,," ",3,"GASOHOL 95",0.73,11.67,13.77,8.47,1.53,10.00,,,,,,,"GLL"
"B","29-10-2019","2019-10-29 00:00:00 -0500",1,99,"B102",7659,,,," ",3,"GASOHOL 95",1.45,11.67,13.77,16.95,3.05,20.00,,,,,,,"GLL"
"B","29-10-2019","2019-10-29 00:00:00 -0500",1,99,"B102",7658,,,," ",5,"DIESEL PRO B5",1.68,10.08,11.89,16.95,3.05,20.00,,,,,,,"GLL"
"B","29-10-2019","2019-10-29 00:00:00 -0500",1,99,"B102",7657,,,," ",5,"DIESEL PRO B5",8.41,10.08,11.89,84.75,15.25,100.00,,,,,,,"GLL"
"B","29-10-2019","2019-10-29 00:00:00 -0500",1,99,"B102",7656,,,," ",5,"DIESEL PRO B5",1.26,10.08,11.89,12.71,2.29,15.00,,,,,,,"GLL"
"B","29-10-2019","2019-10-29 00:00:00 -0500",1,99,"B102",7655,,,," ",3,"GASOHOL 95",0.36,11.67,13.77,4.24,0.76,5.00,,,,,,,"GLL"
"B","29-10-2019","2019-10-29 00:00:00 -0500",1,99,"B102",7654,,,," ",3,"GASOHOL 95",1.09,11.67,13.77,12.71,2.29,15.00,,,,,,,"GLL"
"B","29-10-2019","2019-10-29 00:00:00 -0500",1,99,"B102",7653,,,," ",2,"GASOHOL 90",8.18,10.82,12.77,88.53,15.93,104.46,,,,,,,"GLL"
"B","29-10-2019","2019-10-29 00:00:00 -0500",1,99,"B102",7652,,,," ",2,"GASOHOL 90",2.35,10.82,12.77,25.42,4.58,30.00,,,,,,,"GLL"
"B","29-10-2019","2019-10-29 00:00:00 -0500",1,99,"B102",7651,,,," ",2,"GASOHOL 90",0.78,10.82,12.77,8.47,1.53,10.00,,,,,,,"GLL"
"B","29-10-2019","2019-10-29 00:00:00 -0500",1,99,"B102",7650,,,," ",3,"GASOHOL 95",3.27,11.67,13.77,38.14,6.86,45.00,,,,,,,"GLL"
"B","29-10-2019","2019-10-29 00:00:00 -0500",1,99,"B102",7649,,,," ",5,"DIESEL PRO B5",3.36,10.08,11.89,33.90,6.10,40.00,,,,,,,"GLL"
"B","29-10-2019","2019-10-29 00:00:00 -0500",1,99,"B102",7648,,,," ",2,"GASOHOL 90",0.78,10.82,12.77,8.47,1.53,10.00,,,,,,,"GLL"
"B","29-10-2019","2019-10-29 00:00:00 -0500",1,99,"B102",7647,,,," ",3,"GASOHOL 95",0.73,11.67,13.77,8.47,1.53,10.00,,,,,,,"GLL"
"B","29-10-2019","2019-10-29 00:00:00 -0500",1,99,"B102",7646,,,," ",2,"GASOHOL 90",0.39,10.82,12.77,4.24,0.76,5.00,,,,,,,"GLL"
"B","29-10-2019","2019-10-29 00:00:00 -0500",1,99,"B102",7645,,,," ",5,"DIESEL PRO B5",2.1,10.08,11.89,21.19,3.81,25.00,,,,,,,"GLL"
"B","29-10-2019","2019-10-29 00:00:00 -0500",1,99,"B102",7644,,,," ",5,"DIESEL PRO B5",1.68,10.08,11.89,16.95,3.05,20.00,,,,,,,"GLL"
"B","29-10-2019","2019-10-29 00:00:00 -0500",1,99,"B102",7643,,,," ",5,"DIESEL PRO B5",4.21,10.08,11.89,42.37,7.63,50.00,,,,,,,"GLL"
"B","29-10-2019","2019-10-29 00:00:00 -0500",1,99,"B102",7642,,,," ",3,"GASOHOL 95",2.91,11.67,13.77,33.90,6.10,40.00,,,,,,,"GLL"
"B","29-10-2019","2019-10-29 00:00:00 -0500",1,99,"B102",7641,,,," ",5,"DIESEL PRO B5",0.79,10.08,11.89,7.96,1.43,9.39,,,,,,,"GLL"
"B","29-10-2019","2019-10-29 00:00:00 -0500",1,99,"B102",7640,,,," ",3,"GASOHOL 95",1.45,11.67,13.77,16.95,3.05,20.00,,,,,,,"GLL"
"B","29-10-2019","2019-10-29 00:00:00 -0500",1,99,"B102",7639,,,," ",5,"DIESEL PRO B5",4.21,10.08,11.89,42.37,7.63,50.00,,,,,,,"GLL"
"B","29-10-2019","2019-10-29 00:00:00 -0500",1,99,"B102",7638,,,," ",2,"GASOHOL 90",0.78,10.82,12.77,8.47,1.53,10.00,,,,,,,"GLL"
"B","29-10-2019","2019-10-29 00:00:00 -0500",1,99,"B102",7637,,,," ",2,"GASOHOL 90",0.39,10.82,12.77,4.25,0.77,5.02,,,,,,,"GLL"
"B","29-10-2019","2019-10-29 00:00:00 -0500",1,99,"B102",7636,,,," ",5,"DIESEL PRO B5",16.4,10.08,11.89,165.26,29.75,195.01,,,,,,,"GLL"
"B","29-10-2019","2019-10-29 00:00:00 -0500",1,99,"B102",7635,,,," ",2,"GASOHOL 90",2.35,10.82,12.77,25.42,4.58,30.00,,,,,,,"GLL"
"B","29-10-2019","2019-10-29 00:00:00 -0500",1,99,"B102",7634,,,," ",5,"DIESEL PRO B5",25.23,10.08,11.89,254.24,45.76,300.00,,,,,,,"GLL"
"B","29-10-2019","2019-10-29 00:00:00 -0500",1,99,"B102",7633,,,," ",2,"GASOHOL 90",1.57,10.82,12.77,16.95,3.05,20.00,,,,,,,"GLL"
"B","29-10-2019","2019-10-29 00:00:00 -0500",1,99,"B102",7632,,,," ",2,"GASOHOL 90",1.57,10.82,12.77,16.95,3.05,20.00,,,,,,,"GLL"
"B","29-10-2019","2019-10-29 00:00:00 -0500",1,99,"B102",7631,,,," ",5,"DIESEL PRO B5",37.01,10.08,11.89,372.88,67.12,440.00,,,,,,,"GLL"
"B","29-10-2019","2019-10-29 00:00:00 -0500",1,99,"B102",7630,,,," ",2,"GASOHOL 90",3.92,10.82,12.77,42.37,7.63,50.00,,,,,,,"GLL"
"B","29-10-2019","2019-10-29 00:00:00 -0500",1,99,"B102",7629,,,," ",5,"DIESEL PRO B5",4.21,10.08,11.89,42.37,7.63,50.00,,,,,,,"GLL"
"B","29-10-2019","2019-10-29 00:00:00 -0500",1,99,"B103",20207,,,," ",7,"GLP",4.31,0.98,1.16,4.24,0.76,5.00,,,,,,,"LTR"
"B","29-10-2019","2019-10-29 00:00:00 -0500",1,99,"B103",20206,,,," ",7,"GLP",22.35,0.98,1.16,21.97,3.96,25.93,,,,,,,"LTR"
"B","29-10-2019","2019-10-29 00:00:00 -0500",1,99,"B103",20205,,,," ",7,"GLP",37.15,0.98,1.16,36.52,6.57,43.09,,,,,,,"LTR"
"B","29-10-2019","2019-10-29 00:00:00 -0500",1,99,"B103",20204,,,," ",7,"GLP",8.62,0.98,1.16,8.47,1.53,10.00,,,,,,,"LTR"
"B","29-10-2019","2019-10-29 00:00:00 -0500",1,99,"B103",20203,,,," ",7,"GLP",5.26,0.98,1.16,5.17,0.93,6.10,,,,,,,"LTR"
"B","29-10-2019","2019-10-29 00:00:00 -0500",1,99,"B103",20202,,,," ",7,"GLP",30.15,0.98,1.16,29.64,5.33,34.97,,,,,,,"LTR"
"B","29-10-2019","2019-10-29 00:00:00 -0500",1,99,"B103",20201,,,," ",7,"GLP",17.24,0.98,1.16,16.95,3.05,20.00,,,,,,,"LTR"
"B","29-10-2019","2019-10-29 00:00:00 -0500",1,99,"B103",20200,,,," ",7,"GLP",17.24,0.98,1.16,16.95,3.05,20.00,,,,,,,"LTR"
"B","29-10-2019","2019-10-29 00:00:00 -0500",1,99,"B103",20199,,,," ",7,"GLP",6.03,0.98,1.16,5.93,1.07,7.00,,,,,,,"LTR"
"B","29-10-2019","2019-10-29 00:00:00 -0500",1,99,"B103",20198,,,," ",7,"GLP",17.24,0.98,1.16,16.95,3.05,20.00,,,,,,,"LTR"
"B","29-10-2019","2019-10-29 00:00:00 -0500",1,99,"B103",20197,,,," ",7,"GLP",10.35,0.98,1.16,10.17,1.83,12.00,,,,,,,"LTR"
"B","29-10-2019","2019-10-29 00:00:00 -0500",1,99,"B103",20196,,,," ",7,"GLP",8.62,0.98,1.16,8.47,1.53,10.00,,,,,,,"LTR"
"B","29-10-2019","2019-10-29 00:00:00 -0500",1,99,"B103",20195,,,," ",7,"GLP",17.24,0.98,1.16,16.95,3.05,20.00,,,,,,,"LTR"
"B","29-10-2019","2019-10-29 00:00:00 -0500",1,99,"B103",20194,,,," ",7,"GLP",10.35,0.98,1.16,10.17,1.83,12.00,,,,,,,"LTR"
"B","29-10-2019","2019-10-29 00:00:00 -0500",1,99,"B103",20193,,,," ",7,"GLP",6.03,0.98,1.16,5.93,1.07,7.00,,,,,,,"LTR"
"B","29-10-2019","2019-10-29 00:00:00 -0500",1,99,"B103",20192,,,," ",7,"GLP",12.93,0.98,1.16,12.71,2.29,15.00,,,,,,,"LTR"
"B","29-10-2019","2019-10-29 00:00:00 -0500",1,99,"B103",20191,,,," ",7,"GLP",22.05,0.98,1.16,21.68,3.90,25.58,,,,,,,"LTR"
"B","29-10-2019","2019-10-29 00:00:00 -0500",1,99,"B103",20190,,,," ",7,"GLP",4.31,0.98,1.16,4.24,0.76,5.00,,,,,,,"LTR"
"B","29-10-2019","2019-10-29 00:00:00 -0500",1,99,"B103",20189,,,," ",7,"GLP",8.62,0.98,1.16,8.47,1.53,10.00,,,,,,,"LTR"
"B","29-10-2019","2019-10-29 00:00:00 -0500",1,99,"B103",20188,,,," ",7,"GLP",12.93,0.98,1.16,12.71,2.29,15.00,,,,,,,"LTR"
"B","29-10-2019","2019-10-29 00:00:00 -0500",1,99,"B103",20187,,,," ",7,"GLP",8.62,0.98,1.16,8.47,1.53,10.00,,,,,,,"LTR"
"B","29-10-2019","2019-10-29 00:00:00 -0500",1,99,"B103",20186,,,," ",7,"GLP",8.62,0.98,1.16,8.47,1.53,10.00,,,,,,,"LTR"
"B","29-10-2019","2019-10-29 00:00:00 -0500",1,99,"B103",20185,,,," ",7,"GLP",25.86,0.98,1.16,25.42,4.58,30.00,,,,,,,"LTR"
"B","29-10-2019","2019-10-29 00:00:00 -0500",1,99,"B103",20184,,,," ",7,"GLP",21.55,0.98,1.16,21.19,3.81,25.00,,,,,,,"LTR"
"B","29-10-2019","2019-10-29 00:00:00 -0500",1,99,"B103",20183,,,," ",7,"GLP",8.1,0.98,1.16,7.96,1.43,9.39,,,,,,,"LTR"
"B","29-10-2019","2019-10-29 00:00:00 -0500",1,99,"B103",20182,,,," ",7,"GLP",0.05,0.98,1.16,0.05,0.01,0.06,,,,,,,"LTR"
"B","29-10-2019","2019-10-29 00:00:00 -0500",1,99,"B103",20181,,,," ",7,"GLP",17.24,0.98,1.16,16.95,3.05,20.00,,,,,,,"LTR"
"B","29-10-2019","2019-10-29 00:00:00 -0500",1,99,"B103",20180,,,," ",7,"GLP",6.9,0.98,1.16,6.78,1.22,8.00,,,,,,,"LTR"
"B","29-10-2019","2019-10-29 00:00:00 -0500",1,99,"B103",20179,,,," ",7,"GLP",6.9,0.98,1.16,6.78,1.22,8.00,,,,,,,"LTR"
"B","29-10-2019","2019-10-29 00:00:00 -0500",1,99,"B103",20178,,,," ",7,"GLP",5.17,0.98,1.16,5.08,0.92,6.00,,,,,,,"LTR"
"B","29-10-2019","2019-10-29 00:00:00 -0500",1,99,"B103",20177,,,," ",7,"GLP",17.24,0.98,1.16,16.95,3.05,20.00,,,,,,,"LTR"
"B","29-10-2019","2019-10-29 00:00:00 -0500",1,99,"B103",20176,,,," ",7,"GLP",17.24,0.98,1.16,16.95,3.05,20.00,,,,,,,"LTR"
"B","29-10-2019","2019-10-29 00:00:00 -0500",1,99,"B103",20175,,,," ",7,"GLP",14.66,0.98,1.16,14.41,2.59,17.00,,,,,,,"LTR"
"B","29-10-2019","2019-10-29 00:00:00 -0500",1,99,"B103",20174,,,," ",7,"GLP",34.48,0.98,1.16,33.90,6.10,40.00,,,,,,,"LTR"
"B","29-10-2019","2019-10-29 00:00:00 -0500",1,99,"B103",20173,,,," ",7,"GLP",4.31,0.98,1.16,4.24,0.76,5.00,,,,,,,"LTR"
"B","29-10-2019","2019-10-29 00:00:00 -0500",1,99,"B103",20172,,,," ",7,"GLP",0.85,0.98,1.16,0.84,0.15,0.99,,,,,,,"LTR"
"B","29-10-2019","2019-10-29 00:00:00 -0500",1,99,"B103",20171,,,," ",7,"GLP",8.62,0.98,1.16,8.47,1.53,10.00,,,,,,,"LTR"
"B","29-10-2019","2019-10-29 00:00:00 -0500",1,99,"B103",20170,,,," ",7,"GLP",30.17,0.98,1.16,29.66,5.34,35.00,,,,,,,"LTR"
"B","29-10-2019","2019-10-29 00:00:00 -0500",1,99,"B103",20169,,,," ",7,"GLP",5.17,0.98,1.16,5.08,0.92,6.00,,,,,,,"LTR"
"B","29-10-2019","2019-10-29 00:00:00 -0500",1,99,"B103",20168,,,," ",7,"GLP",17.24,0.98,1.16,16.95,3.05,20.00,,,,,,,"LTR"
"B","29-10-2019","2019-10-29 00:00:00 -0500",1,99,"B103",20167,,,," ",7,"GLP",8.62,0.98,1.16,8.47,1.53,10.00,,,,,,,"LTR"
"B","29-10-2019","2019-10-29 00:00:00 -0500",1,99,"B103",20166,,,," ",7,"GLP",8.68,0.98,1.16,8.53,1.54,10.07,,,,,,,"LTR"
"B","29-10-2019","2019-10-29 00:00:00 -0500",1,99,"B103",20165,,,," ",7,"GLP",17.24,0.98,1.16,16.95,3.05,20.00,,,,,,,"LTR"
"B","29-10-2019","2019-10-29 00:00:00 -0500",1,99,"B103",20164,,,," ",7,"GLP",14.38,0.98,1.16,14.14,2.54,16.68,,,,,,,"LTR"
"B","29-10-2019","2019-10-29 00:00:00 -0500",1,99,"B103",20163,,,," ",7,"GLP",18.99,0.98,1.16,18.67,3.36,22.03,,,,,,,"LTR"
"B","29-10-2019","2019-10-29 00:00:00 -0500",1,99,"B103",20162,,,," ",7,"GLP",48.74,0.98,1.16,47.92,8.62,56.54,,,,,,,"LTR"
"B","29-10-2019","2019-10-29 00:00:00 -0500",1,99,"B103",20161,,,," ",7,"GLP",6.9,0.98,1.16,6.78,1.22,8.00,,,,,,,"LTR"
"B","29-10-2019","2019-10-29 00:00:00 -0500",1,99,"B103",20160,,,," ",7,"GLP",14.22,0.98,1.16,13.98,2.52,16.50,,,,,,,"LTR"
"B","29-10-2019","2019-10-29 00:00:00 -0500",1,99,"B103",20159,,,," ",7,"GLP",5.17,0.98,1.16,5.08,0.92,6.00,,,,,,,"LTR"
"B","29-10-2019","2019-10-29 00:00:00 -0500",1,99,"B103",20158,,,," ",7,"GLP",8.62,0.98,1.16,8.47,1.53,10.00,,,,,,,"LTR"
"B","29-10-2019","2019-10-29 00:00:00 -0500",1,99,"B103",20157,,,," ",7,"GLP",5.89,0.98,1.16,5.79,1.04,6.83,,,,,,,"LTR"
"B","29-10-2019","2019-10-29 00:00:00 -0500",1,99,"B103",20156,,,," ",7,"GLP",8.79,0.98,1.16,8.64,1.56,10.20,,,,,,,"LTR"
"B","29-10-2019","2019-10-29 00:00:00 -0500",1,99,"B103",20155,,,," ",7,"GLP",8.62,0.98,1.16,8.47,1.53,10.00,,,,,,,"LTR"
"B","29-10-2019","2019-10-29 00:00:00 -0500",1,99,"B103",20154,,,," ",7,"GLP",17.24,0.98,1.16,16.95,3.05,20.00,,,,,,,"LTR"
"B","29-10-2019","2019-10-29 00:00:00 -0500",1,99,"B103",20153,,,," ",7,"GLP",10.35,0.98,1.16,10.17,1.83,12.00,,,,,,,"LTR"
"B","29-10-2019","2019-10-29 00:00:00 -0500",1,99,"B103",20152,,,," ",7,"GLP",15.96,0.98,1.16,15.69,2.82,18.51,,,,,,,"LTR"
"B","29-10-2019","2019-10-29 00:00:00 -0500",1,99,"B103",20151,,,," ",7,"GLP",24.14,0.98,1.16,23.73,4.27,28.00,,,,,,,"LTR"
"B","29-10-2019","2019-10-29 00:00:00 -0500",1,99,"B103",20150,,,," ",7,"GLP",12.93,0.98,1.16,12.71,2.29,15.00,,,,,,,"LTR"
"B","29-10-2019","2019-10-29 00:00:00 -0500",1,99,"B103",20149,,,," ",7,"GLP",12.93,0.98,1.16,12.71,2.29,15.00,,,,,,,"LTR"
"B","29-10-2019","2019-10-29 00:00:00 -0500",1,99,"B103",20148,,,," ",7,"GLP",25.64,0.98,1.16,25.20,4.54,29.74,,,,,,,"LTR"
"B","29-10-2019","2019-10-29 00:00:00 -0500",1,99,"B103",20147,,,," ",7,"GLP",17.24,0.98,1.16,16.95,3.05,20.00,,,,,,,"LTR"
"B","29-10-2019","2019-10-29 00:00:00 -0500",1,99,"B103",20146,,,," ",7,"GLP",27.06,0.98,1.16,26.60,4.79,31.39,,,,,,,"LTR"
"B","29-10-2019","2019-10-29 00:00:00 -0500",1,99,"B103",20145,,,," ",7,"GLP",6.9,0.98,1.16,6.78,1.22,8.00,,,,,,,"LTR"
"B","29-10-2019","2019-10-29 00:00:00 -0500",1,99,"B103",20144,,,," ",7,"GLP",23.28,0.98,1.16,22.88,4.12,27.00,,,,,,,"LTR"
"B","29-10-2019","2019-10-29 00:00:00 -0500",1,99,"B103",20143,,,," ",7,"GLP",17.24,0.98,1.16,16.95,3.05,20.00,,,,,,,"LTR"
"B","29-10-2019","2019-10-29 00:00:00 -0500",1,99,"B103",20142,,,," ",7,"GLP",17.24,0.98,1.16,16.95,3.05,20.00,,,,,,,"LTR"
"B","29-10-2019","2019-10-29 00:00:00 -0500",1,99,"B103",20141,,,," ",7,"GLP",6.9,0.98,1.16,6.78,1.22,8.00,,,,,,,"LTR"
"B","29-10-2019","2019-10-29 00:00:00 -0500",1,99,"B103",20140,,,," ",7,"GLP",4.31,0.98,1.16,4.24,0.76,5.00,,,,,,,"LTR"
"B","29-10-2019","2019-10-29 00:00:00 -0500",1,99,"B103",20139,,,," ",7,"GLP",22.65,0.98,1.16,22.26,4.01,26.27,,,,,,,"LTR"
"B","29-10-2019","2019-10-29 00:00:00 -0500",1,99,"B103",20138,,,," ",7,"GLP",12.81,0.98,1.16,12.59,2.27,14.86,,,,,,,"LTR"
"B","29-10-2019","2019-10-29 00:00:00 -0500",1,99,"B103",20137,,,," ",7,"GLP",19.13,0.98,1.16,18.81,3.38,22.19,,,,,,,"LTR"
"B","29-10-2019","2019-10-29 00:00:00 -0500",1,99,"B103",20136,,,," ",7,"GLP",15.17,0.98,1.16,14.92,2.68,17.60,,,,,,,"LTR"
"B","29-10-2019","2019-10-29 00:00:00 -0500",1,99,"B103",20135,,,," ",7,"GLP",7.12,0.98,1.16,7.00,1.26,8.26,,,,,,,"LTR"
"B","29-10-2019","2019-10-29 00:00:00 -0500",1,99,"B103",20134,,,," ",7,"GLP",38,0.98,1.16,37.36,6.72,44.08,,,,,,,"LTR"
"B","29-10-2019","2019-10-29 00:00:00 -0500",1,99,"B103",20133,,,," ",7,"GLP",21.55,0.98,1.16,21.19,3.81,25.00,,,,,,,"LTR"
"B","29-10-2019","2019-10-29 00:00:00 -0500",1,99,"B103",20132,,,," ",7,"GLP",16.3,0.98,1.16,16.03,2.88,18.91,,,,,,,"LTR"
"B","29-10-2019","2019-10-29 00:00:00 -0500",1,99,"B103",20131,,,," ",7,"GLP",6.71,0.98,1.16,6.59,1.19,7.78,,,,,,,"LTR"
"B","29-10-2019","2019-10-29 00:00:00 -0500",1,99,"B103",20130,,,," ",7,"GLP",8.64,0.98,1.16,8.49,1.53,10.02,,,,,,,"LTR"
"B","29-10-2019","2019-10-29 00:00:00 -0500",1,99,"B103",20129,,,," ",7,"GLP",25.86,0.98,1.16,25.42,4.58,30.00,,,,,,,"LTR"
"B","29-10-2019","2019-10-29 00:00:00 -0500",1,99,"B103",20128,,,," ",7,"GLP",16.37,0.98,1.16,16.09,2.90,18.99,,,,,,,"LTR"
"B","29-10-2019","2019-10-29 00:00:00 -0500",1,99,"B103",20127,,,," ",7,"GLP",8.62,0.98,1.16,8.47,1.53,10.00,,,,,,,"LTR"
"B","29-10-2019","2019-10-29 00:00:00 -0500",1,99,"B103",20126,,,," ",7,"GLP",8.62,0.98,1.16,8.47,1.53,10.00,,,,,,,"LTR"
"B","29-10-2019","2019-10-29 00:00:00 -0500",1,99,"B103",20125,,,," ",7,"GLP",25.86,0.98,1.16,25.42,4.58,30.00,,,,,,,"LTR"
"B","29-10-2019","2019-10-29 00:00:00 -0500",1,99,"B103",20124,,,," ",7,"GLP",32.35,0.98,1.16,31.81,5.72,37.53,,,,,,,"LTR"
"B","29-10-2019","2019-10-29 00:00:00 -0500",1,99,"B103",20123,,,," ",7,"GLP",49.64,0.98,1.16,48.80,8.78,57.58,,,,,,,"LTR"
"B","28-10-2019","2019-10-28 00:00:00 -0500",1,99,"B001",27946,,,," ",5,"DieselPro B5 S50 UV",5.15,10.03,11.84,51.70,9.31,61.01,,,,,,,"GLL"
"B","28-10-2019","2019-10-28 00:00:00 -0500",1,99,"B001",27945,,,," ",2,"Gasohol 90",0.79,10.75,12.69,8.47,1.53,10.00,,,,,,,"GLL"
"B","28-10-2019","2019-10-28 00:00:00 -0500",1,99,"B001",27944,,,," ",2,"Gasohol 90",0.39,10.75,12.69,4.24,0.76,5.00,,,,,,,"GLL"
"B","28-10-2019","2019-10-28 00:00:00 -0500",1,99,"B001",27943,,,," ",2,"Gasohol 90",0.39,10.75,12.69,4.24,0.76,5.00,,,,,,,"GLL"
"B","28-10-2019","2019-10-28 00:00:00 -0500",1,99,"B001",27942,,,," ",2,"Gasohol 90",0.79,10.75,12.69,8.47,1.53,10.00,,,,,,,"GLL"
"B","28-10-2019","2019-10-28 00:00:00 -0500",1,99,"B001",27941,,,," ",5,"DieselPro B5 S50 UV",5.49,10.03,11.84,55.08,9.92,65.00,,,,,,,"GLL"
"B","28-10-2019","2019-10-28 00:00:00 -0500",1,99,"B001",27940,,,," ",5,"DieselPro B5 S50 UV",6.33,10.03,11.84,63.56,11.44,75.00,,,,,,,"GLL"
"B","28-10-2019","2019-10-28 00:00:00 -0500",1,99,"B001",27939,,,," ",5,"DieselPro B5 S50 UV",4,10.03,11.84,40.14,7.22,47.36,,,,,,,"GLL"
"B","28-10-2019","2019-10-28 00:00:00 -0500",1,99,"B001",27938,,,," ",5,"DieselPro B5 S50 UV",11.45,10.03,11.84,114.86,20.68,135.54,,,,,,,"GLL"
"B","28-10-2019","2019-10-28 00:00:00 -0500",1,99,"B001",27937,,,," ",5,"DieselPro B5 S50 UV",14.36,10.03,11.84,144.07,25.93,170.00,,,,,,,"GLL"
"B","28-10-2019","2019-10-28 00:00:00 -0500",1,99,"B001",27936,,,," ",5,"DieselPro B5 S50 UV",4.22,10.03,11.84,42.37,7.63,50.00,,,,,,,"GLL"
"B","28-10-2019","2019-10-28 00:00:00 -0500",1,99,"B001",27935,,,," ",5,"DieselPro B5 S50 UV",3.38,10.03,11.84,33.91,6.10,40.01,,,,,,,"GLL"
"B","28-10-2019","2019-10-28 00:00:00 -0500",1,99,"B001",27934,,,," ",2,"Gasohol 90",2.36,10.75,12.69,25.42,4.58,30.00,,,,,,,"GLL"
"B","28-10-2019","2019-10-28 00:00:00 -0500",1,99,"B001",27933,,,," ",5,"DieselPro B5 S50 UV",2.53,10.03,11.84,25.42,4.58,30.00,,,,,,,"GLL"
"B","28-10-2019","2019-10-28 00:00:00 -0500",1,99,"B001",27932,,,," ",5,"DieselPro B5 S50 UV",11.18,10.03,11.84,112.21,20.20,132.41,,,,,,,"GLL"
"B","28-10-2019","2019-10-28 00:00:00 -0500",1,99,"B001",27931,,,," ",5,"DieselPro B5 S50 UV",10,10.03,11.84,100.30,18.05,118.35,,,,,,,"GLL"
"B","28-10-2019","2019-10-28 00:00:00 -0500",1,99,"B001",27930,,,," ",5,"DieselPro B5 S50 UV",3.13,10.03,11.84,31.36,5.64,37.00,,,,,,,"GLL"
"B","28-10-2019","2019-10-28 00:00:00 -0500",1,99,"B001",27929,,,," ",5,"DieselPro B5 S50 UV",2.11,10.03,11.84,21.19,3.81,25.00,,,,,,,"GLL"
"B","28-10-2019","2019-10-28 00:00:00 -0500",1,99,"B001",27928,,,," ",5,"DieselPro B5 S50 UV",10.15,10.03,11.84,101.81,18.32,120.13,,,,,,,"GLL"
"B","28-10-2019","2019-10-28 00:00:00 -0500",1,99,"B001",27927,,,," ",5,"DieselPro B5 S50 UV",13.91,10.03,11.84,139.56,25.12,164.68,,,,,,,"GLL"
"B","28-10-2019","2019-10-28 00:00:00 -0500",1,99,"B001",27926,,,," ",5,"DieselPro B5 S50 UV",6.25,10.03,11.84,62.73,11.29,74.02,,,,,,,"GLL"
"B","28-10-2019","2019-10-28 00:00:00 -0500",1,99,"B001",27925,,,," ",5,"DieselPro B5 S50 UV",12.69,10.03,11.84,127.28,22.91,150.19,,,,,,,"GLL"
"B","28-10-2019","2019-10-28 00:00:00 -0500",1,99,"B001",27924,,,," ",5,"DieselPro B5 S50 UV",8.72,10.03,11.84,87.46,15.74,103.20,,,,,,,"GLL"
"B","28-10-2019","2019-10-28 00:00:00 -0500",1,99,"B001",27923,,,," ",5,"DieselPro B5 S50 UV",4.91,10.03,11.84,49.29,8.87,58.16,,,,,,,"GLL"
"B","28-10-2019","2019-10-28 00:00:00 -0500",1,99,"B001",27922,,,," ",5,"DieselPro B5 S50 UV",6.76,10.03,11.84,67.80,12.20,80.00,,,,,,,"GLL"
"B","28-10-2019","2019-10-28 00:00:00 -0500",1,99,"B001",27921,,,," ",5,"DieselPro B5 S50 UV",12.4,10.03,11.84,124.41,22.39,146.80,,,,,,,"GLL"
"B","28-10-2019","2019-10-28 00:00:00 -0500",1,99,"B001",27920,,,," ",5,"DieselPro B5 S50 UV",13.73,10.03,11.84,137.80,24.80,162.60,,,,,,,"GLL"
"B","28-10-2019","2019-10-28 00:00:00 -0500",1,99,"B001",27919,,,," ",5,"DieselPro B5 S50 UV",8.45,10.03,11.84,84.75,15.25,100.00,,,,,,,"GLL"
"B","28-10-2019","2019-10-28 00:00:00 -0500",1,99,"B001",27918,,,," ",5,"DieselPro B5 S50 UV",11.61,10.03,11.84,116.48,20.97,137.45,,,,,,,"GLL"
"B","28-10-2019","2019-10-28 00:00:00 -0500",1,99,"B001",27917,,,," ",5,"DieselPro B5 S50 UV",12.49,10.03,11.84,125.33,22.56,147.89,,,,,,,"GLL"
"B","28-10-2019","2019-10-28 00:00:00 -0500",1,99,"B001",27916,,,," ",5,"DieselPro B5 S50 UV",10.42,10.03,11.84,104.58,18.82,123.40,,,,,,,"GLL"
"B","28-10-2019","2019-10-28 00:00:00 -0500",1,99,"B001",27915,,,," ",2,"Gasohol 90",0.16,10.75,12.69,1.69,0.31,2.00,,,,,,,"GLL"
"B","28-10-2019","2019-10-28 00:00:00 -0500",1,99,"B001",27914,,,," ",2,"Gasohol 90",1.18,10.75,12.69,12.71,2.29,15.00,,,,,,,"GLL"
"B","28-10-2019","2019-10-28 00:00:00 -0500",1,99,"B001",27913,,,," ",5,"DieselPro B5 S50 UV",0.68,10.03,11.84,6.78,1.22,8.00,,,,,,,"GLL"
"B","28-10-2019","2019-10-28 00:00:00 -0500",1,99,"B001",27912,,,," ",5,"DieselPro B5 S50 UV",9.27,10.03,11.84,92.97,16.74,109.71,,,,,,,"GLL"
"B","28-10-2019","2019-10-28 00:00:00 -0500",1,99,"B001",27911,,,," ",5,"DieselPro B5 S50 UV",6.76,10.03,11.84,67.80,12.20,80.00,,,,,,,"GLL"
"B","28-10-2019","2019-10-28 00:00:00 -0500",1,99,"B001",27910,,,," ",5,"DieselPro B5 S50 UV",5.33,10.03,11.84,53.45,9.62,63.07,,,,,,,"GLL"
"B","28-10-2019","2019-10-28 00:00:00 -0500",1,99,"B001",27909,,,," ",5,"DieselPro B5 S50 UV",1.69,10.03,11.84,16.95,3.05,20.00,,,,,,,"GLL"
"B","28-10-2019","2019-10-28 00:00:00 -0500",1,99,"B001",27908,,,," ",4,"Gasohol 98",0.9,13.13,15.49,11.86,2.14,14.00,,,,,,,"GLL"
"B","28-10-2019","2019-10-28 00:00:00 -0500",1,99,"B001",27907,,,," ",5,"DieselPro B5 S50 UV",13.51,10.03,11.84,135.60,24.41,160.01,,,,,,,"GLL"
"B","28-10-2019","2019-10-28 00:00:00 -0500",1,99,"B001",27906,,,," ",5,"DieselPro B5 S50 UV",5.3,10.03,11.84,53.22,9.58,62.80,,,,,,,"GLL"
"B","28-10-2019","2019-10-28 00:00:00 -0500",1,99,"B001",27905,,,," ",5,"DieselPro B5 S50 UV",8.45,10.03,11.84,84.75,15.25,100.00,,,,,,,"GLL"
"B","28-10-2019","2019-10-28 00:00:00 -0500",1,99,"B001",27904,,,," ",5,"DieselPro B5 S50 UV",4.22,10.03,11.84,42.37,7.63,50.00,,,,,,,"GLL"
"B","28-10-2019","2019-10-28 00:00:00 -0500",1,99,"B001",27903,,,," ",5,"DieselPro B5 S50 UV",6.76,10.03,11.84,67.80,12.20,80.00,,,,,,,"GLL"
"B","28-10-2019","2019-10-28 00:00:00 -0500",1,99,"B001",27902,,,," ",5,"DieselPro B5 S50 UV",7.24,10.03,11.84,72.69,13.08,85.77,,,,,,,"GLL"
"B","28-10-2019","2019-10-28 00:00:00 -0500",1,99,"B001",27901,,,," ",2,"Gasohol 90",0.79,10.75,12.69,8.47,1.53,10.00,,,,,,,"GLL"
"B","28-10-2019","2019-10-28 00:00:00 -0500",1,99,"B001",27900,,,," ",4,"Gasohol 98",2,13.13,15.49,26.27,4.73,31.00,,,,,,,"GLL"
"B","28-10-2019","2019-10-28 00:00:00 -0500",1,99,"B001",27899,,,," ",2,"Gasohol 90",0.39,10.75,12.69,4.24,0.76,5.00,,,,,,,"GLL"
"B","28-10-2019","2019-10-28 00:00:00 -0500",1,99,"B001",27898,,,," ",2,"Gasohol 90",1.58,10.75,12.69,16.95,3.05,20.00,,,,,,,"GLL"
"B","28-10-2019","2019-10-28 00:00:00 -0500",1,99,"B001",27897,,,," ",4,"Gasohol 98",0.65,13.13,15.49,8.47,1.53,10.00,,,,,,,"GLL"
"B","28-10-2019","2019-10-28 00:00:00 -0500",1,99,"B001",27896,,,," ",2,"Gasohol 90",0.26,10.75,12.69,2.80,0.50,3.30,,,,,,,"GLL"
"B","28-10-2019","2019-10-28 00:00:00 -0500",1,99,"B001",27895,,,," ",2,"Gasohol 90",0.79,10.75,12.69,8.47,1.53,10.00,,,,,,,"GLL"
"B","28-10-2019","2019-10-28 00:00:00 -0500",1,99,"B001",27894,,,," ",2,"Gasohol 90",0.79,10.75,12.69,8.47,1.53,10.00,,,,,,,"GLL"
"B","28-10-2019","2019-10-28 00:00:00 -0500",1,99,"B001",27893,,,," ",5,"DieselPro B5 S50 UV",2.53,10.03,11.84,25.42,4.58,30.00,,,,,,,"GLL"
"B","28-10-2019","2019-10-28 00:00:00 -0500",1,99,"B001",27892,,,," ",5,"DieselPro B5 S50 UV",2.11,10.03,11.84,21.19,3.81,25.00,,,,,,,"GLL"
"B","28-10-2019","2019-10-28 00:00:00 -0500",1,99,"B001",27891,,,," ",2,"Gasohol 90",0.39,10.75,12.69,4.24,0.76,5.00,,,,,,,"GLL"
"B","28-10-2019","2019-10-28 00:00:00 -0500",1,99,"B001",27890,,,," ",5,"DieselPro B5 S50 UV",6.34,10.03,11.84,63.57,11.44,75.01,,,,,,,"GLL"
"B","28-10-2019","2019-10-28 00:00:00 -0500",1,99,"B001",27889,,,," ",5,"DieselPro B5 S50 UV",11.85,10.03,11.84,118.92,21.40,140.32,,,,,,,"GLL"
"B","28-10-2019","2019-10-28 00:00:00 -0500",1,99,"B001",27888,,,," ",5,"DieselPro B5 S50 UV",4.22,10.03,11.84,42.37,7.63,50.00,,,,,,,"GLL"
"B","28-10-2019","2019-10-28 00:00:00 -0500",1,99,"B001",27887,,,," ",2,"Gasohol 90",0.79,10.75,12.69,8.47,1.53,10.00,,,,,,,"GLL"
"B","28-10-2019","2019-10-28 00:00:00 -0500",1,99,"B001",27886,,,," ",5,"DieselPro B5 S50 UV",2,10.03,11.84,20.07,3.61,23.68,,,,,,,"GLL"
"B","28-10-2019","2019-10-28 00:00:00 -0500",1,99,"B001",27885,,,," ",5,"DieselPro B5 S50 UV",1.69,10.03,11.84,16.95,3.05,20.00,,,,,,,"GLL"
"B","28-10-2019","2019-10-28 00:00:00 -0500",1,99,"B001",27884,,,," ",2,"Gasohol 90",6.6,10.75,12.69,71.00,12.78,83.78,,,,,,,"GLL"
"B","28-10-2019","2019-10-28 00:00:00 -0500",1,99,"B001",27883,,,," ",2,"Gasohol 90",0.22,10.75,12.69,2.37,0.43,2.80,,,,,,,"GLL"
"B","28-10-2019","2019-10-28 00:00:00 -0500",1,99,"B001",27882,,,," ",2,"Gasohol 90",0.55,10.75,12.69,5.93,1.07,7.00,,,,,,,"GLL"
"B","28-10-2019","2019-10-28 00:00:00 -0500",1,99,"B001",27881,,,," ",5,"DieselPro B5 S50 UV",2.11,10.03,11.84,21.19,3.81,25.00,,,,,,,"GLL"
"B","28-10-2019","2019-10-28 00:00:00 -0500",1,99,"B001",27880,,,," ",5,"DieselPro B5 S50 UV",0.21,10.03,11.84,2.12,0.38,2.50,,,,,,,"GLL"
"B","28-10-2019","2019-10-28 00:00:00 -0500",1,99,"B001",27879,,,," ",2,"Gasohol 90",0.2,10.75,12.69,2.12,0.38,2.50,,,,,,,"GLL"
"B","28-10-2019","2019-10-28 00:00:00 -0500",1,99,"B001",27878,,,," ",2,"Gasohol 90",0.79,10.75,12.69,8.47,1.53,10.00,,,,,,,"GLL"
"B","28-10-2019","2019-10-28 00:00:00 -0500",1,99,"B001",27877,,,," ",2,"Gasohol 90",0.79,10.75,12.69,8.47,1.53,10.00,,,,,,,"GLL"
"B","28-10-2019","2019-10-28 00:00:00 -0500",1,99,"B001",27876,,,," ",2,"Gasohol 90",2.44,10.75,12.69,26.27,4.73,31.00,,,,,,,"GLL"
"B","28-10-2019","2019-10-28 00:00:00 -0500",1,99,"B001",27875,,,," ",2,"Gasohol 90",1.58,10.75,12.69,16.95,3.05,20.00,,,,,,,"GLL"
"B","28-10-2019","2019-10-28 00:00:00 -0500",1,99,"B001",27874,,,," ",5,"DieselPro B5 S50 UV",1.69,10.03,11.84,16.95,3.05,20.00,,,,,,,"GLL"
"B","28-10-2019","2019-10-28 00:00:00 -0500",1,99,"B001",27873,,,," ",4,"Gasohol 98",0.32,13.13,15.49,4.24,0.76,5.00,,,,,,,"GLL"
"B","28-10-2019","2019-10-28 00:00:00 -0500",1,99,"B001",27872,,,," ",2,"Gasohol 90",0.32,10.75,12.69,3.39,0.61,4.00,,,,,,,"GLL"
"B","28-10-2019","2019-10-28 00:00:00 -0500",1,99,"B001",27871,,,," ",5,"DieselPro B5 S50 UV",0.25,10.03,11.84,2.54,0.46,3.00,,,,,,,"GLL"
"B","28-10-2019","2019-10-28 00:00:00 -0500",1,99,"B001",27870,,,," ",2,"Gasohol 90",0.55,10.75,12.69,5.93,1.07,7.00,,,,,,,"GLL"
"B","28-10-2019","2019-10-28 00:00:00 -0500",1,99,"B001",27869,,,," ",4,"Gasohol 98",0.65,13.13,15.49,8.47,1.53,10.00,,,,,,,"GLL"
"B","28-10-2019","2019-10-28 00:00:00 -0500",1,99,"B001",27868,,,," ",2,"Gasohol 90",3.15,10.75,12.69,33.90,6.10,40.00,,,,,,,"GLL"
"B","28-10-2019","2019-10-28 00:00:00 -0500",1,99,"B001",27867,,,," ",2,"Gasohol 90",1.58,10.75,12.69,16.95,3.05,20.00,,,,,,,"GLL"
"B","28-10-2019","2019-10-28 00:00:00 -0500",1,99,"B001",27866,,,," ",5,"DieselPro B5 S50 UV",0.85,10.03,11.84,8.47,1.53,10.00,,,,,,,"GLL"
"B","28-10-2019","2019-10-28 00:00:00 -0500",1,99,"B001",27865,,,," ",2,"Gasohol 90",0.16,10.75,12.69,1.69,0.31,2.00,,,,,,,"GLL"
"B","28-10-2019","2019-10-28 00:00:00 -0500",1,99,"B001",27864,,,," ",2,"Gasohol 90",0.87,10.75,12.69,9.32,1.68,11.00,,,,,,,"GLL"
"B","28-10-2019","2019-10-28 00:00:00 -0500",1,99,"B001",27863,,,," ",5,"DieselPro B5 S50 UV",6.5,10.03,11.84,65.18,11.73,76.91,,,,,,,"GLL"
"B","28-10-2019","2019-10-28 00:00:00 -0500",1,99,"B001",27862,,,," ",5,"DieselPro B5 S50 UV",1.69,10.03,11.84,16.96,3.05,20.01,,,,,,,"GLL"
"B","28-10-2019","2019-10-28 00:00:00 -0500",1,99,"B001",27861,,,," ",5,"DieselPro B5 S50 UV",2.53,10.03,11.84,25.42,4.58,30.00,,,,,,,"GLL"
"B","28-10-2019","2019-10-28 00:00:00 -0500",1,99,"B001",27860,,,," ",5,"DieselPro B5 S50 UV",4.22,10.03,11.84,42.37,7.63,50.00,,,,,,,"GLL"
"B","28-10-2019","2019-10-28 00:00:00 -0500",1,99,"B001",27859,,,," ",2,"Gasohol 90",0.31,10.75,12.69,3.37,0.61,3.98,,,,,,,"GLL"
"B","28-10-2019","2019-10-28 00:00:00 -0500",1,99,"B001",27858,,,," ",5,"DieselPro B5 S50 UV",2.53,10.03,11.84,25.42,4.58,30.00,,,,,,,"GLL"
"B","28-10-2019","2019-10-28 00:00:00 -0500",1,99,"B001",27857,,,," ",5,"DieselPro B5 S50 UV",6.08,10.03,11.84,61.04,10.99,72.03,,,,,,,"GLL"
"B","28-10-2019","2019-10-28 00:00:00 -0500",1,99,"B001",27856,,,," ",2,"Gasohol 90",0.47,10.75,12.69,5.08,0.92,6.00,,,,,,,"GLL"
"B","28-10-2019","2019-10-28 00:00:00 -0500",1,99,"B001",27855,,,," ",2,"Gasohol 90",1.58,10.75,12.69,16.95,3.05,20.00,,,,,,,"GLL"
"B","28-10-2019","2019-10-28 00:00:00 -0500",1,99,"B001",27854,,,," ",2,"Gasohol 90",0.24,10.75,12.69,2.54,0.46,3.00,,,,,,,"GLL"
"B","28-10-2019","2019-10-28 00:00:00 -0500",1,99,"B001",27853,,,," ",5,"DieselPro B5 S50 UV",10.56,10.03,11.84,105.94,19.07,125.01,,,,,,,"GLL"
"B","28-10-2019","2019-10-28 00:00:00 -0500",1,99,"B001",27852,,,," ",5,"DieselPro B5 S50 UV",7.18,10.03,11.84,72.05,12.97,85.02,,,,,,,"GLL"
"B","28-10-2019","2019-10-28 00:00:00 -0500",1,99,"B001",27851,,,," ",2,"Gasohol 90",0.16,10.75,12.69,1.69,0.31,2.00,,,,,,,"GLL"
"B","28-10-2019","2019-10-28 00:00:00 -0500",1,99,"B001",27850,,,," ",2,"Gasohol 90",0.24,10.75,12.69,2.54,0.46,3.00,,,,,,,"GLL"
"B","28-10-2019","2019-10-28 00:00:00 -0500",1,99,"B001",27849,,,," ",5,"DieselPro B5 S50 UV",14.7,10.03,11.84,147.46,26.54,174.00,,,,,,,"GLL"
"B","28-10-2019","2019-10-28 00:00:00 -0500",1,99,"B001",27848,,,," ",2,"Gasohol 90",0.24,10.75,12.69,2.54,0.46,3.00,,,,,,,"GLL"
"B","28-10-2019","2019-10-28 00:00:00 -0500",1,99,"B001",27847,,,," ",2,"Gasohol 90",0.47,10.75,12.69,5.08,0.92,6.00,,,,,,,"GLL"
"B","28-10-2019","2019-10-28 00:00:00 -0500",1,99,"B001",27846,,,," ",2,"Gasohol 90",0.79,10.75,12.69,8.47,1.53,10.00,,,,,,,"GLL"
"B","28-10-2019","2019-10-28 00:00:00 -0500",1,99,"B001",27845,,,," ",5,"DieselPro B5 S50 UV",6.25,10.03,11.84,62.72,11.29,74.01,,,,,,,"GLL"
"B","28-10-2019","2019-10-28 00:00:00 -0500",1,99,"B001",27844,,,," ",5,"DieselPro B5 S50 UV",4.22,10.03,11.84,42.37,7.63,50.00,,,,,,,"GLL"
"B","28-10-2019","2019-10-28 00:00:00 -0500",1,99,"B001",27843,,,," ",5,"DieselPro B5 S50 UV",2.11,10.03,11.84,21.19,3.81,25.00,,,,,,,"GLL"
"B","28-10-2019","2019-10-28 00:00:00 -0500",1,99,"B001",27842,,,," ",5,"DieselPro B5 S50 UV",3.38,10.03,11.84,33.90,6.10,40.00,,,,,,,"GLL"
"B","28-10-2019","2019-10-28 00:00:00 -0500",1,99,"B001",27841,,,," ",5,"DieselPro B5 S50 UV",3.38,10.03,11.84,33.90,6.10,40.00,,,,,,,"GLL"
"B","28-10-2019","2019-10-28 00:00:00 -0500",1,99,"B001",27840,,,," ",2,"Gasohol 90",1,10.75,12.69,10.75,1.94,12.69,,,,,,,"GLL"
"B","28-10-2019","2019-10-28 00:00:00 -0500",1,99,"B001",27839,,,," ",5,"DieselPro B5 S50 UV",11.82,10.03,11.84,118.64,21.36,140.00,,,,,,,"GLL"
"B","28-10-2019","2019-10-28 00:00:00 -0500",1,99,"B001",27838,,,," ",5,"DieselPro B5 S50 UV",5.91,10.03,11.84,59.32,10.68,70.00,,,,,,,"GLL"
"B","28-10-2019","2019-10-28 00:00:00 -0500",1,99,"B001",27837,,,," ",2,"Gasohol 90",0.79,10.75,12.69,8.47,1.53,10.00,,,,,,,"GLL"
"B","28-10-2019","2019-10-28 00:00:00 -0500",1,99,"B001",27836,,,," ",2,"Gasohol 90",0.71,10.75,12.69,7.63,1.37,9.00,,,,,,,"GLL"
"B","28-10-2019","2019-10-28 00:00:00 -0500",1,99,"B001",27835,,,," ",2,"Gasohol 90",0.39,10.75,12.69,4.24,0.76,5.00,,,,,,,"GLL"
"B","28-10-2019","2019-10-28 00:00:00 -0500",1,99,"B001",27834,,,," ",2,"Gasohol 90",0.79,10.75,12.69,8.47,1.53,10.00,,,,,,,"GLL"
"B","28-10-2019","2019-10-28 00:00:00 -0500",1,99,"B001",27833,,,," ",5,"DieselPro B5 S50 UV",2.53,10.03,11.84,25.42,4.58,30.00,,,,,,,"GLL"
"B","28-10-2019","2019-10-28 00:00:00 -0500",1,99,"B001",27832,,,," ",5,"DieselPro B5 S50 UV",2.53,10.03,11.84,25.42,4.58,30.00,,,,,,,"GLL"
"B","28-10-2019","2019-10-28 00:00:00 -0500",1,99,"B001",27831,,,," ",5,"DieselPro B5 S50 UV",2.53,10.03,11.84,25.42,4.58,30.00,,,,,,,"GLL"
"B","28-10-2019","2019-10-28 00:00:00 -0500",1,99,"B001",27830,,,," ",2,"Gasohol 90",0.47,10.75,12.69,5.08,0.92,6.00,,,,,,,"GLL"
"B","28-10-2019","2019-10-28 00:00:00 -0500",1,99,"B001",27829,,,," ",2,"Gasohol 90",0.79,10.75,12.69,8.47,1.53,10.00,,,,,,,"GLL"
"B","28-10-2019","2019-10-28 00:00:00 -0500",1,99,"B001",27828,,,," ",5,"DieselPro B5 S50 UV",1.69,10.03,11.84,16.95,3.05,20.00,,,,,,,"GLL"
"B","28-10-2019","2019-10-28 00:00:00 -0500",1,99,"B001",27827,,,," ",5,"DieselPro B5 S50 UV",3.38,10.03,11.84,33.90,6.10,40.00,,,,,,,"GLL"
"B","28-10-2019","2019-10-28 00:00:00 -0500",1,99,"B001",27826,,,," ",2,"Gasohol 90",0.39,10.75,12.69,4.24,0.76,5.00,,,,,,,"GLL"
"B","28-10-2019","2019-10-28 00:00:00 -0500",1,99,"B001",27825,,,," ",2,"Gasohol 90",1.18,10.75,12.69,12.71,2.29,15.00,,,,,,,"GLL"
"B","28-10-2019","2019-10-28 00:00:00 -0500",1,99,"B001",27824,,,," ",5,"DieselPro B5 S50 UV",6.33,10.03,11.84,63.56,11.44,75.00,,,,,,,"GLL"
"B","28-10-2019","2019-10-28 00:00:00 -0500",1,99,"B001",27823,,,," ",5,"DieselPro B5 S50 UV",7.35,10.03,11.84,73.73,13.27,87.00,,,,,,,"GLL"
"B","28-10-2019","2019-10-28 00:00:00 -0500",1,99,"B001",27822,,,," ",5,"DieselPro B5 S50 UV",7.1,10.03,11.84,71.19,12.81,84.00,,,,,,,"GLL"
"B","28-10-2019","2019-10-28 00:00:00 -0500",1,99,"B001",27821,,,," ",5,"DieselPro B5 S50 UV",5.07,10.03,11.84,50.85,9.15,60.00,,,,,,,"GLL"
"B","28-10-2019","2019-10-28 00:00:00 -0500",1,99,"B001",27820,,,," ",2,"Gasohol 90",1.58,10.75,12.69,16.95,3.05,20.00,,,,,,,"GLL"
"B","28-10-2019","2019-10-28 00:00:00 -0500",1,99,"B002",165915,,,," ",7,"GLP",5.79,1.03,1.21,5.93,1.07,7.00,,,,,,,"LTR"
"B","28-10-2019","2019-10-28 00:00:00 -0500",1,99,"B002",165914,,,," ",7,"GLP",8.26,1.03,1.21,8.47,1.53,10.00,,,,,,,"LTR"
"B","28-10-2019","2019-10-28 00:00:00 -0500",1,99,"B002",165913,,,," ",7,"GLP",5.79,1.03,1.21,5.93,1.07,7.00,,,,,,,"LTR"
"B","28-10-2019","2019-10-28 00:00:00 -0500",1,99,"B002",165912,,,," ",7,"GLP",9.09,1.03,1.21,9.32,1.68,11.00,,,,,,,"LTR"
"B","28-10-2019","2019-10-28 00:00:00 -0500",1,99,"B002",165911,,,," ",7,"GLP",4.13,1.03,1.21,4.24,0.76,5.00,,,,,,,"LTR"
"B","28-10-2019","2019-10-28 00:00:00 -0500",1,99,"B002",165910,,,," ",7,"GLP",4.13,1.03,1.21,4.24,0.76,5.00,,,,,,,"LTR"
"B","28-10-2019","2019-10-28 00:00:00 -0500",1,99,"B002",165909,,,," ",7,"GLP",17.77,1.03,1.21,18.22,3.28,21.50,,,,,,,"LTR"
"B","28-10-2019","2019-10-28 00:00:00 -0500",1,99,"B002",165908,,,," ",7,"GLP",16.53,1.03,1.21,16.95,3.05,20.00,,,,,,,"LTR"
"B","28-10-2019","2019-10-28 00:00:00 -0500",1,99,"B002",165907,,,," ",7,"GLP",10.74,1.03,1.21,11.02,1.98,13.00,,,,,,,"LTR"
"B","28-10-2019","2019-10-28 00:00:00 -0500",1,99,"B002",165906,,,," ",7,"GLP",8.26,1.03,1.21,8.47,1.53,10.00,,,,,,,"LTR"
"B","28-10-2019","2019-10-28 00:00:00 -0500",1,99,"B002",165905,,,," ",7,"GLP",4.96,1.03,1.21,5.08,0.92,6.00,,,,,,,"LTR"
"B","28-10-2019","2019-10-28 00:00:00 -0500",1,99,"B002",165904,,,," ",7,"GLP",3.31,1.03,1.21,3.39,0.61,4.00,,,,,,,"LTR"
"B","28-10-2019","2019-10-28 00:00:00 -0500",1,99,"B002",165903,,,," ",7,"GLP",4.96,1.03,1.21,5.08,0.92,6.00,,,,,,,"LTR"
"B","28-10-2019","2019-10-28 00:00:00 -0500",1,99,"B002",165902,,,," ",2,"Gasohol 90",1.58,10.75,12.69,16.95,3.05,20.00,,,,,,,"GLL"
"B","28-10-2019","2019-10-28 00:00:00 -0500",1,99,"B002",165901,,,," ",7,"GLP",4.13,1.03,1.21,4.24,0.76,5.00,,,,,,,"LTR"
"B","28-10-2019","2019-10-28 00:00:00 -0500",1,99,"B002",165900,,,," ",7,"GLP",6.61,1.03,1.21,6.78,1.22,8.00,,,,,,,"LTR"
"B","28-10-2019","2019-10-28 00:00:00 -0500",1,99,"B002",165899,,,," ",7,"GLP",11.07,1.03,1.21,11.36,2.04,13.40,,,,,,,"LTR"
"B","28-10-2019","2019-10-28 00:00:00 -0500",1,99,"B002",165898,,,," ",7,"GLP",5.79,1.03,1.21,5.93,1.07,7.00,,,,,,,"LTR"
"B","28-10-2019","2019-10-28 00:00:00 -0500",1,99,"B002",165897,,,," ",7,"GLP",12.4,1.03,1.21,12.71,2.29,15.00,,,,,,,"LTR"
"B","28-10-2019","2019-10-28 00:00:00 -0500",1,99,"B002",165896,,,," ",7,"GLP",28.1,1.03,1.21,28.81,5.19,34.00,,,,,,,"LTR"
"B","28-10-2019","2019-10-28 00:00:00 -0500",1,99,"B002",165895,,,," ",7,"GLP",24.79,1.03,1.21,25.42,4.58,30.00,,,,,,,"LTR"
"B","28-10-2019","2019-10-28 00:00:00 -0500",1,99,"B002",165894,,,," ",7,"GLP",53.8,1.03,1.21,55.17,9.93,65.10,,,,,,,"LTR"
"B","28-10-2019","2019-10-28 00:00:00 -0500",1,99,"B002",165893,,,," ",5,"DieselPro B5 S50 UV",2.53,10.03,11.84,25.42,4.58,30.00,,,,,,,"GLL"
"B","28-10-2019","2019-10-28 00:00:00 -0500",1,99,"B002",165892,,,," ",7,"GLP",12.4,1.03,1.21,12.71,2.29,15.00,,,,,,,"LTR"
"B","28-10-2019","2019-10-28 00:00:00 -0500",1,99,"B002",165891,,,," ",7,"GLP",8.26,1.03,1.21,8.47,1.53,10.00,,,,,,,"LTR"
"B","28-10-2019","2019-10-28 00:00:00 -0500",1,99,"B002",165890,,,," ",7,"GLP",8.26,1.03,1.21,8.47,1.53,10.00,,,,,,,"LTR"
"B","28-10-2019","2019-10-28 00:00:00 -0500",1,99,"B002",165889,,,," ",7,"GLP",7.34,1.03,1.21,7.53,1.35,8.88,,,,,,,"LTR"
"B","28-10-2019","2019-10-28 00:00:00 -0500",1,99,"B002",165888,,,," ",7,"GLP",4.13,1.03,1.21,4.24,0.76,5.00,,,,,,,"LTR"
"B","28-10-2019","2019-10-28 00:00:00 -0500",1,99,"B002",165887,,,," ",7,"GLP",4.96,1.03,1.21,5.08,0.92,6.00,,,,,,,"LTR"
"B","28-10-2019","2019-10-28 00:00:00 -0500",1,99,"B002",165886,,,," ",5,"DieselPro B5 S50 UV",1.69,10.03,11.84,16.95,3.05,20.00,,,,,,,"GLL"
"B","28-10-2019","2019-10-28 00:00:00 -0500",1,99,"B002",165885,,,," ",7,"GLP",4.13,1.03,1.21,4.24,0.76,5.00,,,,,,,"LTR"
"B","28-10-2019","2019-10-28 00:00:00 -0500",1,99,"B002",165884,,,," ",7,"GLP",6.61,1.03,1.21,6.78,1.22,8.00,,,,,,,"LTR"
"B","28-10-2019","2019-10-28 00:00:00 -0500",1,99,"B002",165883,,,," ",7,"GLP",4.13,1.03,1.21,4.24,0.76,5.00,,,,,,,"LTR"
"B","28-10-2019","2019-10-28 00:00:00 -0500",1,99,"B002",165882,,,," ",2,"Gasohol 90",0.39,10.75,12.69,4.24,0.76,5.00,,,,,,,"GLL"
"B","28-10-2019","2019-10-28 00:00:00 -0500",1,99,"B002",165881,,,," ",7,"GLP",6.61,1.03,1.21,6.78,1.22,8.00,,,,,,,"LTR"
"B","28-10-2019","2019-10-28 00:00:00 -0500",1,99,"B002",165880,,,," ",7,"GLP",24.79,1.03,1.21,25.42,4.58,30.00,,,,,,,"LTR"
"B","28-10-2019","2019-10-28 00:00:00 -0500",1,99,"B002",165879,,,," ",7,"GLP",8.26,1.03,1.21,8.47,1.53,10.00,,,,,,,"LTR"
"B","28-10-2019","2019-10-28 00:00:00 -0500",1,99,"B002",165878,,,," ",7,"GLP",8.26,1.03,1.21,8.47,1.53,10.00,,,,,,,"LTR"
"B","28-10-2019","2019-10-28 00:00:00 -0500",1,99,"B002",165877,,,," ",7,"GLP",42.16,1.03,1.21,43.23,7.78,51.01,,,,,,,"LTR"
"B","28-10-2019","2019-10-28 00:00:00 -0500",1,99,"B002",165876,,,," ",7,"GLP",2.48,1.03,1.21,2.54,0.46,3.00,,,,,,,"LTR"
"B","28-10-2019","2019-10-28 00:00:00 -0500",1,99,"B002",165875,,,," ",7,"GLP",5.79,1.03,1.21,5.93,1.07,7.00,,,,,,,"LTR"
"B","28-10-2019","2019-10-28 00:00:00 -0500",1,99,"B002",165874,,,," ",7,"GLP",8.26,1.03,1.21,8.47,1.53,10.00,,,,,,,"LTR"
"B","28-10-2019","2019-10-28 00:00:00 -0500",1,99,"B002",165873,,,," ",7,"GLP",9.92,1.03,1.21,10.17,1.83,12.00,,,,,,,"LTR"
"B","28-10-2019","2019-10-28 00:00:00 -0500",1,99,"B002",165872,,,," ",7,"GLP",19,1.03,1.21,19.48,3.51,22.99,,,,,,,"LTR"
"B","28-10-2019","2019-10-28 00:00:00 -0500",1,99,"B002",165871,,,," ",7,"GLP",4.13,1.03,1.21,4.24,0.76,5.00,,,,,,,"LTR"
"B","28-10-2019","2019-10-28 00:00:00 -0500",1,99,"B002",165870,,,," ",7,"GLP",8.26,1.03,1.21,8.47,1.53,10.00,,,,,,,"LTR"
"B","28-10-2019","2019-10-28 00:00:00 -0500",1,99,"B002",165869,,,," ",7,"GLP",14.46,1.03,1.21,14.83,2.67,17.50,,,,,,,"LTR"
"B","28-10-2019","2019-10-28 00:00:00 -0500",1,99,"B002",165868,,,," ",7,"GLP",4.13,1.03,1.21,4.24,0.76,5.00,,,,,,,"LTR"
"B","28-10-2019","2019-10-28 00:00:00 -0500",1,99,"B002",165867,,,," ",7,"GLP",7.44,1.03,1.21,7.63,1.37,9.00,,,,,,,"LTR"
"B","28-10-2019","2019-10-28 00:00:00 -0500",1,99,"B002",165866,,,," ",7,"GLP",14.05,1.03,1.21,14.41,2.59,17.00,,,,,,,"LTR"
"B","28-10-2019","2019-10-28 00:00:00 -0500",1,99,"B002",165865,,,," ",7,"GLP",4.96,1.03,1.21,5.08,0.92,6.00,,,,,,,"LTR"
"B","28-10-2019","2019-10-28 00:00:00 -0500",1,99,"B002",165864,,,," ",7,"GLP",16.53,1.03,1.21,16.95,3.05,20.00,,,,,,,"LTR"
"B","28-10-2019","2019-10-28 00:00:00 -0500",1,99,"B002",165863,,,," ",4,"Gasohol 98",0.65,13.13,15.49,8.47,1.53,10.00,,,,,,,"GLL"
"B","28-10-2019","2019-10-28 00:00:00 -0500",1,99,"B002",165862,,,," ",4,"Gasohol 98",0.65,13.13,15.49,8.47,1.53,10.00,,,,,,,"GLL"
"B","28-10-2019","2019-10-28 00:00:00 -0500",1,99,"B002",165861,,,," ",7,"GLP",12.4,1.03,1.21,12.71,2.29,15.00,,,,,,,"LTR"
"B","28-10-2019","2019-10-28 00:00:00 -0500",1,99,"B002",165860,,,," ",7,"GLP",8.26,1.03,1.21,8.47,1.53,10.00,,,,,,,"LTR"
"B","28-10-2019","2019-10-28 00:00:00 -0500",1,99,"B002",165859,,,," ",7,"GLP",8.26,1.03,1.21,8.47,1.53,10.00,,,,,,,"LTR"
"B","28-10-2019","2019-10-28 00:00:00 -0500",1,99,"B002",165858,,,," ",7,"GLP",20.03,1.03,1.21,20.53,3.70,24.23,,,,,,,"LTR"
"B","28-10-2019","2019-10-28 00:00:00 -0500",1,99,"B002",165857,,,," ",2,"Gasohol 90",1.58,10.75,12.69,16.95,3.05,20.00,,,,,,,"GLL"
"B","28-10-2019","2019-10-28 00:00:00 -0500",1,99,"B002",165856,,,," ",7,"GLP",4.13,1.03,1.21,4.24,0.76,5.00,,,,,,,"LTR"
"B","28-10-2019","2019-10-28 00:00:00 -0500",1,99,"B002",165855,,,," ",7,"GLP",1.66,1.03,1.21,1.70,0.31,2.01,,,,,,,"LTR"
"B","28-10-2019","2019-10-28 00:00:00 -0500",1,99,"B002",165854,,,," ",7,"GLP",4.13,1.03,1.21,4.24,0.76,5.00,,,,,,,"LTR"
"B","28-10-2019","2019-10-28 00:00:00 -0500",1,99,"B002",165853,,,," ",7,"GLP",4.96,1.03,1.21,5.08,0.92,6.00,,,,,,,"LTR"
"B","28-10-2019","2019-10-28 00:00:00 -0500",1,99,"B002",165852,,,," ",7,"GLP",0.02,1.03,1.21,0.02,0.00,0.02,,,,,,,"LTR"
"B","28-10-2019","2019-10-28 00:00:00 -0500",1,99,"B002",165851,,,," ",7,"GLP",8.26,1.03,1.21,8.47,1.53,10.00,,,,,,,"LTR"
"B","28-10-2019","2019-10-28 00:00:00 -0500",1,99,"B002",165850,,,," ",7,"GLP",8.26,1.03,1.21,8.47,1.53,10.00,,,,,,,"LTR"
"B","28-10-2019","2019-10-28 00:00:00 -0500",1,99,"B002",165849,,,," ",7,"GLP",4.13,1.03,1.21,4.24,0.76,5.00,,,,,,,"LTR"
"B","28-10-2019","2019-10-28 00:00:00 -0500",1,99,"B002",165848,,,," ",7,"GLP",8.26,1.03,1.21,8.47,1.53,10.00,,,,,,,"LTR"
"B","28-10-2019","2019-10-28 00:00:00 -0500",1,99,"B002",165847,,,," ",7,"GLP",4.13,1.03,1.21,4.24,0.76,5.00,,,,,,,"LTR"
"B","28-10-2019","2019-10-28 00:00:00 -0500",1,99,"B002",165846,,,," ",7,"GLP",8.26,1.03,1.21,8.47,1.53,10.00,,,,,,,"LTR"
"B","28-10-2019","2019-10-28 00:00:00 -0500",1,99,"B002",165845,,,," ",7,"GLP",12.4,1.03,1.21,12.71,2.29,15.00,,,,,,,"LTR"
"B","28-10-2019","2019-10-28 00:00:00 -0500",1,99,"B002",165844,,,," ",7,"GLP",4.13,1.03,1.21,4.24,0.76,5.00,,,,,,,"LTR"
"B","28-10-2019","2019-10-28 00:00:00 -0500",1,99,"B002",165843,,,," ",7,"GLP",11.24,1.03,1.21,11.53,2.07,13.60,,,,,,,"LTR"
"B","28-10-2019","2019-10-28 00:00:00 -0500",1,99,"B002",165842,,,," ",5,"DieselPro B5 S50 UV",3.89,10.03,11.84,38.98,7.02,46.00,,,,,,,"GLL"
"B","28-10-2019","2019-10-28 00:00:00 -0500",1,99,"B002",165841,,,," ",5,"DieselPro B5 S50 UV",1.69,10.03,11.84,16.95,3.05,20.00,,,,,,,"GLL"
"B","28-10-2019","2019-10-28 00:00:00 -0500",1,99,"B002",165840,,,," ",7,"GLP",16.53,1.03,1.21,16.95,3.05,20.00,,,,,,,"LTR"
"B","28-10-2019","2019-10-28 00:00:00 -0500",1,99,"B002",165839,,,," ",7,"GLP",24.79,1.03,1.21,25.42,4.58,30.00,,,,,,,"LTR"
"B","28-10-2019","2019-10-28 00:00:00 -0500",1,99,"B002",165838,,,," ",7,"GLP",8.26,1.03,1.21,8.47,1.53,10.00,,,,,,,"LTR"
"B","28-10-2019","2019-10-28 00:00:00 -0500",1,99,"B002",165837,,,," ",2,"Gasohol 90",1.58,10.75,12.69,16.95,3.05,20.00,,,,,,,"GLL"
"B","28-10-2019","2019-10-28 00:00:00 -0500",1,99,"B002",165836,,,," ",7,"GLP",9.92,1.03,1.21,10.17,1.83,12.00,,,,,,,"LTR"
"B","28-10-2019","2019-10-28 00:00:00 -0500",1,99,"B002",165835,,,," ",7,"GLP",16.51,1.03,1.21,16.93,3.05,19.98,,,,,,,"LTR"
"B","28-10-2019","2019-10-28 00:00:00 -0500",1,99,"B002",165834,,,," ",7,"GLP",8.26,1.03,1.21,8.47,1.53,10.00,,,,,,,"LTR"
"B","28-10-2019","2019-10-28 00:00:00 -0500",1,99,"B002",165833,,,," ",7,"GLP",12.4,1.03,1.21,12.71,2.29,15.00,,,,,,,"LTR"
"B","28-10-2019","2019-10-28 00:00:00 -0500",1,99,"B002",165832,,,," ",7,"GLP",4.13,1.03,1.21,4.24,0.76,5.00,,,,,,,"LTR"
"B","28-10-2019","2019-10-28 00:00:00 -0500",1,99,"B002",165831,,,," ",7,"GLP",5.79,1.03,1.21,5.93,1.07,7.00,,,,,,,"LTR"
"B","28-10-2019","2019-10-28 00:00:00 -0500",1,99,"B002",165830,,,," ",7,"GLP",9.92,1.03,1.21,10.17,1.83,12.00,,,,,,,"LTR"
"B","28-10-2019","2019-10-28 00:00:00 -0500",1,99,"B002",165829,,,," ",7,"GLP",12.4,1.03,1.21,12.71,2.29,15.00,,,,,,,"LTR"
"B","28-10-2019","2019-10-28 00:00:00 -0500",1,99,"B002",165828,,,," ",7,"GLP",4.13,1.03,1.21,4.24,0.76,5.00,,,,,,,"LTR"
"B","28-10-2019","2019-10-28 00:00:00 -0500",1,99,"B002",165827,,,," ",7,"GLP",12.4,1.03,1.21,12.71,2.29,15.00,,,,,,,"LTR"
"B","28-10-2019","2019-10-28 00:00:00 -0500",1,99,"B002",165826,,,," ",7,"GLP",4.96,1.03,1.21,5.08,0.92,6.00,,,,,,,"LTR"
"B","28-10-2019","2019-10-28 00:00:00 -0500",1,99,"B002",165825,,,," ",7,"GLP",9.84,1.03,1.21,10.08,1.82,11.90,,,,,,,"LTR"
"B","28-10-2019","2019-10-28 00:00:00 -0500",1,99,"B002",165824,,,," ",7,"GLP",4.13,1.03,1.21,4.24,0.76,5.00,,,,,,,"LTR"
"B","28-10-2019","2019-10-28 00:00:00 -0500",1,99,"B002",165823,,,," ",7,"GLP",24.79,1.03,1.21,25.42,4.58,30.00,,,,,,,"LTR"
"B","28-10-2019","2019-10-28 00:00:00 -0500",1,99,"B002",165822,,,," ",7,"GLP",17.7,1.03,1.21,18.15,3.27,21.42,,,,,,,"LTR"
"B","28-10-2019","2019-10-28 00:00:00 -0500",1,99,"B002",165821,,,," ",7,"GLP",16.53,1.03,1.21,16.95,3.05,20.00,,,,,,,"LTR"
"B","28-10-2019","2019-10-28 00:00:00 -0500",1,99,"B002",165820,,,," ",7,"GLP",8.6,1.03,1.21,8.81,1.59,10.40,,,,,,,"LTR"
"B","28-10-2019","2019-10-28 00:00:00 -0500",1,99,"B002",165819,,,," ",2,"Gasohol 90",0.79,10.75,12.69,8.47,1.53,10.00,,,,,,,"GLL"
"B","28-10-2019","2019-10-28 00:00:00 -0500",1,99,"B002",165818,,,," ",7,"GLP",22.33,1.03,1.21,22.90,4.12,27.02,,,,,,,"LTR"
"B","28-10-2019","2019-10-28 00:00:00 -0500",1,99,"B002",165817,,,," ",7,"GLP",4.13,1.03,1.21,4.24,0.76,5.00,,,,,,,"LTR"
"B","28-10-2019","2019-10-28 00:00:00 -0500",1,99,"B002",165816,,,," ",7,"GLP",8.26,1.03,1.21,8.47,1.53,10.00,,,,,,,"LTR"
"B","28-10-2019","2019-10-28 00:00:00 -0500",1,99,"B002",165815,,,," ",7,"GLP",7.44,1.03,1.21,7.63,1.37,9.00,,,,,,,"LTR"
"B","28-10-2019","2019-10-28 00:00:00 -0500",1,99,"B002",165814,,,," ",7,"GLP",6.61,1.03,1.21,6.78,1.22,8.00,,,,,,,"LTR"
"B","28-10-2019","2019-10-28 00:00:00 -0500",1,99,"B002",165813,,,," ",7,"GLP",7.19,1.03,1.21,7.37,1.33,8.70,,,,,,,"LTR"
"B","28-10-2019","2019-10-28 00:00:00 -0500",1,99,"B002",165812,,,," ",7,"GLP",4.13,1.03,1.21,4.24,0.76,5.00,,,,,,,"LTR"
"B","28-10-2019","2019-10-28 00:00:00 -0500",1,99,"B002",165811,,,," ",7,"GLP",8.26,1.03,1.21,8.47,1.53,10.00,,,,,,,"LTR"
"B","28-10-2019","2019-10-28 00:00:00 -0500",1,99,"B002",165810,,,," ",7,"GLP",8.26,1.03,1.21,8.47,1.53,10.00,,,,,,,"LTR"
"B","28-10-2019","2019-10-28 00:00:00 -0500",1,99,"B002",165809,,,," ",7,"GLP",16.53,1.03,1.21,16.95,3.05,20.00,,,,,,,"LTR"
"B","28-10-2019","2019-10-28 00:00:00 -0500",1,99,"B002",165808,,,," ",7,"GLP",8.26,1.03,1.21,8.47,1.53,10.00,,,,,,,"LTR"
"B","28-10-2019","2019-10-28 00:00:00 -0500",1,99,"B002",165807,,,," ",7,"GLP",4.13,1.03,1.21,4.24,0.76,5.00,,,,,,,"LTR"
"B","28-10-2019","2019-10-28 00:00:00 -0500",1,99,"B002",165806,,,," ",2,"Gasohol 90",0.39,10.75,12.69,4.24,0.76,5.00,,,,,,,"GLL"
"B","28-10-2019","2019-10-28 00:00:00 -0500",1,99,"B002",165805,,,," ",7,"GLP",6.12,1.03,1.21,6.27,1.13,7.40,,,,,,,"LTR"
"B","28-10-2019","2019-10-28 00:00:00 -0500",1,99,"B002",165804,,,," ",7,"GLP",16.53,1.03,1.21,16.95,3.05,20.00,,,,,,,"LTR"
"B","28-10-2019","2019-10-28 00:00:00 -0500",1,99,"B002",165803,,,," ",7,"GLP",4.13,1.03,1.21,4.24,0.76,5.00,,,,,,,"LTR"
"B","28-10-2019","2019-10-28 00:00:00 -0500",1,99,"B002",165802,,,," ",7,"GLP",7.86,1.03,1.21,8.06,1.45,9.51,,,,,,,"LTR"
"B","28-10-2019","2019-10-28 00:00:00 -0500",1,99,"B002",165801,,,," ",7,"GLP",12.4,1.03,1.21,12.71,2.29,15.00,,,,,,,"LTR"
"B","28-10-2019","2019-10-28 00:00:00 -0500",1,99,"B002",165800,,,," ",7,"GLP",8.26,1.03,1.21,8.47,1.53,10.00,,,,,,,"LTR"
"B","28-10-2019","2019-10-28 00:00:00 -0500",1,99,"B002",165799,,,," ",7,"GLP",4.13,1.03,1.21,4.24,0.76,5.00,,,,,,,"LTR"
"B","28-10-2019","2019-10-28 00:00:00 -0500",1,99,"B002",165798,,,," ",7,"GLP",7.77,1.03,1.21,7.97,1.43,9.40,,,,,,,"LTR"
"B","28-10-2019","2019-10-28 00:00:00 -0500",1,99,"B002",165797,,,," ",7,"GLP",15.06,1.03,1.21,15.44,2.78,18.22,,,,,,,"LTR"
"B","28-10-2019","2019-10-28 00:00:00 -0500",1,99,"B002",165796,,,," ",7,"GLP",4.13,1.03,1.21,4.24,0.76,5.00,,,,,,,"LTR"
"B","28-10-2019","2019-10-28 00:00:00 -0500",1,99,"B002",165795,,,," ",7,"GLP",21.56,1.03,1.21,22.11,3.98,26.09,,,,,,,"LTR"
"B","28-10-2019","2019-10-28 00:00:00 -0500",1,99,"B002",165794,,,," ",7,"GLP",10.74,1.03,1.21,11.02,1.98,13.00,,,,,,,"LTR"
"B","28-10-2019","2019-10-28 00:00:00 -0500",1,99,"B002",165793,,,," ",7,"GLP",12.64,1.03,1.21,12.96,2.33,15.29,,,,,,,"LTR"
"B","28-10-2019","2019-10-28 00:00:00 -0500",1,99,"B002",165792,,,," ",7,"GLP",10.74,1.03,1.21,11.02,1.98,13.00,,,,,,,"LTR"
"B","28-10-2019","2019-10-28 00:00:00 -0500",1,99,"B002",165791,,,," ",7,"GLP",15.3,1.03,1.21,15.69,2.82,18.51,,,,,,,"LTR"
"B","28-10-2019","2019-10-28 00:00:00 -0500",1,99,"B002",165790,,,," ",2,"Gasohol 90",0.39,10.75,12.69,4.24,0.76,5.00,,,,,,,"GLL"
"B","28-10-2019","2019-10-28 00:00:00 -0500",1,99,"B002",165789,,,," ",7,"GLP",4.96,1.03,1.21,5.08,0.92,6.00,,,,,,,"LTR"
"B","28-10-2019","2019-10-28 00:00:00 -0500",1,99,"B002",165788,,,," ",7,"GLP",20.66,1.03,1.21,21.19,3.81,25.00,,,,,,,"LTR"
"B","28-10-2019","2019-10-28 00:00:00 -0500",1,99,"B002",165787,,,," ",7,"GLP",12.48,1.03,1.21,12.80,2.30,15.10,,,,,,,"LTR"
"B","28-10-2019","2019-10-28 00:00:00 -0500",1,99,"B002",165786,,,," ",7,"GLP",8.26,1.03,1.21,8.47,1.53,10.00,,,,,,,"LTR"
"B","28-10-2019","2019-10-28 00:00:00 -0500",1,99,"B002",165785,,,," ",7,"GLP",9.92,1.03,1.21,10.17,1.83,12.00,,,,,,,"LTR"
"B","28-10-2019","2019-10-28 00:00:00 -0500",1,99,"B002",165784,,,," ",7,"GLP",8.26,1.03,1.21,8.47,1.53,10.00,,,,,,,"LTR"
"B","28-10-2019","2019-10-28 00:00:00 -0500",1,99,"B002",165783,,,," ",7,"GLP",8.26,1.03,1.21,8.47,1.53,10.00,,,,,,,"LTR"
"B","28-10-2019","2019-10-28 00:00:00 -0500",1,99,"B002",165782,,,," ",7,"GLP",8.26,1.03,1.21,8.47,1.53,10.00,,,,,,,"LTR"
"B","28-10-2019","2019-10-28 00:00:00 -0500",1,99,"B002",165781,,,," ",7,"GLP",4.13,1.03,1.21,4.24,0.76,5.00,,,,,,,"LTR"
"B","28-10-2019","2019-10-28 00:00:00 -0500",1,99,"B002",165780,,,," ",7,"GLP",24.79,1.03,1.21,25.42,4.58,30.00,,,,,,,"LTR"
"B","28-10-2019","2019-10-28 00:00:00 -0500",1,99,"B002",165779,,,," ",7,"GLP",8.26,1.03,1.21,8.47,1.53,10.00,,,,,,,"LTR"
"B","28-10-2019","2019-10-28 00:00:00 -0500",1,99,"B002",165778,,,," ",7,"GLP",4.13,1.03,1.21,4.24,0.76,5.00,,,,,,,"LTR"
"B","28-10-2019","2019-10-28 00:00:00 -0500",1,99,"B002",165777,,,," ",7,"GLP",9.92,1.03,1.21,10.17,1.83,12.00,,,,,,,"LTR"
"B","28-10-2019","2019-10-28 00:00:00 -0500",1,99,"B002",165776,,,," ",7,"GLP",24.79,1.03,1.21,25.42,4.58,30.00,,,,,,,"LTR"
"B","28-10-2019","2019-10-28 00:00:00 -0500",1,99,"B002",165775,,,," ",7,"GLP",4.13,1.03,1.21,4.24,0.76,5.00,,,,,,,"LTR"
"B","28-10-2019","2019-10-28 00:00:00 -0500",1,99,"B002",165774,,,," ",7,"GLP",3.88,1.03,1.21,3.98,0.72,4.70,,,,,,,"LTR"
"B","28-10-2019","2019-10-28 00:00:00 -0500",1,99,"B002",165773,,,," ",7,"GLP",5.37,1.03,1.21,5.51,0.99,6.50,,,,,,,"LTR"
"B","28-10-2019","2019-10-28 00:00:00 -0500",1,99,"B002",165772,,,," ",7,"GLP",9.92,1.03,1.21,10.17,1.83,12.00,,,,,,,"LTR"
"B","28-10-2019","2019-10-28 00:00:00 -0500",1,99,"B002",165771,,,," ",7,"GLP",9.92,1.03,1.21,10.17,1.83,12.00,,,,,,,"LTR"
"B","28-10-2019","2019-10-28 00:00:00 -0500",1,99,"B002",165770,,,," ",7,"GLP",8.26,1.03,1.21,8.47,1.53,10.00,,,,,,,"LTR"
"B","28-10-2019","2019-10-28 00:00:00 -0500",1,99,"B002",165769,,,," ",5,"DieselPro B5 S50 UV",12.07,10.03,11.84,121.12,21.80,142.92,,,,,,,"GLL"
"B","28-10-2019","2019-10-28 00:00:00 -0500",1,99,"B002",165768,,,," ",7,"GLP",6.4,1.03,1.21,6.56,1.18,7.74,,,,,,,"LTR"
"B","28-10-2019","2019-10-28 00:00:00 -0500",1,99,"B002",165767,,,," ",7,"GLP",8.26,1.03,1.21,8.47,1.53,10.00,,,,,,,"LTR"
"B","28-10-2019","2019-10-28 00:00:00 -0500",1,99,"B002",165766,,,," ",7,"GLP",4.96,1.03,1.21,5.08,0.92,6.00,,,,,,,"LTR"
"B","28-10-2019","2019-10-28 00:00:00 -0500",1,99,"B002",165765,,,," ",7,"GLP",16.53,1.03,1.21,16.95,3.05,20.00,,,,,,,"LTR"
"B","28-10-2019","2019-10-28 00:00:00 -0500",1,99,"B002",165764,,,," ",7,"GLP",9.92,1.03,1.21,10.17,1.83,12.00,,,,,,,"LTR"
"B","28-10-2019","2019-10-28 00:00:00 -0500",1,99,"B002",165763,,,," ",7,"GLP",8.26,1.03,1.21,8.47,1.53,10.00,,,,,,,"LTR"
"B","28-10-2019","2019-10-28 00:00:00 -0500",1,99,"B002",165762,,,," ",7,"GLP",5.79,1.03,1.21,5.93,1.07,7.00,,,,,,,"LTR"
"B","28-10-2019","2019-10-28 00:00:00 -0500",1,99,"B002",165761,,,," ",7,"GLP",8.26,1.03,1.21,8.47,1.53,10.00,,,,,,,"LTR"
"B","28-10-2019","2019-10-28 00:00:00 -0500",1,99,"B002",165760,,,," ",7,"GLP",5.79,1.03,1.21,5.93,1.07,7.00,,,,,,,"LTR"
"B","28-10-2019","2019-10-28 00:00:00 -0500",1,99,"B002",165759,,,," ",7,"GLP",12.4,1.03,1.21,12.71,2.29,15.00,,,,,,,"LTR"
"B","28-10-2019","2019-10-28 00:00:00 -0500",1,99,"B002",165758,,,," ",7,"GLP",12.4,1.03,1.21,12.71,2.29,15.00,,,,,,,"LTR"
"B","28-10-2019","2019-10-28 00:00:00 -0500",1,99,"B002",165757,,,," ",7,"GLP",4.13,1.03,1.21,4.24,0.76,5.00,,,,,,,"LTR"
"B","28-10-2019","2019-10-28 00:00:00 -0500",1,99,"B002",165756,,,," ",7,"GLP",5.79,1.03,1.21,5.93,1.07,7.00,,,,,,,"LTR"
"B","28-10-2019","2019-10-28 00:00:00 -0500",1,99,"B002",165755,,,," ",7,"GLP",31.41,1.03,1.21,32.21,5.80,38.01,,,,,,,"LTR"
"B","28-10-2019","2019-10-28 00:00:00 -0500",1,99,"B002",165754,,,," ",7,"GLP",16.53,1.03,1.21,16.95,3.05,20.00,,,,,,,"LTR"
"B","28-10-2019","2019-10-28 00:00:00 -0500",1,99,"B002",165753,,,," ",7,"GLP",27.44,1.03,1.21,28.14,5.06,33.20,,,,,,,"LTR"
"B","28-10-2019","2019-10-28 00:00:00 -0500",1,99,"B002",165752,,,," ",7,"GLP",19.84,1.03,1.21,20.35,3.66,24.01,,,,,,,"LTR"
"B","28-10-2019","2019-10-28 00:00:00 -0500",1,99,"B002",165751,,,," ",7,"GLP",16.53,1.03,1.21,16.95,3.05,20.00,,,,,,,"LTR"
"B","28-10-2019","2019-10-28 00:00:00 -0500",1,99,"B002",165750,,,," ",7,"GLP",3.31,1.03,1.21,3.39,0.61,4.00,,,,,,,"LTR"
"B","28-10-2019","2019-10-28 00:00:00 -0500",1,99,"B002",165749,,,," ",7,"GLP",23.73,1.03,1.21,24.33,4.38,28.71,,,,,,,"LTR"
"B","28-10-2019","2019-10-28 00:00:00 -0500",1,99,"B002",165748,,,," ",7,"GLP",11.57,1.03,1.21,11.86,2.14,14.00,,,,,,,"LTR"
"B","28-10-2019","2019-10-28 00:00:00 -0500",1,99,"B002",165747,,,," ",7,"GLP",4.13,1.03,1.21,4.24,0.76,5.00,,,,,,,"LTR"
"B","28-10-2019","2019-10-28 00:00:00 -0500",1,99,"B002",165746,,,," ",7,"GLP",4.13,1.03,1.21,4.24,0.76,5.00,,,,,,,"LTR"
"B","28-10-2019","2019-10-28 00:00:00 -0500",1,99,"B002",165745,,,," ",7,"GLP",8.26,1.03,1.21,8.47,1.53,10.00,,,,,,,"LTR"
"B","28-10-2019","2019-10-28 00:00:00 -0500",1,99,"B002",165744,,,," ",7,"GLP",8.26,1.03,1.21,8.47,1.53,10.00,,,,,,,"LTR"
"B","28-10-2019","2019-10-28 00:00:00 -0500",1,99,"B002",165743,,,," ",7,"GLP",19.26,1.03,1.21,19.75,3.56,23.31,,,,,,,"LTR"
"B","28-10-2019","2019-10-28 00:00:00 -0500",1,99,"B002",165742,,,," ",7,"GLP",5.79,1.03,1.21,5.93,1.07,7.00,,,,,,,"LTR"
"B","28-10-2019","2019-10-28 00:00:00 -0500",1,99,"B002",165741,,,," ",7,"GLP",6.61,1.03,1.21,6.78,1.22,8.00,,,,,,,"LTR"
"B","28-10-2019","2019-10-28 00:00:00 -0500",1,99,"B002",165740,,,," ",7,"GLP",4.13,1.03,1.21,4.24,0.76,5.00,,,,,,,"LTR"
"B","28-10-2019","2019-10-28 00:00:00 -0500",1,99,"B002",165739,,,," ",7,"GLP",20.66,1.03,1.21,21.19,3.81,25.00,,,,,,,"LTR"
"B","28-10-2019","2019-10-28 00:00:00 -0500",1,99,"B002",165738,,,," ",7,"GLP",8.26,1.03,1.21,8.47,1.53,10.00,,,,,,,"LTR"
"B","28-10-2019","2019-10-28 00:00:00 -0500",1,99,"B002",165737,,,," ",7,"GLP",11.65,1.03,1.21,11.95,2.15,14.10,,,,,,,"LTR"
"B","28-10-2019","2019-10-28 00:00:00 -0500",1,99,"B002",165736,,,," ",7,"GLP",4.96,1.03,1.21,5.08,0.92,6.00,,,,,,,"LTR"
"B","28-10-2019","2019-10-28 00:00:00 -0500",1,99,"B002",165735,,,," ",7,"GLP",4.13,1.03,1.21,4.24,0.76,5.00,,,,,,,"LTR"
"B","28-10-2019","2019-10-28 00:00:00 -0500",1,99,"B002",165734,,,," ",7,"GLP",11.65,1.03,1.21,11.95,2.15,14.10,,,,,,,"LTR"
"B","28-10-2019","2019-10-28 00:00:00 -0500",1,99,"B002",165733,,,," ",7,"GLP",4.13,1.03,1.21,4.24,0.76,5.00,,,,,,,"LTR"
"B","28-10-2019","2019-10-28 00:00:00 -0500",1,99,"B002",165732,,,," ",7,"GLP",4.96,1.03,1.21,5.08,0.92,6.00,,,,,,,"LTR"
"B","28-10-2019","2019-10-28 00:00:00 -0500",1,99,"B002",165731,,,," ",7,"GLP",5.79,1.03,1.21,5.93,1.07,7.00,,,,,,,"LTR"
"B","28-10-2019","2019-10-28 00:00:00 -0500",1,99,"B002",165730,,,," ",7,"GLP",2.48,1.03,1.21,2.54,0.46,3.00,,,,,,,"LTR"
"B","28-10-2019","2019-10-28 00:00:00 -0500",1,99,"B002",165729,,,," ",7,"GLP",8.26,1.03,1.21,8.47,1.53,10.00,,,,,,,"LTR"
"B","28-10-2019","2019-10-28 00:00:00 -0500",1,99,"B002",165728,,,," ",7,"GLP",4.13,1.03,1.21,4.24,0.76,5.00,,,,,,,"LTR"
"B","28-10-2019","2019-10-28 00:00:00 -0500",1,99,"B002",165727,,,," ",7,"GLP",8.26,1.03,1.21,8.47,1.53,10.00,,,,,,,"LTR"
"B","28-10-2019","2019-10-28 00:00:00 -0500",1,99,"B002",165726,,,," ",7,"GLP",6.61,1.03,1.21,6.78,1.22,8.00,,,,,,,"LTR"
"B","28-10-2019","2019-10-28 00:00:00 -0500",1,99,"B002",165725,,,," ",7,"GLP",8.26,1.03,1.21,8.47,1.53,10.00,,,,,,,"LTR"
"B","28-10-2019","2019-10-28 00:00:00 -0500",1,99,"B002",165724,,,," ",7,"GLP",4.96,1.03,1.21,5.08,0.92,6.00,,,,,,,"LTR"
"B","28-10-2019","2019-10-28 00:00:00 -0500",1,99,"B002",165723,,,," ",7,"GLP",6.61,1.03,1.21,6.78,1.22,8.00,,,,,,,"LTR"
"B","28-10-2019","2019-10-28 00:00:00 -0500",1,99,"B002",165722,,,," ",7,"GLP",8.26,1.03,1.21,8.47,1.53,10.00,,,,,,,"LTR"
"B","28-10-2019","2019-10-28 00:00:00 -0500",1,99,"B002",165721,,,," ",7,"GLP",14.8,1.03,1.21,15.18,2.73,17.91,,,,,,,"LTR"
"B","28-10-2019","2019-10-28 00:00:00 -0500",1,99,"B002",165720,,,," ",5,"DieselPro B5 S50 UV",4.9,10.03,11.84,49.15,8.85,58.00,,,,,,,"GLL"
"B","28-10-2019","2019-10-28 00:00:00 -0500",1,99,"B002",165719,,,," ",7,"GLP",4.96,1.03,1.21,5.08,0.92,6.00,,,,,,,"LTR"
"B","28-10-2019","2019-10-28 00:00:00 -0500",1,99,"B002",165718,,,," ",7,"GLP",16.53,1.03,1.21,16.95,3.05,20.00,,,,,,,"LTR"
"B","28-10-2019","2019-10-28 00:00:00 -0500",1,99,"B002",165717,,,," ",7,"GLP",6.61,1.03,1.21,6.78,1.22,8.00,,,,,,,"LTR"
"B","28-10-2019","2019-10-28 00:00:00 -0500",1,99,"B002",165716,,,," ",7,"GLP",0.84,1.03,1.21,0.86,0.15,1.01,,,,,,,"LTR"
"B","28-10-2019","2019-10-28 00:00:00 -0500",1,99,"B002",165715,,,," ",7,"GLP",8.67,1.03,1.21,8.89,1.60,10.49,,,,,,,"LTR"
"B","28-10-2019","2019-10-28 00:00:00 -0500",1,99,"B002",165714,,,," ",7,"GLP",8.26,1.03,1.21,8.47,1.53,10.00,,,,,,,"LTR"
"B","28-10-2019","2019-10-28 00:00:00 -0500",1,99,"B002",165713,,,," ",7,"GLP",8.26,1.03,1.21,8.47,1.53,10.00,,,,,,,"LTR"
"B","28-10-2019","2019-10-28 00:00:00 -0500",1,99,"B002",165712,,,," ",7,"GLP",8.26,1.03,1.21,8.47,1.53,10.00,,,,,,,"LTR"
"B","28-10-2019","2019-10-28 00:00:00 -0500",1,99,"B002",165711,,,," ",7,"GLP",4.96,1.03,1.21,5.08,0.92,6.00,,,,,,,"LTR"
"B","28-10-2019","2019-10-28 00:00:00 -0500",1,99,"B002",165710,,,," ",7,"GLP",12.4,1.03,1.21,12.71,2.29,15.00,,,,,,,"LTR"
"B","28-10-2019","2019-10-28 00:00:00 -0500",1,99,"B002",165709,,,," ",7,"GLP",12.22,1.03,1.21,12.53,2.26,14.79,,,,,,,"LTR"
"B","28-10-2019","2019-10-28 00:00:00 -0500",1,99,"B002",165708,,,," ",7,"GLP",5.79,1.03,1.21,5.93,1.07,7.00,,,,,,,"LTR"
"B","28-10-2019","2019-10-28 00:00:00 -0500",1,99,"B002",165707,,,," ",7,"GLP",22.19,1.03,1.21,22.75,4.10,26.85,,,,,,,"LTR"
"B","28-10-2019","2019-10-28 00:00:00 -0500",1,99,"B002",165706,,,," ",7,"GLP",4.13,1.03,1.21,4.24,0.76,5.00,,,,,,,"LTR"
"B","28-10-2019","2019-10-28 00:00:00 -0500",1,99,"B002",165705,,,," ",7,"GLP",8.26,1.03,1.21,8.47,1.53,10.00,,,,,,,"LTR"
"B","28-10-2019","2019-10-28 00:00:00 -0500",1,99,"B002",165704,,,," ",7,"GLP",11.57,1.03,1.21,11.86,2.14,14.00,,,,,,,"LTR"
"B","28-10-2019","2019-10-28 00:00:00 -0500",1,99,"B002",165703,,,," ",7,"GLP",5.79,1.03,1.21,5.93,1.07,7.00,,,,,,,"LTR"
"B","28-10-2019","2019-10-28 00:00:00 -0500",1,99,"B002",165702,,,," ",7,"GLP",4.13,1.03,1.21,4.24,0.76,5.00,,,,,,,"LTR"
"B","28-10-2019","2019-10-28 00:00:00 -0500",1,99,"B002",165701,,,," ",7,"GLP",4.13,1.03,1.21,4.24,0.76,5.00,,,,,,,"LTR"
"B","28-10-2019","2019-10-28 00:00:00 -0500",1,99,"B002",165700,,,," ",7,"GLP",4.13,1.03,1.21,4.24,0.76,5.00,,,,,,,"LTR"
"B","28-10-2019","2019-10-28 00:00:00 -0500",1,99,"B002",165699,,,," ",7,"GLP",8.26,1.03,1.21,8.47,1.53,10.00,,,,,,,"LTR"
"B","28-10-2019","2019-10-28 00:00:00 -0500",1,99,"B002",165698,,,," ",2,"Gasohol 90",0.79,10.75,12.69,8.47,1.53,10.00,,,,,,,"GLL"
"B","28-10-2019","2019-10-28 00:00:00 -0500",1,99,"B002",165697,,,," ",7,"GLP",12.4,1.03,1.21,12.71,2.29,15.00,,,,,,,"LTR"
"B","28-10-2019","2019-10-28 00:00:00 -0500",1,99,"B002",165696,,,," ",7,"GLP",5.79,1.03,1.21,5.93,1.07,7.00,,,,,,,"LTR"
"B","28-10-2019","2019-10-28 00:00:00 -0500",1,99,"B002",165695,,,," ",7,"GLP",7.19,1.03,1.21,7.37,1.33,8.70,,,,,,,"LTR"
"B","28-10-2019","2019-10-28 00:00:00 -0500",1,99,"B002",165694,,,," ",7,"GLP",8.26,1.03,1.21,8.47,1.53,10.00,,,,,,,"LTR"
"B","28-10-2019","2019-10-28 00:00:00 -0500",1,99,"B002",165693,,,," ",7,"GLP",8.26,1.03,1.21,8.47,1.53,10.00,,,,,,,"LTR"
"B","28-10-2019","2019-10-28 00:00:00 -0500",1,99,"B002",165692,,,," ",7,"GLP",8.26,1.03,1.21,8.47,1.53,10.00,,,,,,,"LTR"
"B","28-10-2019","2019-10-28 00:00:00 -0500",1,99,"B002",165691,,,," ",7,"GLP",4.96,1.03,1.21,5.08,0.92,6.00,,,,,,,"LTR"
"B","28-10-2019","2019-10-28 00:00:00 -0500",1,99,"B002",165690,,,," ",7,"GLP",6.61,1.03,1.21,6.78,1.22,8.00,,,,,,,"LTR"
"B","28-10-2019","2019-10-28 00:00:00 -0500",1,99,"B002",165689,,,," ",7,"GLP",8.26,1.03,1.21,8.47,1.53,10.00,,,,,,,"LTR"
"B","28-10-2019","2019-10-28 00:00:00 -0500",1,99,"B002",165688,,,," ",7,"GLP",4.96,1.03,1.21,5.08,0.92,6.00,,,,,,,"LTR"
"B","28-10-2019","2019-10-28 00:00:00 -0500",1,99,"B002",165687,,,," ",7,"GLP",4.13,1.03,1.21,4.24,0.76,5.00,,,,,,,"LTR"
"B","28-10-2019","2019-10-28 00:00:00 -0500",1,99,"B002",165686,,,," ",7,"GLP",11.8,1.03,1.21,12.10,2.18,14.28,,,,,,,"LTR"
"B","28-10-2019","2019-10-28 00:00:00 -0500",1,99,"B002",165685,,,," ",7,"GLP",5.41,1.03,1.21,5.55,1.00,6.55,,,,,,,"LTR"
"B","28-10-2019","2019-10-28 00:00:00 -0500",1,99,"B002",165684,,,," ",7,"GLP",12.4,1.03,1.21,12.71,2.29,15.00,,,,,,,"LTR"
"B","28-10-2019","2019-10-28 00:00:00 -0500",1,99,"B002",165683,,,," ",7,"GLP",22.73,1.03,1.21,23.31,4.19,27.50,,,,,,,"LTR"
"B","28-10-2019","2019-10-28 00:00:00 -0500",1,99,"B002",165682,,,," ",7,"GLP",2.48,1.03,1.21,2.54,0.46,3.00,,,,,,,"LTR"
"B","28-10-2019","2019-10-28 00:00:00 -0500",1,99,"B002",165681,,,," ",7,"GLP",4.13,1.03,1.21,4.24,0.76,5.00,,,,,,,"LTR"
"B","28-10-2019","2019-10-28 00:00:00 -0500",1,99,"B002",165680,,,," ",7,"GLP",10.74,1.03,1.21,11.02,1.98,13.00,,,,,,,"LTR"
"B","28-10-2019","2019-10-28 00:00:00 -0500",1,99,"B002",165679,,,," ",7,"GLP",6.61,1.03,1.21,6.78,1.22,8.00,,,,,,,"LTR"
"B","28-10-2019","2019-10-28 00:00:00 -0500",1,99,"B002",165678,,,," ",7,"GLP",8.26,1.03,1.21,8.47,1.53,10.00,,,,,,,"LTR"
"B","28-10-2019","2019-10-28 00:00:00 -0500",1,99,"B002",165677,,,," ",7,"GLP",8.26,1.03,1.21,8.47,1.53,10.00,,,,,,,"LTR"
"B","28-10-2019","2019-10-28 00:00:00 -0500",1,99,"B002",165676,,,," ",7,"GLP",7.44,1.03,1.21,7.63,1.37,9.00,,,,,,,"LTR"
"B","28-10-2019","2019-10-28 00:00:00 -0500",1,99,"B002",165675,,,," ",7,"GLP",9.92,1.03,1.21,10.17,1.83,12.00,,,,,,,"LTR"
"B","28-10-2019","2019-10-28 00:00:00 -0500",1,99,"B002",165674,,,," ",7,"GLP",8.26,1.03,1.21,8.47,1.53,10.00,,,,,,,"LTR"
"B","28-10-2019","2019-10-28 00:00:00 -0500",1,99,"B002",165673,,,," ",7,"GLP",8.26,1.03,1.21,8.47,1.53,10.00,,,,,,,"LTR"
"B","28-10-2019","2019-10-28 00:00:00 -0500",1,99,"B002",165672,,,," ",7,"GLP",44.63,1.03,1.21,45.76,8.24,54.00,,,,,,,"LTR"
"B","28-10-2019","2019-10-28 00:00:00 -0500",1,99,"B002",165671,,,," ",7,"GLP",5.79,1.03,1.21,5.93,1.07,7.00,,,,,,,"LTR"
"B","28-10-2019","2019-10-28 00:00:00 -0500",1,99,"B002",165670,,,," ",7,"GLP",6.69,1.03,1.21,6.86,1.24,8.10,,,,,,,"LTR"
"B","28-10-2019","2019-10-28 00:00:00 -0500",1,99,"B002",165669,,,," ",7,"GLP",4.96,1.03,1.21,5.08,0.92,6.00,,,,,,,"LTR"
"B","28-10-2019","2019-10-28 00:00:00 -0500",1,99,"B002",165668,,,," ",7,"GLP",5.79,1.03,1.21,5.93,1.07,7.00,,,,,,,"LTR"
"B","28-10-2019","2019-10-28 00:00:00 -0500",1,99,"B002",165667,,,," ",7,"GLP",7.93,1.03,1.21,8.13,1.46,9.59,,,,,,,"LTR"
"B","28-10-2019","2019-10-28 00:00:00 -0500",1,99,"B002",165666,,,," ",7,"GLP",4.8,1.03,1.21,4.92,0.89,5.81,,,,,,,"LTR"
"B","28-10-2019","2019-10-28 00:00:00 -0500",1,99,"B002",165665,,,," ",7,"GLP",8.26,1.03,1.21,8.47,1.53,10.00,,,,,,,"LTR"
"B","28-10-2019","2019-10-28 00:00:00 -0500",1,99,"B002",165664,,,," ",7,"GLP",29.77,1.03,1.21,30.53,5.49,36.02,,,,,,,"LTR"
"B","28-10-2019","2019-10-28 00:00:00 -0500",1,99,"B002",165663,,,," ",7,"GLP",0.07,1.03,1.21,0.07,0.01,0.08,,,,,,,"LTR"
"B","28-10-2019","2019-10-28 00:00:00 -0500",1,99,"B002",165662,,,," ",7,"GLP",11.98,1.03,1.21,12.29,2.21,14.50,,,,,,,"LTR"
"B","28-10-2019","2019-10-28 00:00:00 -0500",1,99,"B002",165661,,,," ",7,"GLP",8.27,1.03,1.21,8.48,1.53,10.01,,,,,,,"LTR"
"B","28-10-2019","2019-10-28 00:00:00 -0500",1,99,"B002",165660,,,," ",7,"GLP",4.13,1.03,1.21,4.24,0.76,5.00,,,,,,,"LTR"
"B","28-10-2019","2019-10-28 00:00:00 -0500",1,99,"B002",165659,,,," ",7,"GLP",4.13,1.03,1.21,4.24,0.76,5.00,,,,,,,"LTR"
"B","28-10-2019","2019-10-28 00:00:00 -0500",1,99,"B002",165658,,,," ",7,"GLP",4.96,1.03,1.21,5.08,0.92,6.00,,,,,,,"LTR"
"B","28-10-2019","2019-10-28 00:00:00 -0500",1,99,"B002",165657,,,," ",7,"GLP",4.96,1.03,1.21,5.08,0.92,6.00,,,,,,,"LTR"
"B","28-10-2019","2019-10-28 00:00:00 -0500",1,99,"B002",165656,,,," ",7,"GLP",8.26,1.03,1.21,8.47,1.53,10.00,,,,,,,"LTR"
"B","28-10-2019","2019-10-28 00:00:00 -0500",1,99,"B002",165655,,,," ",7,"GLP",9.09,1.03,1.21,9.32,1.68,11.00,,,,,,,"LTR"
"B","28-10-2019","2019-10-28 00:00:00 -0500",1,99,"B002",165654,,,," ",7,"GLP",0.02,1.03,1.21,0.02,0.00,0.02,,,,,,,"LTR"
"B","28-10-2019","2019-10-28 00:00:00 -0500",1,99,"B002",165653,,,," ",7,"GLP",8.26,1.03,1.21,8.47,1.53,10.00,,,,,,,"LTR"
"B","28-10-2019","2019-10-28 00:00:00 -0500",1,99,"B002",165652,,,," ",7,"GLP",23.86,1.03,1.21,24.47,4.40,28.87,,,,,,,"LTR"
"B","28-10-2019","2019-10-28 00:00:00 -0500",1,99,"B002",165651,,,," ",7,"GLP",11.16,1.03,1.21,11.44,2.06,13.50,,,,,,,"LTR"
"B","28-10-2019","2019-10-28 00:00:00 -0500",1,99,"B002",165650,,,," ",7,"GLP",27.68,1.03,1.21,28.38,5.11,33.49,,,,,,,"LTR"
"B","28-10-2019","2019-10-28 00:00:00 -0500",1,99,"B002",165649,,,," ",7,"GLP",5.79,1.03,1.21,5.93,1.07,7.00,,,,,,,"LTR"
"B","28-10-2019","2019-10-28 00:00:00 -0500",1,99,"B002",165648,,,," ",7,"GLP",8.26,1.03,1.21,8.47,1.53,10.00,,,,,,,"LTR"
"B","28-10-2019","2019-10-28 00:00:00 -0500",1,99,"B002",165647,,,," ",7,"GLP",7.03,1.03,1.21,7.20,1.30,8.50,,,,,,,"LTR"
"B","28-10-2019","2019-10-28 00:00:00 -0500",1,99,"B002",165646,,,," ",7,"GLP",9.59,1.03,1.21,9.83,1.77,11.60,,,,,,,"LTR"
"B","28-10-2019","2019-10-28 00:00:00 -0500",1,99,"B002",165645,,,," ",7,"GLP",10.16,1.03,1.21,10.42,1.87,12.29,,,,,,,"LTR"
"B","28-10-2019","2019-10-28 00:00:00 -0500",1,99,"B002",165644,,,," ",7,"GLP",5.79,1.03,1.21,5.93,1.07,7.00,,,,,,,"LTR"
"B","28-10-2019","2019-10-28 00:00:00 -0500",1,99,"B002",165643,,,," ",7,"GLP",8.26,1.03,1.21,8.47,1.53,10.00,,,,,,,"LTR"
"B","28-10-2019","2019-10-28 00:00:00 -0500",1,99,"B002",165642,,,," ",7,"GLP",8.26,1.03,1.21,8.47,1.53,10.00,,,,,,,"LTR"
"B","28-10-2019","2019-10-28 00:00:00 -0500",1,99,"B002",165641,,,," ",7,"GLP",9.92,1.03,1.21,10.17,1.83,12.00,,,,,,,"LTR"
"B","28-10-2019","2019-10-28 00:00:00 -0500",1,99,"B002",165640,,,," ",7,"GLP",9.92,1.03,1.21,10.17,1.83,12.00,,,,,,,"LTR"
"B","28-10-2019","2019-10-28 00:00:00 -0500",1,99,"B002",165639,,,," ",7,"GLP",8.26,1.03,1.21,8.47,1.53,10.00,,,,,,,"LTR"
"B","28-10-2019","2019-10-28 00:00:00 -0500",1,99,"B002",165638,,,," ",7,"GLP",4.13,1.03,1.21,4.24,0.76,5.00,,,,,,,"LTR"
"B","28-10-2019","2019-10-28 00:00:00 -0500",1,99,"B002",165637,,,," ",7,"GLP",4.13,1.03,1.21,4.24,0.76,5.00,,,,,,,"LTR"
"B","28-10-2019","2019-10-28 00:00:00 -0500",1,99,"B002",165636,,,," ",7,"GLP",6.61,1.03,1.21,6.78,1.22,8.00,,,,,,,"LTR"
"B","28-10-2019","2019-10-28 00:00:00 -0500",1,99,"B002",165635,,,," ",7,"GLP",4.13,1.03,1.21,4.24,0.76,5.00,,,,,,,"LTR"
"B","28-10-2019","2019-10-28 00:00:00 -0500",1,99,"B002",165634,,,," ",7,"GLP",10.74,1.03,1.21,11.02,1.98,13.00,,,,,,,"LTR"
"B","28-10-2019","2019-10-28 00:00:00 -0500",1,99,"B002",165633,,,," ",7,"GLP",16.53,1.03,1.21,16.95,3.05,20.00,,,,,,,"LTR"
"B","28-10-2019","2019-10-28 00:00:00 -0500",1,99,"B002",165632,,,," ",7,"GLP",6.61,1.03,1.21,6.78,1.22,8.00,,,,,,,"LTR"
"B","28-10-2019","2019-10-28 00:00:00 -0500",1,99,"B002",165631,,,," ",7,"GLP",8.26,1.03,1.21,8.47,1.53,10.00,,,,,,,"LTR"
"B","28-10-2019","2019-10-28 00:00:00 -0500",1,99,"B002",165630,,,," ",7,"GLP",16.53,1.03,1.21,16.95,3.05,20.00,,,,,,,"LTR"
"B","28-10-2019","2019-10-28 00:00:00 -0500",1,99,"B002",165629,,,," ",7,"GLP",11.57,1.03,1.21,11.86,2.14,14.00,,,,,,,"LTR"
"B","28-10-2019","2019-10-28 00:00:00 -0500",1,99,"B002",165628,,,," ",7,"GLP",9.92,1.03,1.21,10.17,1.83,12.00,,,,,,,"LTR"
"B","28-10-2019","2019-10-28 00:00:00 -0500",1,99,"B002",165627,,,," ",7,"GLP",5.79,1.03,1.21,5.93,1.07,7.00,,,,,,,"LTR"
"B","28-10-2019","2019-10-28 00:00:00 -0500",1,99,"B002",165626,,,," ",7,"GLP",12.4,1.03,1.21,12.71,2.29,15.00,,,,,,,"LTR"
"B","28-10-2019","2019-10-28 00:00:00 -0500",1,99,"B002",165625,,,," ",7,"GLP",4.96,1.03,1.21,5.08,0.92,6.00,,,,,,,"LTR"
"B","28-10-2019","2019-10-28 00:00:00 -0500",1,99,"B002",165624,,,," ",4,"Gasohol 98",1.29,13.13,15.49,16.95,3.05,20.00,,,,,,,"GLL"
"B","28-10-2019","2019-10-28 00:00:00 -0500",1,99,"B002",165623,,,," ",7,"GLP",16.54,1.03,1.21,16.96,3.05,20.01,,,,,,,"LTR"
"B","28-10-2019","2019-10-28 00:00:00 -0500",1,99,"B002",165622,,,," ",7,"GLP",3.31,1.03,1.21,3.39,0.61,4.00,,,,,,,"LTR"
"B","28-10-2019","2019-10-28 00:00:00 -0500",1,99,"B002",165621,,,," ",7,"GLP",9.46,1.03,1.21,9.69,1.75,11.44,,,,,,,"LTR"
"B","28-10-2019","2019-10-28 00:00:00 -0500",1,99,"B002",165620,,,," ",7,"GLP",8.26,1.03,1.21,8.47,1.53,10.00,,,,,,,"LTR"
"B","28-10-2019","2019-10-28 00:00:00 -0500",1,99,"B002",165619,,,," ",7,"GLP",4.96,1.03,1.21,5.08,0.92,6.00,,,,,,,"LTR"
"B","28-10-2019","2019-10-28 00:00:00 -0500",1,99,"B002",165618,,,," ",7,"GLP",8.26,1.03,1.21,8.47,1.53,10.00,,,,,,,"LTR"
"B","28-10-2019","2019-10-28 00:00:00 -0500",1,99,"B002",165617,,,," ",7,"GLP",9.92,1.03,1.21,10.17,1.83,12.00,,,,,,,"LTR"
"B","28-10-2019","2019-10-28 00:00:00 -0500",1,99,"B002",165616,,,," ",7,"GLP",4.96,1.03,1.21,5.08,0.92,6.00,,,,,,,"LTR"
"B","28-10-2019","2019-10-28 00:00:00 -0500",1,99,"B002",165615,,,," ",7,"GLP",14.31,1.03,1.21,14.67,2.64,17.31,,,,,,,"LTR"
"B","28-10-2019","2019-10-28 00:00:00 -0500",1,99,"B002",165614,,,," ",7,"GLP",8.43,1.03,1.21,8.64,1.56,10.20,,,,,,,"LTR"
"B","28-10-2019","2019-10-28 00:00:00 -0500",1,99,"B002",165613,,,," ",7,"GLP",8.26,1.03,1.21,8.47,1.53,10.00,,,,,,,"LTR"
"B","28-10-2019","2019-10-28 00:00:00 -0500",1,99,"B002",165612,,,," ",7,"GLP",16.53,1.03,1.21,16.95,3.05,20.00,,,,,,,"LTR"
"B","28-10-2019","2019-10-28 00:00:00 -0500",1,99,"B002",165611,,,," ",7,"GLP",6.69,1.03,1.21,6.86,1.24,8.10,,,,,,,"LTR"
"B","28-10-2019","2019-10-28 00:00:00 -0500",1,99,"B002",165610,,,," ",2,"Gasohol 90",0.24,10.75,12.69,2.54,0.46,3.00,,,,,,,"GLL"
"B","28-10-2019","2019-10-28 00:00:00 -0500",1,99,"B002",165609,,,," ",7,"GLP",4.13,1.03,1.21,4.24,0.76,5.00,,,,,,,"LTR"
"B","28-10-2019","2019-10-28 00:00:00 -0500",1,99,"B002",165608,,,," ",7,"GLP",13.88,1.03,1.21,14.24,2.56,16.80,,,,,,,"LTR"
"B","28-10-2019","2019-10-28 00:00:00 -0500",1,99,"B002",165607,,,," ",7,"GLP",8.26,1.03,1.21,8.47,1.53,10.00,,,,,,,"LTR"
"B","28-10-2019","2019-10-28 00:00:00 -0500",1,99,"B002",165606,,,," ",7,"GLP",4.13,1.03,1.21,4.24,0.76,5.00,,,,,,,"LTR"
"B","28-10-2019","2019-10-28 00:00:00 -0500",1,99,"B002",165605,,,," ",7,"GLP",4.13,1.03,1.21,4.24,0.76,5.00,,,,,,,"LTR"
"B","28-10-2019","2019-10-28 00:00:00 -0500",1,99,"B002",165604,,,," ",7,"GLP",4.13,1.03,1.21,4.24,0.76,5.00,,,,,,,"LTR"
"B","28-10-2019","2019-10-28 00:00:00 -0500",1,99,"B002",165603,,,," ",7,"GLP",4.13,1.03,1.21,4.24,0.76,5.00,,,,,,,"LTR"
"B","28-10-2019","2019-10-28 00:00:00 -0500",1,99,"B002",165602,,,," ",7,"GLP",5.79,1.03,1.21,5.93,1.07,7.00,,,,,,,"LTR"
"B","28-10-2019","2019-10-28 00:00:00 -0500",1,99,"B002",165601,,,," ",7,"GLP",8.26,1.03,1.21,8.47,1.53,10.00,,,,,,,"LTR"
"B","28-10-2019","2019-10-28 00:00:00 -0500",1,99,"B002",165600,,,," ",7,"GLP",5.79,1.03,1.21,5.93,1.07,7.00,,,,,,,"LTR"
"B","28-10-2019","2019-10-28 00:00:00 -0500",1,99,"B002",165599,,,," ",7,"GLP",4.13,1.03,1.21,4.24,0.76,5.00,,,,,,,"LTR"
"B","28-10-2019","2019-10-28 00:00:00 -0500",1,99,"B002",165598,,,," ",7,"GLP",16.53,1.03,1.21,16.95,3.05,20.00,,,,,,,"LTR"
"B","28-10-2019","2019-10-28 00:00:00 -0500",1,99,"B002",165597,,,," ",7,"GLP",1.65,1.03,1.21,1.69,0.31,2.00,,,,,,,"LTR"
"B","28-10-2019","2019-10-28 00:00:00 -0500",1,99,"B002",165596,,,," ",7,"GLP",5.79,1.03,1.21,5.93,1.07,7.00,,,,,,,"LTR"
"B","28-10-2019","2019-10-28 00:00:00 -0500",1,99,"B002",165595,,,," ",7,"GLP",5.79,1.03,1.21,5.93,1.07,7.00,,,,,,,"LTR"
"B","28-10-2019","2019-10-28 00:00:00 -0500",1,99,"B002",165594,,,," ",7,"GLP",10.74,1.03,1.21,11.02,1.98,13.00,,,,,,,"LTR"
"B","28-10-2019","2019-10-28 00:00:00 -0500",1,99,"B002",165593,,,," ",7,"GLP",7.35,1.03,1.21,7.53,1.36,8.89,,,,,,,"LTR"
"B","28-10-2019","2019-10-28 00:00:00 -0500",1,99,"B002",165592,,,," ",7,"GLP",5.79,1.03,1.21,5.93,1.07,7.00,,,,,,,"LTR"
"B","28-10-2019","2019-10-28 00:00:00 -0500",1,99,"B002",165591,,,," ",7,"GLP",4.96,1.03,1.21,5.08,0.92,6.00,,,,,,,"LTR"
"B","28-10-2019","2019-10-28 00:00:00 -0500",1,99,"B002",165590,,,," ",7,"GLP",3.55,1.03,1.21,3.64,0.66,4.30,,,,,,,"LTR"
"B","28-10-2019","2019-10-28 00:00:00 -0500",1,99,"B002",165589,,,," ",7,"GLP",4.96,1.03,1.21,5.08,0.92,6.00,,,,,,,"LTR"
"B","28-10-2019","2019-10-28 00:00:00 -0500",1,99,"B002",165588,,,," ",7,"GLP",8.26,1.03,1.21,8.47,1.53,10.00,,,,,,,"LTR"
"B","28-10-2019","2019-10-28 00:00:00 -0500",1,99,"B002",165587,,,," ",7,"GLP",5.21,1.03,1.21,5.34,0.96,6.30,,,,,,,"LTR"
"B","28-10-2019","2019-10-28 00:00:00 -0500",1,99,"B002",165586,,,," ",7,"GLP",4.13,1.03,1.21,4.24,0.76,5.00,,,,,,,"LTR"
"B","28-10-2019","2019-10-28 00:00:00 -0500",1,99,"B002",165585,,,," ",7,"GLP",8.26,1.03,1.21,8.47,1.53,10.00,,,,,,,"LTR"
"B","28-10-2019","2019-10-28 00:00:00 -0500",1,99,"B002",165584,,,," ",7,"GLP",8.26,1.03,1.21,8.47,1.53,10.00,,,,,,,"LTR"
"B","28-10-2019","2019-10-28 00:00:00 -0500",1,99,"B002",165583,,,," ",7,"GLP",9.92,1.03,1.21,10.17,1.83,12.00,,,,,,,"LTR"
"B","28-10-2019","2019-10-28 00:00:00 -0500",1,99,"B002",165582,,,," ",7,"GLP",8.26,1.03,1.21,8.47,1.53,10.00,,,,,,,"LTR"
"B","28-10-2019","2019-10-28 00:00:00 -0500",1,99,"B002",165581,,,," ",7,"GLP",8.26,1.03,1.21,8.47,1.53,10.00,,,,,,,"LTR"
"B","28-10-2019","2019-10-28 00:00:00 -0500",1,99,"B002",165580,,,," ",7,"GLP",16.53,1.03,1.21,16.95,3.05,20.00,,,,,,,"LTR"
"B","28-10-2019","2019-10-28 00:00:00 -0500",1,99,"B002",165579,,,," ",7,"GLP",12.4,1.03,1.21,12.71,2.29,15.00,,,,,,,"LTR"
"B","28-10-2019","2019-10-28 00:00:00 -0500",1,99,"B002",165578,,,," ",7,"GLP",8.26,1.03,1.21,8.47,1.53,10.00,,,,,,,"LTR"
"B","28-10-2019","2019-10-28 00:00:00 -0500",1,99,"B002",165577,,,," ",7,"GLP",14.88,1.03,1.21,15.25,2.75,18.00,,,,,,,"LTR"
"B","28-10-2019","2019-10-28 00:00:00 -0500",1,99,"B002",165576,,,," ",7,"GLP",6.86,1.03,1.21,7.03,1.27,8.30,,,,,,,"LTR"
"B","28-10-2019","2019-10-28 00:00:00 -0500",1,99,"B002",165575,,,," ",7,"GLP",4.13,1.03,1.21,4.24,0.76,5.00,,,,,,,"LTR"
"B","28-10-2019","2019-10-28 00:00:00 -0500",1,99,"B002",165574,,,," ",7,"GLP",11.74,1.03,1.21,12.03,2.17,14.20,,,,,,,"LTR"
"B","28-10-2019","2019-10-28 00:00:00 -0500",1,99,"B002",165573,,,," ",7,"GLP",4.13,1.03,1.21,4.24,0.76,5.00,,,,,,,"LTR"
"B","28-10-2019","2019-10-28 00:00:00 -0500",1,99,"B002",165572,,,," ",7,"GLP",11.15,1.03,1.21,11.43,2.06,13.49,,,,,,,"LTR"
"B","28-10-2019","2019-10-28 00:00:00 -0500",1,99,"B002",165571,,,," ",7,"GLP",8.26,1.03,1.21,8.47,1.53,10.00,,,,,,,"LTR"
"B","28-10-2019","2019-10-28 00:00:00 -0500",1,99,"B002",165570,,,," ",7,"GLP",10.74,1.03,1.21,11.02,1.98,13.00,,,,,,,"LTR"
"B","28-10-2019","2019-10-28 00:00:00 -0500",1,99,"B002",165569,,,," ",7,"GLP",16.53,1.03,1.21,16.95,3.05,20.00,,,,,,,"LTR"
"B","28-10-2019","2019-10-28 00:00:00 -0500",1,99,"B002",165568,,,," ",7,"GLP",10.25,1.03,1.21,10.51,1.89,12.40,,,,,,,"LTR"
"B","28-10-2019","2019-10-28 00:00:00 -0500",1,99,"B002",165567,,,," ",7,"GLP",8.26,1.03,1.21,8.47,1.53,10.00,,,,,,,"LTR"
"B","28-10-2019","2019-10-28 00:00:00 -0500",1,99,"B002",165566,,,," ",7,"GLP",4.13,1.03,1.21,4.24,0.76,5.00,,,,,,,"LTR"
"B","28-10-2019","2019-10-28 00:00:00 -0500",1,99,"B002",165565,,,," ",7,"GLP",4.13,1.03,1.21,4.24,0.76,5.00,,,,,,,"LTR"
"B","28-10-2019","2019-10-28 00:00:00 -0500",1,99,"B002",165564,,,," ",7,"GLP",9.92,1.03,1.21,10.17,1.83,12.00,,,,,,,"LTR"
"B","28-10-2019","2019-10-28 00:00:00 -0500",1,99,"B002",165563,,,," ",7,"GLP",8.26,1.03,1.21,8.47,1.53,10.00,,,,,,,"LTR"
"B","28-10-2019","2019-10-28 00:00:00 -0500",1,99,"B002",165562,,,," ",7,"GLP",8.26,1.03,1.21,8.47,1.53,10.00,,,,,,,"LTR"
"B","28-10-2019","2019-10-28 00:00:00 -0500",1,99,"B002",165561,,,," ",7,"GLP",14.88,1.03,1.21,15.25,2.75,18.00,,,,,,,"LTR"
"B","28-10-2019","2019-10-28 00:00:00 -0500",1,99,"B002",165560,,,," ",7,"GLP",4.13,1.03,1.21,4.24,0.76,5.00,,,,,,,"LTR"
"B","28-10-2019","2019-10-28 00:00:00 -0500",1,99,"B002",165559,,,," ",7,"GLP",4.13,1.03,1.21,4.24,0.76,5.00,,,,,,,"LTR"
"B","28-10-2019","2019-10-28 00:00:00 -0500",1,99,"B002",165558,,,," ",7,"GLP",4.13,1.03,1.21,4.24,0.76,5.00,,,,,,,"LTR"
"B","28-10-2019","2019-10-28 00:00:00 -0500",1,99,"B002",165557,,,," ",7,"GLP",8.26,1.03,1.21,8.47,1.53,10.00,,,,,,,"LTR"
"B","28-10-2019","2019-10-28 00:00:00 -0500",1,99,"B002",165556,,,," ",7,"GLP",9.66,1.03,1.21,9.91,1.78,11.69,,,,,,,"LTR"
"B","28-10-2019","2019-10-28 00:00:00 -0500",1,99,"B002",165555,,,," ",7,"GLP",13.22,1.03,1.21,13.56,2.44,16.00,,,,,,,"LTR"
"B","28-10-2019","2019-10-28 00:00:00 -0500",1,99,"B002",165554,,,," ",7,"GLP",8.26,1.03,1.21,8.47,1.53,10.00,,,,,,,"LTR"
"B","28-10-2019","2019-10-28 00:00:00 -0500",1,99,"B002",165553,,,," ",7,"GLP",7.85,1.03,1.21,8.05,1.45,9.50,,,,,,,"LTR"
"B","28-10-2019","2019-10-28 00:00:00 -0500",1,99,"B002",165552,,,," ",7,"GLP",9.02,1.03,1.21,9.25,1.66,10.91,,,,,,,"LTR"
"B","28-10-2019","2019-10-28 00:00:00 -0500",1,99,"B002",165551,,,," ",7,"GLP",10.17,1.03,1.21,10.43,1.88,12.31,,,,,,,"LTR"
"B","28-10-2019","2019-10-28 00:00:00 -0500",1,99,"B002",165550,,,," ",7,"GLP",7.76,1.03,1.21,7.96,1.43,9.39,,,,,,,"LTR"
"B","28-10-2019","2019-10-28 00:00:00 -0500",1,99,"B002",165549,,,," ",7,"GLP",4.13,1.03,1.21,4.24,0.76,5.00,,,,,,,"LTR"
"B","28-10-2019","2019-10-28 00:00:00 -0500",1,99,"B002",165548,,,," ",7,"GLP",8.26,1.03,1.21,8.47,1.53,10.00,,,,,,,"LTR"
"B","28-10-2019","2019-10-28 00:00:00 -0500",1,99,"B002",165547,,,," ",7,"GLP",8.26,1.03,1.21,8.47,1.53,10.00,,,,,,,"LTR"
"B","28-10-2019","2019-10-28 00:00:00 -0500",1,99,"B002",165546,,,," ",7,"GLP",39.91,1.03,1.21,40.92,7.37,48.29,,,,,,,"LTR"
"B","28-10-2019","2019-10-28 00:00:00 -0500",1,99,"B002",165545,,,," ",7,"GLP",6.61,1.03,1.21,6.78,1.22,8.00,,,,,,,"LTR"
"B","28-10-2019","2019-10-28 00:00:00 -0500",1,99,"B002",165544,,,," ",7,"GLP",8.26,1.03,1.21,8.47,1.53,10.00,,,,,,,"LTR"
"B","28-10-2019","2019-10-28 00:00:00 -0500",1,99,"B002",165543,,,," ",7,"GLP",24.79,1.03,1.21,25.42,4.58,30.00,,,,,,,"LTR"
"B","28-10-2019","2019-10-28 00:00:00 -0500",1,99,"B002",165542,,,," ",7,"GLP",4.13,1.03,1.21,4.24,0.76,5.00,,,,,,,"LTR"
"B","28-10-2019","2019-10-28 00:00:00 -0500",1,99,"B002",165541,,,," ",7,"GLP",32.23,1.03,1.21,33.05,5.95,39.00,,,,,,,"LTR"
"B","28-10-2019","2019-10-28 00:00:00 -0500",1,99,"B002",165540,,,," ",7,"GLP",4.13,1.03,1.21,4.24,0.76,5.00,,,,,,,"LTR"
"B","28-10-2019","2019-10-28 00:00:00 -0500",1,99,"B002",165539,,,," ",7,"GLP",16.03,1.03,1.21,16.43,2.96,19.39,,,,,,,"LTR"
"B","28-10-2019","2019-10-28 00:00:00 -0500",1,99,"B002",165538,,,," ",7,"GLP",12.4,1.03,1.21,12.71,2.29,15.00,,,,,,,"LTR"
"B","28-10-2019","2019-10-28 00:00:00 -0500",1,99,"B002",165537,,,," ",7,"GLP",15.95,1.03,1.21,16.36,2.94,19.30,,,,,,,"LTR"
"B","28-10-2019","2019-10-28 00:00:00 -0500",1,99,"B002",165536,,,," ",7,"GLP",8.26,1.03,1.21,8.47,1.53,10.00,,,,,,,"LTR"
"B","28-10-2019","2019-10-28 00:00:00 -0500",1,99,"B002",165535,,,," ",7,"GLP",4.96,1.03,1.21,5.08,0.92,6.00,,,,,,,"LTR"
"B","28-10-2019","2019-10-28 00:00:00 -0500",1,99,"B002",165534,,,," ",7,"GLP",41.78,1.03,1.21,42.84,7.71,50.55,,,,,,,"LTR"
"B","28-10-2019","2019-10-28 00:00:00 -0500",1,99,"B002",165533,,,," ",7,"GLP",9.75,1.03,1.21,10.00,1.80,11.80,,,,,,,"LTR"
"B","28-10-2019","2019-10-28 00:00:00 -0500",1,99,"B002",165532,,,," ",7,"GLP",8.26,1.03,1.21,8.47,1.53,10.00,,,,,,,"LTR"
"B","28-10-2019","2019-10-28 00:00:00 -0500",1,99,"B002",165531,,,," ",7,"GLP",6.61,1.03,1.21,6.78,1.22,8.00,,,,,,,"LTR"
"B","28-10-2019","2019-10-28 00:00:00 -0500",1,99,"B002",165530,,,," ",7,"GLP",24.79,1.03,1.21,25.42,4.58,30.00,,,,,,,"LTR"
"B","28-10-2019","2019-10-28 00:00:00 -0500",1,99,"B002",165529,,,," ",7,"GLP",8.26,1.03,1.21,8.47,1.53,10.00,,,,,,,"LTR"
"B","28-10-2019","2019-10-28 00:00:00 -0500",1,99,"B002",165528,,,," ",7,"GLP",4.96,1.03,1.21,5.08,0.92,6.00,,,,,,,"LTR"
"B","28-10-2019","2019-10-28 00:00:00 -0500",1,99,"B002",165527,,,," ",7,"GLP",4.13,1.03,1.21,4.24,0.76,5.00,,,,,,,"LTR"
"B","28-10-2019","2019-10-28 00:00:00 -0500",1,99,"B002",165526,,,," ",7,"GLP",9.92,1.03,1.21,10.17,1.83,12.00,,,,,,,"LTR"
"B","28-10-2019","2019-10-28 00:00:00 -0500",1,99,"B002",165525,,,," ",2,"Gasohol 90",0.24,10.75,12.69,2.54,0.46,3.00,,,,,,,"GLL"
"B","28-10-2019","2019-10-28 00:00:00 -0500",1,99,"B002",165524,,,," ",7,"GLP",9.92,1.03,1.21,10.17,1.83,12.00,,,,,,,"LTR"
"B","28-10-2019","2019-10-28 00:00:00 -0500",1,99,"B002",165523,,,," ",7,"GLP",3.31,1.03,1.21,3.39,0.61,4.00,,,,,,,"LTR"
"B","28-10-2019","2019-10-28 00:00:00 -0500",1,99,"B002",165522,,,," ",7,"GLP",8.26,1.03,1.21,8.47,1.53,10.00,,,,,,,"LTR"
"B","28-10-2019","2019-10-28 00:00:00 -0500",1,99,"B002",165521,,,," ",7,"GLP",5.87,1.03,1.21,6.02,1.08,7.10,,,,,,,"LTR"
"B","28-10-2019","2019-10-28 00:00:00 -0500",1,99,"B002",165520,,,," ",7,"GLP",3.31,1.03,1.21,3.39,0.61,4.00,,,,,,,"LTR"
"B","28-10-2019","2019-10-28 00:00:00 -0500",1,99,"B002",165519,,,," ",7,"GLP",8.26,1.03,1.21,8.47,1.53,10.00,,,,,,,"LTR"
"B","28-10-2019","2019-10-28 00:00:00 -0500",1,99,"B002",165518,,,," ",7,"GLP",4.96,1.03,1.21,5.08,0.92,6.00,,,,,,,"LTR"
"B","28-10-2019","2019-10-28 00:00:00 -0500",1,99,"B002",165517,,,," ",7,"GLP",8.26,1.03,1.21,8.47,1.53,10.00,,,,,,,"LTR"
"B","28-10-2019","2019-10-28 00:00:00 -0500",1,99,"B002",165516,,,," ",7,"GLP",10.28,1.03,1.21,10.54,1.90,12.44,,,,,,,"LTR"
"B","28-10-2019","2019-10-28 00:00:00 -0500",1,99,"B002",165515,,,," ",7,"GLP",14.05,1.03,1.21,14.41,2.59,17.00,,,,,,,"LTR"
"B","28-10-2019","2019-10-28 00:00:00 -0500",1,99,"B002",165514,,,," ",7,"GLP",4.3,1.03,1.21,4.41,0.79,5.20,,,,,,,"LTR"
"B","28-10-2019","2019-10-28 00:00:00 -0500",1,99,"B002",165513,,,," ",7,"GLP",8.26,1.03,1.21,8.47,1.53,10.00,,,,,,,"LTR"
"B","28-10-2019","2019-10-28 00:00:00 -0500",1,99,"B002",165512,,,," ",7,"GLP",12.4,1.03,1.21,12.71,2.29,15.00,,,,,,,"LTR"
"B","28-10-2019","2019-10-28 00:00:00 -0500",1,99,"B002",165511,,,," ",7,"GLP",8.26,1.03,1.21,8.47,1.53,10.00,,,,,,,"LTR"
"B","28-10-2019","2019-10-28 00:00:00 -0500",1,99,"B002",165510,,,," ",7,"GLP",24.79,1.03,1.21,25.42,4.58,30.00,,,,,,,"LTR"
"B","28-10-2019","2019-10-28 00:00:00 -0500",1,99,"B002",165509,,,," ",7,"GLP",4.96,1.03,1.21,5.08,0.92,6.00,,,,,,,"LTR"
"B","28-10-2019","2019-10-28 00:00:00 -0500",1,99,"B002",165508,,,," ",7,"GLP",4.13,1.03,1.21,4.24,0.76,5.00,,,,,,,"LTR"
"B","28-10-2019","2019-10-28 00:00:00 -0500",1,99,"B002",165507,,,," ",7,"GLP",14.05,1.03,1.21,14.41,2.59,17.00,,,,,,,"LTR"
"B","28-10-2019","2019-10-28 00:00:00 -0500",1,99,"B002",165506,,,," ",7,"GLP",9.17,1.03,1.21,9.41,1.69,11.10,,,,,,,"LTR"
"B","28-10-2019","2019-10-28 00:00:00 -0500",1,99,"B002",165505,,,," ",7,"GLP",28.92,1.03,1.21,29.65,5.34,34.99,,,,,,,"LTR"
"B","28-10-2019","2019-10-28 00:00:00 -0500",1,99,"B002",165504,,,," ",7,"GLP",4.13,1.03,1.21,4.24,0.76,5.00,,,,,,,"LTR"
"B","28-10-2019","2019-10-28 00:00:00 -0500",1,99,"B002",165503,,,," ",7,"GLP",9.84,1.03,1.21,10.08,1.82,11.90,,,,,,,"LTR"
"B","28-10-2019","2019-10-28 00:00:00 -0500",1,99,"B002",165502,,,," ",7,"GLP",6.29,1.03,1.21,6.45,1.16,7.61,,,,,,,"LTR"
"B","28-10-2019","2019-10-28 00:00:00 -0500",1,99,"B002",165501,,,," ",7,"GLP",6.78,1.03,1.21,6.95,1.25,8.20,,,,,,,"LTR"
"B","28-10-2019","2019-10-28 00:00:00 -0500",1,99,"B002",165500,,,," ",7,"GLP",8.84,1.03,1.21,9.07,1.63,10.70,,,,,,,"LTR"
"B","28-10-2019","2019-10-28 00:00:00 -0500",1,99,"B002",165499,,,," ",7,"GLP",11.97,1.03,1.21,12.27,2.21,14.48,,,,,,,"LTR"
"B","28-10-2019","2019-10-28 00:00:00 -0500",1,99,"B002",165498,,,," ",7,"GLP",11.23,1.03,1.21,11.52,2.07,13.59,,,,,,,"LTR"
"B","28-10-2019","2019-10-28 00:00:00 -0500",1,99,"B002",165497,,,," ",7,"GLP",49.59,1.03,1.21,50.85,9.15,60.00,,,,,,,"LTR"
"B","28-10-2019","2019-10-28 00:00:00 -0500",1,99,"B002",165496,,,," ",7,"GLP",7.84,1.03,1.21,8.04,1.45,9.49,,,,,,,"LTR"
"B","28-10-2019","2019-10-28 00:00:00 -0500",1,99,"B002",165495,,,," ",7,"GLP",4.13,1.03,1.21,4.24,0.76,5.00,,,,,,,"LTR"
"B","28-10-2019","2019-10-28 00:00:00 -0500",1,99,"B002",165494,,,," ",7,"GLP",24.79,1.03,1.21,25.42,4.58,30.00,,,,,,,"LTR"
"B","28-10-2019","2019-10-28 00:00:00 -0500",1,99,"B002",165493,,,," ",7,"GLP",8.26,1.03,1.21,8.47,1.53,10.00,,,,,,,"LTR"
"B","28-10-2019","2019-10-28 00:00:00 -0500",1,99,"B002",165492,,,," ",7,"GLP",5.79,1.03,1.21,5.93,1.07,7.00,,,,,,,"LTR"
"B","28-10-2019","2019-10-28 00:00:00 -0500",1,99,"B002",165491,,,," ",7,"GLP",7.44,1.03,1.21,7.63,1.37,9.00,,,,,,,"LTR"
"B","28-10-2019","2019-10-28 00:00:00 -0500",1,99,"B002",165490,,,," ",7,"GLP",8.26,1.03,1.21,8.47,1.53,10.00,,,,,,,"LTR"
"B","28-10-2019","2019-10-28 00:00:00 -0500",1,99,"B002",165489,,,," ",7,"GLP",2.48,1.03,1.21,2.54,0.46,3.00,,,,,,,"LTR"
"B","28-10-2019","2019-10-28 00:00:00 -0500",1,99,"B002",165488,,,," ",7,"GLP",11.57,1.03,1.21,11.86,2.14,14.00,,,,,,,"LTR"
"B","28-10-2019","2019-10-28 00:00:00 -0500",1,99,"B002",165487,,,," ",7,"GLP",8.26,1.03,1.21,8.47,1.53,10.00,,,,,,,"LTR"
"B","28-10-2019","2019-10-28 00:00:00 -0500",1,99,"B002",165486,,,," ",7,"GLP",10.32,1.03,1.21,10.58,1.91,12.49,,,,,,,"LTR"
"B","28-10-2019","2019-10-28 00:00:00 -0500",1,99,"B002",165485,,,," ",7,"GLP",8.26,1.03,1.21,8.47,1.53,10.00,,,,,,,"LTR"
"B","28-10-2019","2019-10-28 00:00:00 -0500",1,99,"B002",165484,,,," ",7,"GLP",16.53,1.03,1.21,16.95,3.05,20.00,,,,,,,"LTR"
"B","28-10-2019","2019-10-28 00:00:00 -0500",1,99,"B002",165483,,,," ",7,"GLP",10.31,1.03,1.21,10.58,1.90,12.48,,,,,,,"LTR"
"B","28-10-2019","2019-10-28 00:00:00 -0500",1,99,"B002",165482,,,," ",7,"GLP",4.96,1.03,1.21,5.08,0.92,6.00,,,,,,,"LTR"
"B","28-10-2019","2019-10-28 00:00:00 -0500",1,99,"B002",165481,,,," ",7,"GLP",4.13,1.03,1.21,4.24,0.76,5.00,,,,,,,"LTR"
"B","28-10-2019","2019-10-28 00:00:00 -0500",1,99,"B002",165480,,,," ",7,"GLP",4.13,1.03,1.21,4.24,0.76,5.00,,,,,,,"LTR"
"B","28-10-2019","2019-10-28 00:00:00 -0500",1,99,"B002",165479,,,," ",7,"GLP",12.4,1.03,1.21,12.71,2.29,15.00,,,,,,,"LTR"
"B","28-10-2019","2019-10-28 00:00:00 -0500",1,99,"B002",165478,,,," ",7,"GLP",4.96,1.03,1.21,5.08,0.92,6.00,,,,,,,"LTR"
"B","28-10-2019","2019-10-28 00:00:00 -0500",1,99,"B002",165477,,,," ",7,"GLP",4.13,1.03,1.21,4.24,0.76,5.00,,,,,,,"LTR"
"B","28-10-2019","2019-10-28 00:00:00 -0500",1,99,"B002",165476,,,," ",7,"GLP",4.13,1.03,1.21,4.24,0.76,5.00,,,,,,,"LTR"
"B","28-10-2019","2019-10-28 00:00:00 -0500",1,99,"B002",165475,,,," ",7,"GLP",6.61,1.03,1.21,6.78,1.22,8.00,,,,,,,"LTR"
"B","28-10-2019","2019-10-28 00:00:00 -0500",1,99,"B002",165474,,,," ",7,"GLP",12.4,1.03,1.21,12.71,2.29,15.00,,,,,,,"LTR"
"B","28-10-2019","2019-10-28 00:00:00 -0500",1,99,"B002",165473,,,," ",7,"GLP",9.92,1.03,1.21,10.17,1.83,12.00,,,,,,,"LTR"
"B","28-10-2019","2019-10-28 00:00:00 -0500",1,99,"B002",165472,,,," ",7,"GLP",9.78,1.03,1.21,10.03,1.80,11.83,,,,,,,"LTR"
"B","28-10-2019","2019-10-28 00:00:00 -0500",1,99,"B002",165471,,,," ",7,"GLP",8.26,1.03,1.21,8.47,1.53,10.00,,,,,,,"LTR"
"B","28-10-2019","2019-10-28 00:00:00 -0500",1,99,"B002",165470,,,," ",7,"GLP",4.96,1.03,1.21,5.08,0.92,6.00,,,,,,,"LTR"
"B","28-10-2019","2019-10-28 00:00:00 -0500",1,99,"B002",165469,,,," ",7,"GLP",4.13,1.03,1.21,4.24,0.76,5.00,,,,,,,"LTR"
"B","28-10-2019","2019-10-28 00:00:00 -0500",1,99,"B002",165468,,,," ",7,"GLP",16.53,1.03,1.21,16.95,3.05,20.00,,,,,,,"LTR"
"B","28-10-2019","2019-10-28 00:00:00 -0500",1,99,"B002",165467,,,," ",7,"GLP",8.26,1.03,1.21,8.47,1.53,10.00,,,,,,,"LTR"
"B","28-10-2019","2019-10-28 00:00:00 -0500",1,99,"B002",165466,,,," ",7,"GLP",20.66,1.03,1.21,21.19,3.81,25.00,,,,,,,"LTR"
"B","28-10-2019","2019-10-28 00:00:00 -0500",1,99,"B002",165465,,,," ",7,"GLP",4.13,1.03,1.21,4.24,0.76,5.00,,,,,,,"LTR"
"B","28-10-2019","2019-10-28 00:00:00 -0500",1,99,"B002",165464,,,," ",7,"GLP",8.26,1.03,1.21,8.47,1.53,10.00,,,,,,,"LTR"
"B","28-10-2019","2019-10-28 00:00:00 -0500",1,99,"B002",165463,,,," ",7,"GLP",28.08,1.03,1.21,28.80,5.18,33.98,,,,,,,"LTR"
"B","28-10-2019","2019-10-28 00:00:00 -0500",1,99,"B002",165462,,,," ",7,"GLP",6.61,1.03,1.21,6.78,1.22,8.00,,,,,,,"LTR"
"B","28-10-2019","2019-10-28 00:00:00 -0500",1,99,"B002",165461,,,," ",7,"GLP",8.26,1.03,1.21,8.47,1.53,10.00,,,,,,,"LTR"
"B","28-10-2019","2019-10-28 00:00:00 -0500",1,99,"B002",165460,,,," ",7,"GLP",1.23,1.03,1.21,1.26,0.23,1.49,,,,,,,"LTR"
"B","28-10-2019","2019-10-28 00:00:00 -0500",1,99,"B002",165459,,,," ",7,"GLP",8.26,1.03,1.21,8.47,1.53,10.00,,,,,,,"LTR"
"B","28-10-2019","2019-10-28 00:00:00 -0500",1,99,"B002",165458,,,," ",7,"GLP",7.44,1.03,1.21,7.63,1.37,9.00,,,,,,,"LTR"
"B","28-10-2019","2019-10-28 00:00:00 -0500",1,99,"B002",165457,,,," ",7,"GLP",9.92,1.03,1.21,10.17,1.83,12.00,,,,,,,"LTR"
"B","28-10-2019","2019-10-28 00:00:00 -0500",1,99,"B002",165456,,,," ",7,"GLP",9.67,1.03,1.21,9.92,1.78,11.70,,,,,,,"LTR"
"B","28-10-2019","2019-10-28 00:00:00 -0500",1,99,"B002",165455,,,," ",7,"GLP",7.44,1.03,1.21,7.63,1.37,9.00,,,,,,,"LTR"
"B","28-10-2019","2019-10-28 00:00:00 -0500",1,99,"B002",165454,,,," ",7,"GLP",8.26,1.03,1.21,8.47,1.53,10.00,,,,,,,"LTR"
"B","28-10-2019","2019-10-28 00:00:00 -0500",1,99,"B002",165453,,,," ",7,"GLP",4.96,1.03,1.21,5.08,0.92,6.00,,,,,,,"LTR"
"B","28-10-2019","2019-10-28 00:00:00 -0500",1,99,"B002",165452,,,," ",7,"GLP",9.92,1.03,1.21,10.17,1.83,12.00,,,,,,,"LTR"
"B","28-10-2019","2019-10-28 00:00:00 -0500",1,99,"B002",165451,,,," ",7,"GLP",6.61,1.03,1.21,6.78,1.22,8.00,,,,,,,"LTR"
"B","28-10-2019","2019-10-28 00:00:00 -0500",1,99,"B002",165450,,,," ",7,"GLP",19.92,1.03,1.21,20.42,3.68,24.10,,,,,,,"LTR"
"B","28-10-2019","2019-10-28 00:00:00 -0500",1,99,"B002",165449,,,," ",2,"Gasohol 90",0.39,10.75,12.69,4.24,0.76,5.00,,,,,,,"GLL"
"B","28-10-2019","2019-10-28 00:00:00 -0500",1,99,"B002",165448,,,," ",7,"GLP",8.26,1.03,1.21,8.47,1.53,10.00,,,,,,,"LTR"
"B","28-10-2019","2019-10-28 00:00:00 -0500",1,99,"B002",165447,,,," ",7,"GLP",8.18,1.03,1.21,8.39,1.51,9.90,,,,,,,"LTR"
"B","28-10-2019","2019-10-28 00:00:00 -0500",1,99,"B002",165446,,,," ",2,"Gasohol 90",0.63,10.75,12.69,6.78,1.22,8.00,,,,,,,"GLL"
"B","28-10-2019","2019-10-28 00:00:00 -0500",1,99,"B002",165445,,,," ",7,"GLP",10.74,1.03,1.21,11.02,1.98,13.00,,,,,,,"LTR"
"B","28-10-2019","2019-10-28 00:00:00 -0500",1,99,"B002",165444,,,," ",7,"GLP",16.53,1.03,1.21,16.95,3.05,20.00,,,,,,,"LTR"
"B","28-10-2019","2019-10-28 00:00:00 -0500",1,99,"B002",165443,,,," ",7,"GLP",2.48,1.03,1.21,2.54,0.46,3.00,,,,,,,"LTR"
"B","28-10-2019","2019-10-28 00:00:00 -0500",1,99,"B002",165442,,,," ",7,"GLP",12.4,1.03,1.21,12.71,2.29,15.00,,,,,,,"LTR"
"B","28-10-2019","2019-10-28 00:00:00 -0500",1,99,"B002",165441,,,," ",7,"GLP",4.13,1.03,1.21,4.24,0.76,5.00,,,,,,,"LTR"
"B","28-10-2019","2019-10-28 00:00:00 -0500",1,99,"B002",165440,,,," ",7,"GLP",11.3,1.03,1.21,11.58,2.09,13.67,,,,,,,"LTR"
"B","28-10-2019","2019-10-28 00:00:00 -0500",1,99,"B002",165439,,,," ",7,"GLP",5.79,1.03,1.21,5.93,1.07,7.00,,,,,,,"LTR"
"B","28-10-2019","2019-10-28 00:00:00 -0500",1,99,"B002",165438,,,," ",7,"GLP",10.74,1.03,1.21,11.02,1.98,13.00,,,,,,,"LTR"
"B","28-10-2019","2019-10-28 00:00:00 -0500",1,99,"B002",165437,,,," ",7,"GLP",8.26,1.03,1.21,8.47,1.53,10.00,,,,,,,"LTR"
"B","28-10-2019","2019-10-28 00:00:00 -0500",1,99,"B002",165436,,,," ",7,"GLP",14.19,1.03,1.21,14.55,2.62,17.17,,,,,,,"LTR"
"B","28-10-2019","2019-10-28 00:00:00 -0500",1,99,"B002",165435,,,," ",7,"GLP",8.26,1.03,1.21,8.47,1.53,10.00,,,,,,,"LTR"
"B","28-10-2019","2019-10-28 00:00:00 -0500",1,99,"B002",165434,,,," ",7,"GLP",5.36,1.03,1.21,5.50,0.99,6.49,,,,,,,"LTR"
"B","28-10-2019","2019-10-28 00:00:00 -0500",1,99,"B002",165433,,,," ",7,"GLP",8.26,1.03,1.21,8.47,1.53,10.00,,,,,,,"LTR"
"B","28-10-2019","2019-10-28 00:00:00 -0500",1,99,"B002",165432,,,," ",7,"GLP",4.13,1.03,1.21,4.24,0.76,5.00,,,,,,,"LTR"
"B","28-10-2019","2019-10-28 00:00:00 -0500",1,99,"B002",165431,,,," ",7,"GLP",8.26,1.03,1.21,8.47,1.53,10.00,,,,,,,"LTR"
"B","28-10-2019","2019-10-28 00:00:00 -0500",1,99,"B002",165430,,,," ",7,"GLP",11.49,1.03,1.21,11.78,2.12,13.90,,,,,,,"LTR"
"B","28-10-2019","2019-10-28 00:00:00 -0500",1,99,"B002",165429,,,," ",7,"GLP",9.74,1.03,1.21,9.99,1.80,11.79,,,,,,,"LTR"
"B","28-10-2019","2019-10-28 00:00:00 -0500",1,99,"B002",165428,,,," ",7,"GLP",8.26,1.03,1.21,8.47,1.53,10.00,,,,,,,"LTR"
"B","28-10-2019","2019-10-28 00:00:00 -0500",1,99,"B002",165427,,,," ",7,"GLP",16.53,1.03,1.21,16.95,3.05,20.00,,,,,,,"LTR"
"B","28-10-2019","2019-10-28 00:00:00 -0500",1,99,"B002",165426,,,," ",7,"GLP",4.96,1.03,1.21,5.08,0.92,6.00,,,,,,,"LTR"
"B","28-10-2019","2019-10-28 00:00:00 -0500",1,99,"B002",165425,,,," ",7,"GLP",5.79,1.03,1.21,5.93,1.07,7.00,,,,,,,"LTR"
"B","28-10-2019","2019-10-28 00:00:00 -0500",1,99,"B002",165424,,,," ",7,"GLP",8.26,1.03,1.21,8.47,1.53,10.00,,,,,,,"LTR"
"B","28-10-2019","2019-10-28 00:00:00 -0500",1,99,"B002",165423,,,," ",7,"GLP",27.69,1.03,1.21,28.39,5.11,33.50,,,,,,,"LTR"
"B","28-10-2019","2019-10-28 00:00:00 -0500",1,99,"B002",165422,,,," ",7,"GLP",8.26,1.03,1.21,8.47,1.53,10.00,,,,,,,"LTR"
"B","28-10-2019","2019-10-28 00:00:00 -0500",1,99,"B002",165421,,,," ",2,"Gasohol 90",0.79,10.75,12.69,8.47,1.53,10.00,,,,,,,"GLL"
"B","28-10-2019","2019-10-28 00:00:00 -0500",1,99,"B002",165420,,,," ",7,"GLP",4.13,1.03,1.21,4.24,0.76,5.00,,,,,,,"LTR"
"B","28-10-2019","2019-10-28 00:00:00 -0500",1,99,"B002",165419,,,," ",7,"GLP",16.53,1.03,1.21,16.95,3.05,20.00,,,,,,,"LTR"
"B","28-10-2019","2019-10-28 00:00:00 -0500",1,99,"B002",165418,,,," ",7,"GLP",9.09,1.03,1.21,9.32,1.68,11.00,,,,,,,"LTR"
"B","28-10-2019","2019-10-28 00:00:00 -0500",1,99,"B002",165417,,,," ",7,"GLP",4.96,1.03,1.21,5.08,0.92,6.00,,,,,,,"LTR"
"B","28-10-2019","2019-10-28 00:00:00 -0500",1,99,"B002",165416,,,," ",7,"GLP",8.26,1.03,1.21,8.47,1.53,10.00,,,,,,,"LTR"
"B","28-10-2019","2019-10-28 00:00:00 -0500",1,99,"B002",165415,,,," ",7,"GLP",8.26,1.03,1.21,8.47,1.53,10.00,,,,,,,"LTR"
"B","28-10-2019","2019-10-28 00:00:00 -0500",1,99,"B002",165414,,,," ",7,"GLP",16.53,1.03,1.21,16.95,3.05,20.00,,,,,,,"LTR"
"B","28-10-2019","2019-10-28 00:00:00 -0500",1,99,"B002",165413,,,," ",7,"GLP",4.96,1.03,1.21,5.08,0.92,6.00,,,,,,,"LTR"
"B","28-10-2019","2019-10-28 00:00:00 -0500",1,99,"B002",165412,,,," ",7,"GLP",12.4,1.03,1.21,12.71,2.29,15.00,,,,,,,"LTR"
"B","28-10-2019","2019-10-28 00:00:00 -0500",1,99,"B002",165411,,,," ",7,"GLP",14.73,1.03,1.21,15.10,2.72,17.82,,,,,,,"LTR"
"B","28-10-2019","2019-10-28 00:00:00 -0500",1,99,"B002",165410,,,," ",7,"GLP",5.87,1.03,1.21,6.02,1.08,7.10,,,,,,,"LTR"
"B","28-10-2019","2019-10-28 00:00:00 -0500",1,99,"B002",165409,,,," ",7,"GLP",4.13,1.03,1.21,4.24,0.76,5.00,,,,,,,"LTR"
"B","28-10-2019","2019-10-28 00:00:00 -0500",1,99,"B002",165408,,,," ",7,"GLP",5.79,1.03,1.21,5.93,1.07,7.00,,,,,,,"LTR"
"B","28-10-2019","2019-10-28 00:00:00 -0500",1,99,"B002",165407,,,," ",2,"Gasohol 90",3.94,10.75,12.69,42.37,7.63,50.00,,,,,,,"GLL"
"B","28-10-2019","2019-10-28 00:00:00 -0500",1,99,"B002",165406,,,," ",7,"GLP",11.57,1.03,1.21,11.86,2.14,14.00,,,,,,,"LTR"
"B","28-10-2019","2019-10-28 00:00:00 -0500",1,99,"B002",165405,,,," ",7,"GLP",41.29,1.03,1.21,42.34,7.62,49.96,,,,,,,"LTR"
"B","28-10-2019","2019-10-28 00:00:00 -0500",1,99,"B002",165404,,,," ",7,"GLP",8.26,1.03,1.21,8.47,1.53,10.00,,,,,,,"LTR"
"B","28-10-2019","2019-10-28 00:00:00 -0500",1,99,"B002",165403,,,," ",7,"GLP",31.39,1.03,1.21,32.19,5.79,37.98,,,,,,,"LTR"
"B","28-10-2019","2019-10-28 00:00:00 -0500",1,99,"B002",165402,,,," ",7,"GLP",8.26,1.03,1.21,8.47,1.53,10.00,,,,,,,"LTR"
"B","28-10-2019","2019-10-28 00:00:00 -0500",1,99,"B002",165401,,,," ",7,"GLP",8.26,1.03,1.21,8.47,1.53,10.00,,,,,,,"LTR"
"B","28-10-2019","2019-10-28 00:00:00 -0500",1,99,"B002",165400,,,," ",2,"Gasohol 90",1.58,10.75,12.69,16.95,3.05,20.00,,,,,,,"GLL"
"B","28-10-2019","2019-10-28 00:00:00 -0500",1,99,"B002",165399,,,," ",7,"GLP",16.53,1.03,1.21,16.95,3.05,20.00,,,,,,,"LTR"
"B","28-10-2019","2019-10-28 00:00:00 -0500",1,99,"B002",165398,,,," ",2,"Gasohol 90",0.39,10.75,12.69,4.24,0.76,5.00,,,,,,,"GLL"
"B","28-10-2019","2019-10-28 00:00:00 -0500",1,99,"B002",165397,,,," ",7,"GLP",7.03,1.03,1.21,7.20,1.30,8.50,,,,,,,"LTR"
"B","28-10-2019","2019-10-28 00:00:00 -0500",1,99,"B002",165396,,,," ",7,"GLP",3.31,1.03,1.21,3.39,0.61,4.00,,,,,,,"LTR"
"B","28-10-2019","2019-10-28 00:00:00 -0500",1,99,"B002",165395,,,," ",7,"GLP",9.93,1.03,1.21,10.18,1.83,12.01,,,,,,,"LTR"
"B","28-10-2019","2019-10-28 00:00:00 -0500",1,99,"B002",165394,,,," ",7,"GLP",7.44,1.03,1.21,7.63,1.37,9.00,,,,,,,"LTR"
"B","28-10-2019","2019-10-28 00:00:00 -0500",1,99,"B002",165393,,,," ",7,"GLP",5.79,1.03,1.21,5.93,1.07,7.00,,,,,,,"LTR"
"B","28-10-2019","2019-10-28 00:00:00 -0500",1,99,"B002",165392,,,," ",7,"GLP",16.53,1.03,1.21,16.95,3.05,20.00,,,,,,,"LTR"
"B","28-10-2019","2019-10-28 00:00:00 -0500",1,99,"B002",165391,,,," ",7,"GLP",4.13,1.03,1.21,4.24,0.76,5.00,,,,,,,"LTR"
"B","28-10-2019","2019-10-28 00:00:00 -0500",1,99,"B002",165390,,,," ",7,"GLP",4.13,1.03,1.21,4.24,0.76,5.00,,,,,,,"LTR"
"B","28-10-2019","2019-10-28 00:00:00 -0500",1,99,"B002",165389,,,," ",2,"Gasohol 90",0.39,10.75,12.69,4.24,0.76,5.00,,,,,,,"GLL"
"B","28-10-2019","2019-10-28 00:00:00 -0500",1,99,"B002",165388,,,," ",7,"GLP",8.93,1.03,1.21,9.16,1.65,10.81,,,,,,,"LTR"
"B","28-10-2019","2019-10-28 00:00:00 -0500",1,99,"B002",165387,,,," ",7,"GLP",4.13,1.03,1.21,4.24,0.76,5.00,,,,,,,"LTR"
"B","28-10-2019","2019-10-28 00:00:00 -0500",1,99,"B002",165386,,,," ",7,"GLP",4.13,1.03,1.21,4.24,0.76,5.00,,,,,,,"LTR"
"B","28-10-2019","2019-10-28 00:00:00 -0500",1,99,"B002",165385,,,," ",7,"GLP",14.88,1.03,1.21,15.25,2.75,18.00,,,,,,,"LTR"
"B","28-10-2019","2019-10-28 00:00:00 -0500",1,99,"B002",165384,,,," ",7,"GLP",10.74,1.03,1.21,11.02,1.98,13.00,,,,,,,"LTR"
"B","28-10-2019","2019-10-28 00:00:00 -0500",1,99,"B002",165383,,,," ",7,"GLP",8.26,1.03,1.21,8.47,1.53,10.00,,,,,,,"LTR"
"B","28-10-2019","2019-10-28 00:00:00 -0500",1,99,"B002",165382,,,," ",7,"GLP",6.61,1.03,1.21,6.78,1.22,8.00,,,,,,,"LTR"
"B","28-10-2019","2019-10-28 00:00:00 -0500",1,99,"B002",165381,,,," ",7,"GLP",6.61,1.03,1.21,6.78,1.22,8.00,,,,,,,"LTR"
"B","28-10-2019","2019-10-28 00:00:00 -0500",1,99,"B002",165380,,,," ",7,"GLP",5.79,1.03,1.21,5.93,1.07,7.00,,,,,,,"LTR"
"B","28-10-2019","2019-10-28 00:00:00 -0500",1,99,"B002",165379,,,," ",7,"GLP",12.4,1.03,1.21,12.71,2.29,15.00,,,,,,,"LTR"
"B","28-10-2019","2019-10-28 00:00:00 -0500",1,99,"B002",165378,,,," ",7,"GLP",4.13,1.03,1.21,4.24,0.76,5.00,,,,,,,"LTR"
"B","28-10-2019","2019-10-28 00:00:00 -0500",1,99,"B002",165377,,,," ",7,"GLP",8.26,1.03,1.21,8.47,1.53,10.00,,,,,,,"LTR"
"B","28-10-2019","2019-10-28 00:00:00 -0500",1,99,"B002",165376,,,," ",7,"GLP",4.96,1.03,1.21,5.08,0.92,6.00,,,,,,,"LTR"
"B","28-10-2019","2019-10-28 00:00:00 -0500",1,99,"B002",165375,,,," ",7,"GLP",6.62,1.03,1.21,6.79,1.22,8.01,,,,,,,"LTR"
"B","28-10-2019","2019-10-28 00:00:00 -0500",1,99,"B002",165374,,,," ",7,"GLP",10.74,1.03,1.21,11.02,1.98,13.00,,,,,,,"LTR"
"B","28-10-2019","2019-10-28 00:00:00 -0500",1,99,"B002",165373,,,," ",7,"GLP",36.18,1.03,1.21,37.10,6.68,43.78,,,,,,,"LTR"
"B","28-10-2019","2019-10-28 00:00:00 -0500",1,99,"B002",165372,,,," ",7,"GLP",12.4,1.03,1.21,12.71,2.29,15.00,,,,,,,"LTR"
"B","28-10-2019","2019-10-28 00:00:00 -0500",1,99,"B002",165371,,,," ",7,"GLP",5.79,1.03,1.21,5.93,1.07,7.00,,,,,,,"LTR"
"B","28-10-2019","2019-10-28 00:00:00 -0500",1,99,"B002",165370,,,," ",7,"GLP",12.65,1.03,1.21,12.97,2.33,15.30,,,,,,,"LTR"
"B","28-10-2019","2019-10-28 00:00:00 -0500",1,99,"B002",165369,,,," ",7,"GLP",4.13,1.03,1.21,4.24,0.76,5.00,,,,,,,"LTR"
"B","28-10-2019","2019-10-28 00:00:00 -0500",1,99,"B002",165368,,,," ",7,"GLP",16.6,1.03,1.21,17.03,3.06,20.09,,,,,,,"LTR"
"B","28-10-2019","2019-10-28 00:00:00 -0500",1,99,"B002",165367,,,," ",7,"GLP",6.61,1.03,1.21,6.78,1.22,8.00,,,,,,,"LTR"
"B","28-10-2019","2019-10-28 00:00:00 -0500",1,99,"B002",165366,,,," ",7,"GLP",8.26,1.03,1.21,8.47,1.53,10.00,,,,,,,"LTR"
"B","28-10-2019","2019-10-28 00:00:00 -0500",1,99,"B002",165365,,,," ",2,"Gasohol 90",0.79,10.75,12.69,8.47,1.53,10.00,,,,,,,"GLL"
"B","28-10-2019","2019-10-28 00:00:00 -0500",1,99,"B002",165364,,,," ",2,"Gasohol 90",0.24,10.75,12.69,2.54,0.46,3.00,,,,,,,"GLL"
"B","28-10-2019","2019-10-28 00:00:00 -0500",1,99,"B002",165363,,,," ",2,"Gasohol 90",5.52,10.75,12.69,59.32,10.68,70.00,,,,,,,"GLL"
"B","28-10-2019","2019-10-28 00:00:00 -0500",1,99,"B002",165362,,,," ",7,"GLP",6.61,1.03,1.21,6.78,1.22,8.00,,,,,,,"LTR"
"B","28-10-2019","2019-10-28 00:00:00 -0500",1,99,"B002",165361,,,," ",7,"GLP",24.81,1.03,1.21,25.44,4.58,30.02,,,,,,,"LTR"
"B","28-10-2019","2019-10-28 00:00:00 -0500",1,99,"B002",165360,,,," ",7,"GLP",11.57,1.03,1.21,11.86,2.14,14.00,,,,,,,"LTR"
"B","28-10-2019","2019-10-28 00:00:00 -0500",1,99,"B002",165359,,,," ",2,"Gasohol 90",0.47,10.75,12.69,5.08,0.92,6.00,,,,,,,"GLL"
"B","28-10-2019","2019-10-28 00:00:00 -0500",1,99,"B002",165358,,,," ",7,"GLP",10.59,1.03,1.21,10.86,1.95,12.81,,,,,,,"LTR"
"B","28-10-2019","2019-10-28 00:00:00 -0500",1,99,"B002",165357,,,," ",7,"GLP",6.94,1.03,1.21,7.12,1.28,8.40,,,,,,,"LTR"
"B","28-10-2019","2019-10-28 00:00:00 -0500",1,99,"B002",165356,,,," ",7,"GLP",4.13,1.03,1.21,4.24,0.76,5.00,,,,,,,"LTR"
"B","28-10-2019","2019-10-28 00:00:00 -0500",1,99,"B002",165355,,,," ",7,"GLP",15.54,1.03,1.21,15.93,2.87,18.80,,,,,,,"LTR"
"B","28-10-2019","2019-10-28 00:00:00 -0500",1,99,"B002",165354,,,," ",7,"GLP",8.26,1.03,1.21,8.47,1.53,10.00,,,,,,,"LTR"
"B","28-10-2019","2019-10-28 00:00:00 -0500",1,99,"B002",165353,,,," ",7,"GLP",11.57,1.03,1.21,11.86,2.14,14.00,,,,,,,"LTR"
"B","28-10-2019","2019-10-28 00:00:00 -0500",1,99,"B002",165352,,,," ",7,"GLP",12.42,1.03,1.21,12.74,2.29,15.03,,,,,,,"LTR"
"B","28-10-2019","2019-10-28 00:00:00 -0500",1,99,"B002",165351,,,," ",7,"GLP",4.22,1.03,1.21,4.32,0.78,5.10,,,,,,,"LTR"
"B","28-10-2019","2019-10-28 00:00:00 -0500",1,99,"B002",165350,,,," ",2,"Gasohol 90",0.39,10.75,12.69,4.24,0.76,5.00,,,,,,,"GLL"
"B","28-10-2019","2019-10-28 00:00:00 -0500",1,99,"B002",165349,,,," ",7,"GLP",5.79,1.03,1.21,5.93,1.07,7.00,,,,,,,"LTR"
"B","28-10-2019","2019-10-28 00:00:00 -0500",1,99,"B002",165348,,,," ",7,"GLP",19.32,1.03,1.21,19.81,3.57,23.38,,,,,,,"LTR"
"B","28-10-2019","2019-10-28 00:00:00 -0500",1,99,"B002",165347,,,," ",7,"GLP",20.66,1.03,1.21,21.19,3.81,25.00,,,,,,,"LTR"
"B","28-10-2019","2019-10-28 00:00:00 -0500",1,99,"B002",165346,,,," ",7,"GLP",43.88,1.03,1.21,45.00,8.10,53.10,,,,,,,"LTR"
"B","28-10-2019","2019-10-28 00:00:00 -0500",1,99,"B002",165345,,,," ",7,"GLP",5.79,1.03,1.21,5.93,1.07,7.00,,,,,,,"LTR"
"B","28-10-2019","2019-10-28 00:00:00 -0500",1,99,"B002",165344,,,," ",7,"GLP",25.62,1.03,1.21,26.27,4.73,31.00,,,,,,,"LTR"
"B","28-10-2019","2019-10-28 00:00:00 -0500",1,99,"B002",165343,,,," ",7,"GLP",5.11,1.03,1.21,5.24,0.94,6.18,,,,,,,"LTR"
"B","28-10-2019","2019-10-28 00:00:00 -0500",1,99,"B002",165342,,,," ",7,"GLP",9.09,1.03,1.21,9.32,1.68,11.00,,,,,,,"LTR"
"B","28-10-2019","2019-10-28 00:00:00 -0500",1,99,"B002",165341,,,," ",7,"GLP",8.26,1.03,1.21,8.47,1.53,10.00,,,,,,,"LTR"
"B","28-10-2019","2019-10-28 00:00:00 -0500",1,99,"B002",165340,,,," ",7,"GLP",8.26,1.03,1.21,8.47,1.53,10.00,,,,,,,"LTR"
"B","28-10-2019","2019-10-28 00:00:00 -0500",1,99,"B002",165339,,,," ",7,"GLP",33.06,1.03,1.21,33.90,6.10,40.00,,,,,,,"LTR"
"B","28-10-2019","2019-10-28 00:00:00 -0500",1,99,"B002",165338,,,," ",7,"GLP",5.79,1.03,1.21,5.93,1.07,7.00,,,,,,,"LTR"
"B","28-10-2019","2019-10-28 00:00:00 -0500",1,99,"B002",165337,,,," ",7,"GLP",4.13,1.03,1.21,4.24,0.76,5.00,,,,,,,"LTR"
"B","28-10-2019","2019-10-28 00:00:00 -0500",1,99,"B002",165336,,,," ",7,"GLP",8.26,1.03,1.21,8.47,1.53,10.00,,,,,,,"LTR"
"B","28-10-2019","2019-10-28 00:00:00 -0500",1,99,"B002",165335,,,," ",4,"Gasohol 98",1.29,13.13,15.49,16.95,3.05,20.00,,,,,,,"GLL"
"B","28-10-2019","2019-10-28 00:00:00 -0500",1,99,"B002",165334,,,," ",7,"GLP",20.66,1.03,1.21,21.19,3.81,25.00,,,,,,,"LTR"
"B","28-10-2019","2019-10-28 00:00:00 -0500",1,99,"B002",165333,,,," ",7,"GLP",3.31,1.03,1.21,3.39,0.61,4.00,,,,,,,"LTR"
"B","28-10-2019","2019-10-28 00:00:00 -0500",1,99,"B002",165332,,,," ",7,"GLP",10.01,1.03,1.21,10.26,1.85,12.11,,,,,,,"LTR"
"B","28-10-2019","2019-10-28 00:00:00 -0500",1,99,"B002",165331,,,," ",7,"GLP",16.53,1.03,1.21,16.95,3.05,20.00,,,,,,,"LTR"
"B","28-10-2019","2019-10-28 00:00:00 -0500",1,99,"B002",165330,,,," ",7,"GLP",5.79,1.03,1.21,5.93,1.07,7.00,,,,,,,"LTR"
"B","28-10-2019","2019-10-28 00:00:00 -0500",1,99,"B002",165329,,,," ",7,"GLP",4.96,1.03,1.21,5.08,0.92,6.00,,,,,,,"LTR"
"B","28-10-2019","2019-10-28 00:00:00 -0500",1,99,"B002",165328,,,," ",7,"GLP",11.56,1.03,1.21,11.86,2.13,13.99,,,,,,,"LTR"
"B","28-10-2019","2019-10-28 00:00:00 -0500",1,99,"B002",165327,,,," ",7,"GLP",4.96,1.03,1.21,5.08,0.92,6.00,,,,,,,"LTR"
"B","28-10-2019","2019-10-28 00:00:00 -0500",1,99,"B002",165326,,,," ",7,"GLP",12.4,1.03,1.21,12.71,2.29,15.00,,,,,,,"LTR"
"B","28-10-2019","2019-10-28 00:00:00 -0500",1,99,"B002",165325,,,," ",7,"GLP",24.79,1.03,1.21,25.42,4.58,30.00,,,,,,,"LTR"
"B","28-10-2019","2019-10-28 00:00:00 -0500",1,99,"B002",165324,,,," ",7,"GLP",8.26,1.03,1.21,8.47,1.53,10.00,,,,,,,"LTR"
"B","28-10-2019","2019-10-28 00:00:00 -0500",1,99,"B002",165323,,,," ",7,"GLP",3.31,1.03,1.21,3.39,0.61,4.00,,,,,,,"LTR"
"B","28-10-2019","2019-10-28 00:00:00 -0500",1,99,"B002",165322,,,," ",7,"GLP",15.7,1.03,1.21,16.10,2.90,19.00,,,,,,,"LTR"
"B","28-10-2019","2019-10-28 00:00:00 -0500",1,99,"B002",165321,,,," ",7,"GLP",6.53,1.03,1.21,6.69,1.21,7.90,,,,,,,"LTR"
"B","28-10-2019","2019-10-28 00:00:00 -0500",1,99,"B002",165320,,,," ",7,"GLP",6.61,1.03,1.21,6.78,1.22,8.00,,,,,,,"LTR"
"B","28-10-2019","2019-10-28 00:00:00 -0500",1,99,"B002",165319,,,," ",7,"GLP",9.92,1.03,1.21,10.17,1.83,12.00,,,,,,,"LTR"
"B","28-10-2019","2019-10-28 00:00:00 -0500",1,99,"B002",165318,,,," ",7,"GLP",8.26,1.03,1.21,8.47,1.53,10.00,,,,,,,"LTR"
"B","28-10-2019","2019-10-28 00:00:00 -0500",1,99,"B002",165317,,,," ",7,"GLP",4.13,1.03,1.21,4.24,0.76,5.00,,,,,,,"LTR"
"B","28-10-2019","2019-10-28 00:00:00 -0500",1,99,"B002",165316,,,," ",7,"GLP",5.62,1.03,1.21,5.76,1.04,6.80,,,,,,,"LTR"
"B","28-10-2019","2019-10-28 00:00:00 -0500",1,99,"B002",165315,,,," ",7,"GLP",17.93,1.03,1.21,18.39,3.31,21.70,,,,,,,"LTR"
"B","28-10-2019","2019-10-28 00:00:00 -0500",1,99,"B002",165314,,,," ",7,"GLP",16.53,1.03,1.21,16.95,3.05,20.00,,,,,,,"LTR"
"B","28-10-2019","2019-10-28 00:00:00 -0500",1,99,"B002",165313,,,," ",7,"GLP",8.26,1.03,1.21,8.47,1.53,10.00,,,,,,,"LTR"
"B","28-10-2019","2019-10-28 00:00:00 -0500",1,99,"B002",165312,,,," ",7,"GLP",17.03,1.03,1.21,17.46,3.14,20.60,,,,,,,"LTR"
"B","28-10-2019","2019-10-28 00:00:00 -0500",1,99,"B002",165311,,,," ",7,"GLP",7.85,1.03,1.21,8.05,1.45,9.50,,,,,,,"LTR"
"B","28-10-2019","2019-10-28 00:00:00 -0500",1,99,"B002",165310,,,," ",7,"GLP",9.92,1.03,1.21,10.17,1.83,12.00,,,,,,,"LTR"
"B","28-10-2019","2019-10-28 00:00:00 -0500",1,99,"B002",165309,,,," ",7,"GLP",8.26,1.03,1.21,8.47,1.53,10.00,,,,,,,"LTR"
"B","28-10-2019","2019-10-28 00:00:00 -0500",1,99,"B002",165308,,,," ",7,"GLP",12.56,1.03,1.21,12.88,2.32,15.20,,,,,,,"LTR"
"B","28-10-2019","2019-10-28 00:00:00 -0500",1,99,"B002",165307,,,," ",7,"GLP",4.13,1.03,1.21,4.24,0.76,5.00,,,,,,,"LTR"
"B","28-10-2019","2019-10-28 00:00:00 -0500",1,99,"B002",165306,,,," ",7,"GLP",12.4,1.03,1.21,12.71,2.29,15.00,,,,,,,"LTR"
"B","28-10-2019","2019-10-28 00:00:00 -0500",1,99,"B002",165305,,,," ",7,"GLP",20.83,1.03,1.21,21.36,3.84,25.20,,,,,,,"LTR"
"B","28-10-2019","2019-10-28 00:00:00 -0500",1,99,"B002",165304,,,," ",7,"GLP",8.26,1.03,1.21,8.47,1.53,10.00,,,,,,,"LTR"
"B","28-10-2019","2019-10-28 00:00:00 -0500",1,99,"B002",165303,,,," ",7,"GLP",21.82,1.03,1.21,22.37,4.03,26.40,,,,,,,"LTR"
"B","28-10-2019","2019-10-28 00:00:00 -0500",1,99,"B002",165302,,,," ",7,"GLP",12.4,1.03,1.21,12.71,2.29,15.00,,,,,,,"LTR"
"B","28-10-2019","2019-10-28 00:00:00 -0500",1,99,"B002",165301,,,," ",7,"GLP",6.61,1.03,1.21,6.78,1.22,8.00,,,,,,,"LTR"
"B","28-10-2019","2019-10-28 00:00:00 -0500",1,99,"B002",165300,,,," ",2,"Gasohol 90",3.94,10.75,12.69,42.37,7.63,50.00,,,,,,,"GLL"
"B","28-10-2019","2019-10-28 00:00:00 -0500",1,99,"B002",165299,,,," ",7,"GLP",15.71,1.03,1.21,16.11,2.90,19.01,,,,,,,"LTR"
"B","28-10-2019","2019-10-28 00:00:00 -0500",1,99,"B002",165298,,,," ",7,"GLP",5.87,1.03,1.21,6.02,1.08,7.10,,,,,,,"LTR"
"B","28-10-2019","2019-10-28 00:00:00 -0500",1,99,"B002",165297,,,," ",7,"GLP",4.13,1.03,1.21,4.24,0.76,5.00,,,,,,,"LTR"
"B","28-10-2019","2019-10-28 00:00:00 -0500",1,99,"B002",165296,,,," ",7,"GLP",4.96,1.03,1.21,5.08,0.92,6.00,,,,,,,"LTR"
"B","28-10-2019","2019-10-28 00:00:00 -0500",1,99,"B002",165295,,,," ",7,"GLP",10.74,1.03,1.21,11.02,1.98,13.00,,,,,,,"LTR"
"B","28-10-2019","2019-10-28 00:00:00 -0500",1,99,"B002",165294,,,," ",7,"GLP",4.13,1.03,1.21,4.24,0.76,5.00,,,,,,,"LTR"
"B","28-10-2019","2019-10-28 00:00:00 -0500",1,99,"B002",165293,,,," ",2,"Gasohol 90",0.39,10.75,12.69,4.24,0.76,5.00,,,,,,,"GLL"
"B","28-10-2019","2019-10-28 00:00:00 -0500",1,99,"B002",165292,,,," ",7,"GLP",6.61,1.03,1.21,6.78,1.22,8.00,,,,,,,"LTR"
"B","28-10-2019","2019-10-28 00:00:00 -0500",1,99,"B002",165291,,,," ",7,"GLP",7.79,1.03,1.21,7.98,1.44,9.42,,,,,,,"LTR"
"B","28-10-2019","2019-10-28 00:00:00 -0500",1,99,"B002",165290,,,," ",7,"GLP",8.26,1.03,1.21,8.47,1.53,10.00,,,,,,,"LTR"
"B","28-10-2019","2019-10-28 00:00:00 -0500",1,99,"B002",165289,,,," ",7,"GLP",13.31,1.03,1.21,13.64,2.46,16.10,,,,,,,"LTR"
"B","28-10-2019","2019-10-28 00:00:00 -0500",1,99,"B002",165288,,,," ",7,"GLP",6.61,1.03,1.21,6.78,1.22,8.00,,,,,,,"LTR"
"B","28-10-2019","2019-10-28 00:00:00 -0500",1,99,"B002",165287,,,," ",7,"GLP",8.51,1.03,1.21,8.73,1.57,10.30,,,,,,,"LTR"
"B","28-10-2019","2019-10-28 00:00:00 -0500",1,99,"B002",165286,,,," ",7,"GLP",8.94,1.03,1.21,9.17,1.65,10.82,,,,,,,"LTR"
"B","28-10-2019","2019-10-28 00:00:00 -0500",1,99,"B002",165285,,,," ",7,"GLP",11.17,1.03,1.21,11.45,2.06,13.51,,,,,,,"LTR"
"B","28-10-2019","2019-10-28 00:00:00 -0500",1,99,"B002",165284,,,," ",7,"GLP",4.13,1.03,1.21,4.24,0.76,5.00,,,,,,,"LTR"
"B","28-10-2019","2019-10-28 00:00:00 -0500",1,99,"B002",165283,,,," ",7,"GLP",5.79,1.03,1.21,5.93,1.07,7.00,,,,,,,"LTR"
"B","28-10-2019","2019-10-28 00:00:00 -0500",1,99,"B002",165282,,,," ",7,"GLP",4.96,1.03,1.21,5.08,0.92,6.00,,,,,,,"LTR"
"B","28-10-2019","2019-10-28 00:00:00 -0500",1,99,"B002",165281,,,," ",7,"GLP",4.96,1.03,1.21,5.08,0.92,6.00,,,,,,,"LTR"
"B","28-10-2019","2019-10-28 00:00:00 -0500",1,99,"B002",165280,,,," ",7,"GLP",14.88,1.03,1.21,15.25,2.75,18.00,,,,,,,"LTR"
"B","28-10-2019","2019-10-28 00:00:00 -0500",1,99,"B002",165279,,,," ",7,"GLP",16.53,1.03,1.21,16.95,3.05,20.00,,,,,,,"LTR"
"B","28-10-2019","2019-10-28 00:00:00 -0500",1,99,"B002",165278,,,," ",7,"GLP",8.26,1.03,1.21,8.47,1.53,10.00,,,,,,,"LTR"
"B","28-10-2019","2019-10-28 00:00:00 -0500",1,99,"B002",165277,,,," ",7,"GLP",6.53,1.03,1.21,6.69,1.21,7.90,,,,,,,"LTR"
"B","28-10-2019","2019-10-28 00:00:00 -0500",1,99,"B002",165276,,,," ",7,"GLP",8.26,1.03,1.21,8.47,1.53,10.00,,,,,,,"LTR"
"B","28-10-2019","2019-10-28 00:00:00 -0500",1,99,"B002",165275,,,," ",7,"GLP",12.07,1.03,1.21,12.37,2.23,14.60,,,,,,,"LTR"
"B","28-10-2019","2019-10-28 00:00:00 -0500",1,99,"B002",165274,,,," ",7,"GLP",4.13,1.03,1.21,4.24,0.76,5.00,,,,,,,"LTR"
"B","28-10-2019","2019-10-28 00:00:00 -0500",1,99,"B002",165273,,,," ",7,"GLP",5.79,1.03,1.21,5.93,1.07,7.00,,,,,,,"LTR"
"B","28-10-2019","2019-10-28 00:00:00 -0500",1,99,"B002",165272,,,," ",7,"GLP",16.52,1.03,1.21,16.94,3.05,19.99,,,,,,,"LTR"
"B","28-10-2019","2019-10-28 00:00:00 -0500",1,99,"B002",165271,,,," ",7,"GLP",8.26,1.03,1.21,8.47,1.53,10.00,,,,,,,"LTR"
"B","28-10-2019","2019-10-28 00:00:00 -0500",1,99,"B002",165270,,,," ",7,"GLP",15.37,1.03,1.21,15.76,2.84,18.60,,,,,,,"LTR"
"B","28-10-2019","2019-10-28 00:00:00 -0500",1,99,"B002",165269,,,," ",7,"GLP",8.26,1.03,1.21,8.47,1.53,10.00,,,,,,,"LTR"
"B","28-10-2019","2019-10-28 00:00:00 -0500",1,99,"B002",165268,,,," ",7,"GLP",8.26,1.03,1.21,8.47,1.53,10.00,,,,,,,"LTR"
"B","28-10-2019","2019-10-28 00:00:00 -0500",1,99,"B002",165267,,,," ",7,"GLP",8.26,1.03,1.21,8.47,1.53,10.00,,,,,,,"LTR"
"B","28-10-2019","2019-10-28 00:00:00 -0500",1,99,"B002",165266,,,," ",7,"GLP",4.13,1.03,1.21,4.24,0.76,5.00,,,,,,,"LTR"
"B","28-10-2019","2019-10-28 00:00:00 -0500",1,99,"B002",165265,,,," ",7,"GLP",4.96,1.03,1.21,5.08,0.92,6.00,,,,,,,"LTR"
"B","28-10-2019","2019-10-28 00:00:00 -0500",1,99,"B002",165264,,,," ",7,"GLP",22.56,1.03,1.21,23.14,4.16,27.30,,,,,,,"LTR"
"B","28-10-2019","2019-10-28 00:00:00 -0500",1,99,"B002",165263,,,," ",7,"GLP",14.46,1.03,1.21,14.83,2.67,17.50,,,,,,,"LTR"
"B","28-10-2019","2019-10-28 00:00:00 -0500",1,99,"B002",165262,,,," ",7,"GLP",5.79,1.03,1.21,5.93,1.07,7.00,,,,,,,"LTR"
"B","28-10-2019","2019-10-28 00:00:00 -0500",1,99,"B002",165261,,,," ",7,"GLP",20.66,1.03,1.21,21.19,3.81,25.00,,,,,,,"LTR"
"B","28-10-2019","2019-10-28 00:00:00 -0500",1,99,"B002",165260,,,," ",7,"GLP",4.13,1.03,1.21,4.24,0.76,5.00,,,,,,,"LTR"
"B","28-10-2019","2019-10-28 00:00:00 -0500",1,99,"B002",165259,,,," ",5,"DieselPro B5 S50 UV",3.04,10.03,11.84,30.51,5.49,36.00,,,,,,,"GLL"
"B","28-10-2019","2019-10-28 00:00:00 -0500",1,99,"B002",165258,,,," ",7,"GLP",7.44,1.03,1.21,7.63,1.37,9.00,,,,,,,"LTR"
"B","28-10-2019","2019-10-28 00:00:00 -0500",1,99,"B002",165257,,,," ",7,"GLP",3.29,1.03,1.21,3.37,0.61,3.98,,,,,,,"LTR"
"B","28-10-2019","2019-10-28 00:00:00 -0500",1,99,"B002",165256,,,," ",7,"GLP",4.96,1.03,1.21,5.08,0.92,6.00,,,,,,,"LTR"
"B","28-10-2019","2019-10-28 00:00:00 -0500",1,99,"B002",165255,,,," ",7,"GLP",4.13,1.03,1.21,4.24,0.76,5.00,,,,,,,"LTR"
"B","28-10-2019","2019-10-28 00:00:00 -0500",1,99,"B002",165254,,,," ",7,"GLP",5.79,1.03,1.21,5.93,1.07,7.00,,,,,,,"LTR"
"B","28-10-2019","2019-10-28 00:00:00 -0500",1,99,"B002",165253,,,," ",7,"GLP",6.61,1.03,1.21,6.78,1.22,8.00,,,,,,,"LTR"
"B","28-10-2019","2019-10-28 00:00:00 -0500",1,99,"B002",165252,,,," ",7,"GLP",8.26,1.03,1.21,8.47,1.53,10.00,,,,,,,"LTR"
"B","28-10-2019","2019-10-28 00:00:00 -0500",1,99,"B002",165251,,,," ",7,"GLP",10.92,1.03,1.21,11.19,2.02,13.21,,,,,,,"LTR"
"B","28-10-2019","2019-10-28 00:00:00 -0500",1,99,"B002",165250,,,," ",7,"GLP",17.19,1.03,1.21,17.63,3.17,20.80,,,,,,,"LTR"
"B","28-10-2019","2019-10-28 00:00:00 -0500",1,99,"B002",165249,,,," ",7,"GLP",4.13,1.03,1.21,4.24,0.76,5.00,,,,,,,"LTR"
"B","28-10-2019","2019-10-28 00:00:00 -0500",1,99,"B002",165248,,,," ",7,"GLP",16.53,1.03,1.21,16.95,3.05,20.00,,,,,,,"LTR"
"B","28-10-2019","2019-10-28 00:00:00 -0500",1,99,"B002",165247,,,," ",7,"GLP",8.26,1.03,1.21,8.47,1.53,10.00,,,,,,,"LTR"
"B","28-10-2019","2019-10-28 00:00:00 -0500",1,99,"B002",165246,,,," ",7,"GLP",4.13,1.03,1.21,4.24,0.76,5.00,,,,,,,"LTR"
"B","28-10-2019","2019-10-28 00:00:00 -0500",1,99,"B002",165245,,,," ",7,"GLP",4.13,1.03,1.21,4.24,0.76,5.00,,,,,,,"LTR"
"B","28-10-2019","2019-10-28 00:00:00 -0500",1,99,"B002",165244,,,," ",7,"GLP",5.79,1.03,1.21,5.93,1.07,7.00,,,,,,,"LTR"
"B","28-10-2019","2019-10-28 00:00:00 -0500",1,99,"B002",165243,,,," ",7,"GLP",7.3,1.03,1.21,7.48,1.35,8.83,,,,,,,"LTR"
"B","28-10-2019","2019-10-28 00:00:00 -0500",1,99,"B002",165242,,,," ",7,"GLP",5.95,1.03,1.21,6.10,1.10,7.20,,,,,,,"LTR"
"B","28-10-2019","2019-10-28 00:00:00 -0500",1,99,"B002",165241,,,," ",7,"GLP",8.26,1.03,1.21,8.47,1.53,10.00,,,,,,,"LTR"
"B","28-10-2019","2019-10-28 00:00:00 -0500",1,99,"B002",165240,,,," ",7,"GLP",7.83,1.03,1.21,8.03,1.44,9.47,,,,,,,"LTR"
"B","28-10-2019","2019-10-28 00:00:00 -0500",1,99,"B002",165239,,,," ",7,"GLP",4.13,1.03,1.21,4.24,0.76,5.00,,,,,,,"LTR"
"B","28-10-2019","2019-10-28 00:00:00 -0500",1,99,"B002",165238,,,," ",7,"GLP",11.74,1.03,1.21,12.03,2.17,14.20,,,,,,,"LTR"
"B","28-10-2019","2019-10-28 00:00:00 -0500",1,99,"B002",165237,,,," ",7,"GLP",7.44,1.03,1.21,7.63,1.37,9.00,,,,,,,"LTR"
"B","28-10-2019","2019-10-28 00:00:00 -0500",1,99,"B002",165236,,,," ",7,"GLP",8.26,1.03,1.21,8.47,1.53,10.00,,,,,,,"LTR"
"B","28-10-2019","2019-10-28 00:00:00 -0500",1,99,"B002",165235,,,," ",7,"GLP",9.43,1.03,1.21,9.67,1.74,11.41,,,,,,,"LTR"
"B","28-10-2019","2019-10-28 00:00:00 -0500",1,99,"B002",165234,,,," ",7,"GLP",8.26,1.03,1.21,8.47,1.53,10.00,,,,,,,"LTR"
"B","28-10-2019","2019-10-28 00:00:00 -0500",1,99,"B002",165233,,,," ",7,"GLP",8.26,1.03,1.21,8.47,1.53,10.00,,,,,,,"LTR"
"B","28-10-2019","2019-10-28 00:00:00 -0500",1,99,"B002",165232,,,," ",7,"GLP",8.26,1.03,1.21,8.47,1.53,10.00,,,,,,,"LTR"
"B","28-10-2019","2019-10-28 00:00:00 -0500",1,99,"B002",165231,,,," ",7,"GLP",3.31,1.03,1.21,3.39,0.61,4.00,,,,,,,"LTR"
"B","28-10-2019","2019-10-28 00:00:00 -0500",1,99,"B002",165230,,,," ",7,"GLP",9.92,1.03,1.21,10.17,1.83,12.00,,,,,,,"LTR"
"B","28-10-2019","2019-10-28 00:00:00 -0500",1,99,"B002",165229,,,," ",7,"GLP",2.89,1.03,1.21,2.97,0.53,3.50,,,,,,,"LTR"
"B","28-10-2019","2019-10-28 00:00:00 -0500",1,99,"B002",165228,,,," ",5,"DieselPro B5 S50 UV",1.69,10.03,11.84,16.95,3.05,20.00,,,,,,,"GLL"
"B","28-10-2019","2019-10-28 00:00:00 -0500",1,99,"B002",165227,,,," ",5,"DieselPro B5 S50 UV",0.25,10.03,11.84,2.54,0.46,3.00,,,,,,,"GLL"
"B","28-10-2019","2019-10-28 00:00:00 -0500",1,99,"B002",165226,,,," ",2,"Gasohol 90",0.79,10.75,12.69,8.47,1.53,10.00,,,,,,,"GLL"
"B","28-10-2019","2019-10-28 00:00:00 -0500",1,99,"B002",165225,,,," ",7,"GLP",5.79,1.03,1.21,5.93,1.07,7.00,,,,,,,"LTR"
"B","28-10-2019","2019-10-28 00:00:00 -0500",1,99,"B002",165224,,,," ",7,"GLP",4.13,1.03,1.21,4.24,0.76,5.00,,,,,,,"LTR"
"B","28-10-2019","2019-10-28 00:00:00 -0500",1,99,"B002",165223,,,," ",7,"GLP",27.69,1.03,1.21,28.39,5.11,33.50,,,,,,,"LTR"
"B","28-10-2019","2019-10-28 00:00:00 -0500",1,99,"B002",165222,,,," ",7,"GLP",5.88,1.03,1.21,6.03,1.08,7.11,,,,,,,"LTR"
"B","28-10-2019","2019-10-28 00:00:00 -0500",1,99,"B002",165221,,,," ",7,"GLP",21.88,1.03,1.21,22.44,4.04,26.48,,,,,,,"LTR"
"B","28-10-2019","2019-10-28 00:00:00 -0500",1,99,"B002",165220,,,," ",7,"GLP",8.26,1.03,1.21,8.47,1.53,10.00,,,,,,,"LTR"
"B","28-10-2019","2019-10-28 00:00:00 -0500",1,99,"B002",165219,,,," ",7,"GLP",8.26,1.03,1.21,8.47,1.53,10.00,,,,,,,"LTR"
"B","28-10-2019","2019-10-28 00:00:00 -0500",1,99,"B002",165218,,,," ",7,"GLP",4.13,1.03,1.21,4.24,0.76,5.00,,,,,,,"LTR"
"B","28-10-2019","2019-10-28 00:00:00 -0500",1,99,"B002",165217,,,," ",7,"GLP",4.96,1.03,1.21,5.08,0.92,6.00,,,,,,,"LTR"
"B","28-10-2019","2019-10-28 00:00:00 -0500",1,99,"B002",165216,,,," ",7,"GLP",8.26,1.03,1.21,8.47,1.53,10.00,,,,,,,"LTR"
"B","28-10-2019","2019-10-28 00:00:00 -0500",1,99,"B002",165215,,,," ",7,"GLP",8.26,1.03,1.21,8.47,1.53,10.00,,,,,,,"LTR"
"B","28-10-2019","2019-10-28 00:00:00 -0500",1,99,"B002",165214,,,," ",7,"GLP",13.22,1.03,1.21,13.56,2.44,16.00,,,,,,,"LTR"
"B","28-10-2019","2019-10-28 00:00:00 -0500",1,99,"B002",165213,,,," ",7,"GLP",8.26,1.03,1.21,8.47,1.53,10.00,,,,,,,"LTR"
"B","28-10-2019","2019-10-28 00:00:00 -0500",1,99,"B002",165212,,,," ",7,"GLP",19.83,1.03,1.21,20.33,3.66,23.99,,,,,,,"LTR"
"B","28-10-2019","2019-10-28 00:00:00 -0500",1,99,"B002",165211,,,," ",7,"GLP",29.75,1.03,1.21,30.51,5.49,36.00,,,,,,,"LTR"
"B","28-10-2019","2019-10-28 00:00:00 -0500",1,99,"B002",165210,,,," ",7,"GLP",8.26,1.03,1.21,8.47,1.53,10.00,,,,,,,"LTR"
"B","28-10-2019","2019-10-28 00:00:00 -0500",1,99,"B002",165209,,,," ",7,"GLP",8.26,1.03,1.21,8.47,1.53,10.00,,,,,,,"LTR"
"B","28-10-2019","2019-10-28 00:00:00 -0500",1,99,"B002",165208,,,," ",7,"GLP",5.79,1.03,1.21,5.93,1.07,7.00,,,,,,,"LTR"
"B","28-10-2019","2019-10-28 00:00:00 -0500",1,99,"B002",165207,,,," ",7,"GLP",16.53,1.03,1.21,16.95,3.05,20.00,,,,,,,"LTR"
"B","28-10-2019","2019-10-28 00:00:00 -0500",1,99,"B002",165206,,,," ",7,"GLP",19.61,1.03,1.21,20.11,3.62,23.73,,,,,,,"LTR"
"B","28-10-2019","2019-10-28 00:00:00 -0500",1,99,"B002",165205,,,," ",7,"GLP",8.26,1.03,1.21,8.47,1.53,10.00,,,,,,,"LTR"
"B","28-10-2019","2019-10-28 00:00:00 -0500",1,99,"B002",165204,,,," ",7,"GLP",12.8,1.03,1.21,13.13,2.36,15.49,,,,,,,"LTR"
"B","28-10-2019","2019-10-28 00:00:00 -0500",1,99,"B002",165203,,,," ",7,"GLP",3.72,1.03,1.21,3.81,0.69,4.50,,,,,,,"LTR"
"B","28-10-2019","2019-10-28 00:00:00 -0500",1,99,"B002",165202,,,," ",7,"GLP",8.26,1.03,1.21,8.47,1.53,10.00,,,,,,,"LTR"
"B","28-10-2019","2019-10-28 00:00:00 -0500",1,99,"B002",165201,,,," ",7,"GLP",7.85,1.03,1.21,8.05,1.45,9.50,,,,,,,"LTR"
"B","28-10-2019","2019-10-28 00:00:00 -0500",1,99,"B002",165200,,,," ",7,"GLP",10.74,1.03,1.21,11.02,1.98,13.00,,,,,,,"LTR"
"B","28-10-2019","2019-10-28 00:00:00 -0500",1,99,"B002",165199,,,," ",7,"GLP",4.13,1.03,1.21,4.24,0.76,5.00,,,,,,,"LTR"
"B","28-10-2019","2019-10-28 00:00:00 -0500",1,99,"B002",165198,,,," ",7,"GLP",8.26,1.03,1.21,8.47,1.53,10.00,,,,,,,"LTR"
"B","28-10-2019","2019-10-28 00:00:00 -0500",1,99,"B002",165197,,,," ",7,"GLP",6.61,1.03,1.21,6.78,1.22,8.00,,,,,,,"LTR"
"B","28-10-2019","2019-10-28 00:00:00 -0500",1,99,"B002",165196,,,," ",7,"GLP",8.26,1.03,1.21,8.47,1.53,10.00,,,,,,,"LTR"
"B","28-10-2019","2019-10-28 00:00:00 -0500",1,99,"B002",165195,,,," ",7,"GLP",8.26,1.03,1.21,8.47,1.53,10.00,,,,,,,"LTR"
"B","28-10-2019","2019-10-28 00:00:00 -0500",1,99,"B002",165194,,,," ",7,"GLP",11.57,1.03,1.21,11.86,2.14,14.00,,,,,,,"LTR"
"B","28-10-2019","2019-10-28 00:00:00 -0500",1,99,"B002",165193,,,," ",7,"GLP",8.26,1.03,1.21,8.47,1.53,10.00,,,,,,,"LTR"
"B","28-10-2019","2019-10-28 00:00:00 -0500",1,99,"B002",165192,,,," ",7,"GLP",4.13,1.03,1.21,4.24,0.76,5.00,,,,,,,"LTR"
"B","28-10-2019","2019-10-28 00:00:00 -0500",1,99,"B002",165191,,,," ",7,"GLP",10.74,1.03,1.21,11.02,1.98,13.00,,,,,,,"LTR"
"B","28-10-2019","2019-10-28 00:00:00 -0500",1,99,"B002",165190,,,," ",7,"GLP",7.78,1.03,1.21,7.97,1.44,9.41,,,,,,,"LTR"
"B","28-10-2019","2019-10-28 00:00:00 -0500",1,99,"B002",165189,,,," ",7,"GLP",11.16,1.03,1.21,11.44,2.06,13.50,,,,,,,"LTR"
"B","28-10-2019","2019-10-28 00:00:00 -0500",1,99,"B002",165188,,,," ",7,"GLP",9.92,1.03,1.21,10.17,1.83,12.00,,,,,,,"LTR"
"B","28-10-2019","2019-10-28 00:00:00 -0500",1,99,"B002",165187,,,," ",7,"GLP",8.26,1.03,1.21,8.47,1.53,10.00,,,,,,,"LTR"
"B","28-10-2019","2019-10-28 00:00:00 -0500",1,99,"B002",165186,,,," ",7,"GLP",8.26,1.03,1.21,8.47,1.53,10.00,,,,,,,"LTR"
"B","28-10-2019","2019-10-28 00:00:00 -0500",1,99,"B002",165185,,,," ",7,"GLP",4.13,1.03,1.21,4.24,0.76,5.00,,,,,,,"LTR"
"B","28-10-2019","2019-10-28 00:00:00 -0500",1,99,"B002",165184,,,," ",7,"GLP",8.26,1.03,1.21,8.47,1.53,10.00,,,,,,,"LTR"
"B","28-10-2019","2019-10-28 00:00:00 -0500",1,99,"B002",165183,,,," ",7,"GLP",8.26,1.03,1.21,8.47,1.53,10.00,,,,,,,"LTR"
"B","28-10-2019","2019-10-28 00:00:00 -0500",1,99,"B002",165182,,,," ",7,"GLP",8.1,1.03,1.21,8.31,1.49,9.80,,,,,,,"LTR"
"B","28-10-2019","2019-10-28 00:00:00 -0500",1,99,"B002",165181,,,," ",7,"GLP",4.13,1.03,1.21,4.24,0.76,5.00,,,,,,,"LTR"
"B","28-10-2019","2019-10-28 00:00:00 -0500",1,99,"B002",165180,,,," ",7,"GLP",14.05,1.03,1.21,14.41,2.59,17.00,,,,,,,"LTR"
"B","28-10-2019","2019-10-28 00:00:00 -0500",1,99,"B002",165179,,,," ",7,"GLP",4.13,1.03,1.21,4.24,0.76,5.00,,,,,,,"LTR"
"B","28-10-2019","2019-10-28 00:00:00 -0500",1,99,"B002",165178,,,," ",7,"GLP",4.13,1.03,1.21,4.24,0.76,5.00,,,,,,,"LTR"
"B","28-10-2019","2019-10-28 00:00:00 -0500",1,99,"B002",165177,,,," ",7,"GLP",4.13,1.03,1.21,4.24,0.76,5.00,,,,,,,"LTR"
"B","28-10-2019","2019-10-28 00:00:00 -0500",1,99,"B002",165176,,,," ",7,"GLP",4.96,1.03,1.21,5.08,0.92,6.00,,,,,,,"LTR"
"B","28-10-2019","2019-10-28 00:00:00 -0500",1,99,"B002",165175,,,," ",7,"GLP",8.26,1.03,1.21,8.47,1.53,10.00,,,,,,,"LTR"
"B","28-10-2019","2019-10-28 00:00:00 -0500",1,99,"B002",165174,,,," ",7,"GLP",8.26,1.03,1.21,8.47,1.53,10.00,,,,,,,"LTR"
"B","28-10-2019","2019-10-28 00:00:00 -0500",1,99,"B002",165173,,,," ",7,"GLP",4.13,1.03,1.21,4.24,0.76,5.00,,,,,,,"LTR"
"B","28-10-2019","2019-10-28 00:00:00 -0500",1,99,"B002",165172,,,," ",7,"GLP",8.26,1.03,1.21,8.47,1.53,10.00,,,,,,,"LTR"
"B","28-10-2019","2019-10-28 00:00:00 -0500",1,99,"B002",165171,,,," ",7,"GLP",4.13,1.03,1.21,4.24,0.76,5.00,,,,,,,"LTR"
"B","28-10-2019","2019-10-28 00:00:00 -0500",1,99,"B002",165170,,,," ",7,"GLP",4.96,1.03,1.21,5.08,0.92,6.00,,,,,,,"LTR"
"B","28-10-2019","2019-10-28 00:00:00 -0500",1,99,"B002",165169,,,," ",7,"GLP",18.23,1.03,1.21,18.69,3.37,22.06,,,,,,,"LTR"
"B","28-10-2019","2019-10-28 00:00:00 -0500",1,99,"B002",165168,,,," ",7,"GLP",8.26,1.03,1.21,8.47,1.53,10.00,,,,,,,"LTR"
"B","28-10-2019","2019-10-28 00:00:00 -0500",1,99,"B002",165167,,,," ",7,"GLP",5.79,1.03,1.21,5.93,1.07,7.00,,,,,,,"LTR"
"B","28-10-2019","2019-10-28 00:00:00 -0500",1,99,"B002",165166,,,," ",7,"GLP",9.77,1.03,1.21,10.02,1.80,11.82,,,,,,,"LTR"
"B","28-10-2019","2019-10-28 00:00:00 -0500",1,99,"B002",165165,,,," ",7,"GLP",10.46,1.03,1.21,10.73,1.93,12.66,,,,,,,"LTR"
"B","28-10-2019","2019-10-28 00:00:00 -0500",1,99,"B002",165164,,,," ",7,"GLP",9.09,1.03,1.21,9.32,1.68,11.00,,,,,,,"LTR"
"B","28-10-2019","2019-10-28 00:00:00 -0500",1,99,"B002",165163,,,," ",7,"GLP",8.26,1.03,1.21,8.47,1.53,10.00,,,,,,,"LTR"
"B","28-10-2019","2019-10-28 00:00:00 -0500",1,99,"B002",165162,,,," ",7,"GLP",31.32,1.03,1.21,32.12,5.78,37.90,,,,,,,"LTR"
"B","28-10-2019","2019-10-28 00:00:00 -0500",1,99,"B002",165161,,,," ",7,"GLP",9.92,1.03,1.21,10.17,1.83,12.00,,,,,,,"LTR"
"B","28-10-2019","2019-10-28 00:00:00 -0500",1,99,"B002",165160,,,," ",2,"Gasohol 90",0.79,10.75,12.69,8.47,1.53,10.00,,,,,,,"GLL"
"B","28-10-2019","2019-10-28 00:00:00 -0500",1,99,"B002",165159,,,," ",7,"GLP",9.92,1.03,1.21,10.17,1.83,12.00,,,,,,,"LTR"
"B","28-10-2019","2019-10-28 00:00:00 -0500",1,99,"B002",165158,,,," ",7,"GLP",14.88,1.03,1.21,15.25,2.75,18.00,,,,,,,"LTR"
"B","28-10-2019","2019-10-28 00:00:00 -0500",1,99,"B002",165157,,,," ",7,"GLP",4.96,1.03,1.21,5.08,0.92,6.00,,,,,,,"LTR"
"B","28-10-2019","2019-10-28 00:00:00 -0500",1,99,"B002",165156,,,," ",7,"GLP",4.13,1.03,1.21,4.24,0.76,5.00,,,,,,,"LTR"
"B","28-10-2019","2019-10-28 00:00:00 -0500",1,99,"B002",165155,,,," ",7,"GLP",11.39,1.03,1.21,11.68,2.10,13.78,,,,,,,"LTR"
"B","28-10-2019","2019-10-28 00:00:00 -0500",1,99,"B002",165154,,,," ",7,"GLP",6.61,1.03,1.21,6.78,1.22,8.00,,,,,,,"LTR"
"B","28-10-2019","2019-10-28 00:00:00 -0500",1,99,"B002",165153,,,," ",7,"GLP",9.92,1.03,1.21,10.17,1.83,12.00,,,,,,,"LTR"
"B","28-10-2019","2019-10-28 00:00:00 -0500",1,99,"B002",165152,,,," ",7,"GLP",4.13,1.03,1.21,4.24,0.76,5.00,,,,,,,"LTR"
"B","28-10-2019","2019-10-28 00:00:00 -0500",1,99,"B002",165151,,,," ",7,"GLP",12.4,1.03,1.21,12.71,2.29,15.00,,,,,,,"LTR"
"B","28-10-2019","2019-10-28 00:00:00 -0500",1,99,"B002",165150,,,," ",7,"GLP",8.26,1.03,1.21,8.47,1.53,10.00,,,,,,,"LTR"
"B","28-10-2019","2019-10-28 00:00:00 -0500",1,99,"B002",165149,,,," ",7,"GLP",4.13,1.03,1.21,4.24,0.76,5.00,,,,,,,"LTR"
"B","28-10-2019","2019-10-28 00:00:00 -0500",1,99,"B002",165148,,,," ",7,"GLP",16.53,1.03,1.21,16.95,3.05,20.00,,,,,,,"LTR"
"B","28-10-2019","2019-10-28 00:00:00 -0500",1,99,"B002",165147,,,," ",7,"GLP",10.34,1.03,1.21,10.60,1.91,12.51,,,,,,,"LTR"
"B","28-10-2019","2019-10-28 00:00:00 -0500",1,99,"B002",165146,,,," ",7,"GLP",12.4,1.03,1.21,12.71,2.29,15.00,,,,,,,"LTR"
"B","28-10-2019","2019-10-28 00:00:00 -0500",1,99,"B002",165145,,,," ",7,"GLP",8.26,1.03,1.21,8.47,1.53,10.00,,,,,,,"LTR"
"B","28-10-2019","2019-10-28 00:00:00 -0500",1,99,"B002",165144,,,," ",7,"GLP",7.86,1.03,1.21,8.06,1.45,9.51,,,,,,,"LTR"
"B","28-10-2019","2019-10-28 00:00:00 -0500",1,99,"B002",165143,,,," ",7,"GLP",8.92,1.03,1.21,9.14,1.65,10.79,,,,,,,"LTR"
"B","28-10-2019","2019-10-28 00:00:00 -0500",1,99,"B002",165142,,,," ",7,"GLP",13.22,1.03,1.21,13.56,2.44,16.00,,,,,,,"LTR"
"B","28-10-2019","2019-10-28 00:00:00 -0500",1,99,"B002",165141,,,," ",7,"GLP",6.36,1.03,1.21,6.53,1.17,7.70,,,,,,,"LTR"
"B","28-10-2019","2019-10-28 00:00:00 -0500",1,99,"B002",165140,,,," ",7,"GLP",9.5,1.03,1.21,9.75,1.75,11.50,,,,,,,"LTR"
"B","28-10-2019","2019-10-28 00:00:00 -0500",1,99,"B002",165139,,,," ",7,"GLP",8.26,1.03,1.21,8.47,1.53,10.00,,,,,,,"LTR"
"B","28-10-2019","2019-10-28 00:00:00 -0500",1,99,"B002",165138,,,," ",7,"GLP",10.74,1.03,1.21,11.02,1.98,13.00,,,,,,,"LTR"
"B","28-10-2019","2019-10-28 00:00:00 -0500",1,99,"B002",165137,,,," ",7,"GLP",12.4,1.03,1.21,12.71,2.29,15.00,,,,,,,"LTR"
"B","28-10-2019","2019-10-28 00:00:00 -0500",1,99,"B002",165136,,,," ",7,"GLP",6.63,1.03,1.21,6.80,1.22,8.02,,,,,,,"LTR"
"B","28-10-2019","2019-10-28 00:00:00 -0500",1,99,"B002",165135,,,," ",7,"GLP",12.4,1.03,1.21,12.71,2.29,15.00,,,,,,,"LTR"
"B","28-10-2019","2019-10-28 00:00:00 -0500",1,99,"B002",165134,,,," ",7,"GLP",5.79,1.03,1.21,5.93,1.07,7.00,,,,,,,"LTR"
"B","28-10-2019","2019-10-28 00:00:00 -0500",1,99,"B002",165133,,,," ",7,"GLP",8.32,1.03,1.21,8.53,1.54,10.07,,,,,,,"LTR"
"B","28-10-2019","2019-10-28 00:00:00 -0500",1,99,"B002",165132,,,," ",7,"GLP",16.53,1.03,1.21,16.95,3.05,20.00,,,,,,,"LTR"
"B","28-10-2019","2019-10-28 00:00:00 -0500",1,99,"B002",165131,,,," ",7,"GLP",12.4,1.03,1.21,12.71,2.29,15.00,,,,,,,"LTR"
"B","28-10-2019","2019-10-28 00:00:00 -0500",1,99,"B002",165130,,,," ",7,"GLP",8.26,1.03,1.21,8.47,1.53,10.00,,,,,,,"LTR"
"B","28-10-2019","2019-10-28 00:00:00 -0500",1,99,"B002",165129,,,," ",7,"GLP",8.26,1.03,1.21,8.47,1.53,10.00,,,,,,,"LTR"
"B","28-10-2019","2019-10-28 00:00:00 -0500",1,99,"B002",165128,,,," ",7,"GLP",4.13,1.03,1.21,4.24,0.76,5.00,,,,,,,"LTR"
"B","28-10-2019","2019-10-28 00:00:00 -0500",1,99,"B002",165127,,,," ",7,"GLP",10.73,1.03,1.21,11.00,1.98,12.98,,,,,,,"LTR"
"B","28-10-2019","2019-10-28 00:00:00 -0500",1,99,"B002",165126,,,," ",7,"GLP",7.52,1.03,1.21,7.71,1.39,9.10,,,,,,,"LTR"
"B","28-10-2019","2019-10-28 00:00:00 -0500",1,99,"B002",165125,,,," ",7,"GLP",8.26,1.03,1.21,8.47,1.53,10.00,,,,,,,"LTR"
"B","28-10-2019","2019-10-28 00:00:00 -0500",1,99,"B002",165124,,,," ",7,"GLP",5.22,1.03,1.21,5.35,0.96,6.31,,,,,,,"LTR"
"B","28-10-2019","2019-10-28 00:00:00 -0500",1,99,"B002",165123,,,," ",7,"GLP",16.53,1.03,1.21,16.95,3.05,20.00,,,,,,,"LTR"
"B","28-10-2019","2019-10-28 00:00:00 -0500",1,99,"B002",165122,,,," ",7,"GLP",9.09,1.03,1.21,9.32,1.68,11.00,,,,,,,"LTR"
"B","28-10-2019","2019-10-28 00:00:00 -0500",1,99,"B002",165121,,,," ",7,"GLP",4.13,1.03,1.21,4.24,0.76,5.00,,,,,,,"LTR"
"B","28-10-2019","2019-10-28 00:00:00 -0500",1,99,"B002",165120,,,," ",7,"GLP",8.29,1.03,1.21,8.50,1.53,10.03,,,,,,,"LTR"
"B","28-10-2019","2019-10-28 00:00:00 -0500",1,99,"B002",165119,,,," ",7,"GLP",13.79,1.03,1.21,14.14,2.55,16.69,,,,,,,"LTR"
"B","28-10-2019","2019-10-28 00:00:00 -0500",1,99,"B002",165118,,,," ",7,"GLP",4.13,1.03,1.21,4.24,0.76,5.00,,,,,,,"LTR"
"B","28-10-2019","2019-10-28 00:00:00 -0500",1,99,"B002",165117,,,," ",7,"GLP",4.13,1.03,1.21,4.24,0.76,5.00,,,,,,,"LTR"
"B","28-10-2019","2019-10-28 00:00:00 -0500",1,99,"B002",165116,,,," ",7,"GLP",8.26,1.03,1.21,8.47,1.53,10.00,,,,,,,"LTR"
"B","28-10-2019","2019-10-28 00:00:00 -0500",1,99,"B002",165115,,,," ",7,"GLP",13.07,1.03,1.21,13.40,2.41,15.81,,,,,,,"LTR"
"B","28-10-2019","2019-10-28 00:00:00 -0500",1,99,"B002",165114,,,," ",7,"GLP",4.13,1.03,1.21,4.24,0.76,5.00,,,,,,,"LTR"
"B","28-10-2019","2019-10-28 00:00:00 -0500",1,99,"B002",165113,,,," ",2,"Gasohol 90",0.32,10.75,12.69,3.39,0.61,4.00,,,,,,,"GLL"
"B","28-10-2019","2019-10-28 00:00:00 -0500",1,99,"B002",165112,,,," ",7,"GLP",4.13,1.03,1.21,4.24,0.76,5.00,,,,,,,"LTR"
"B","28-10-2019","2019-10-28 00:00:00 -0500",1,99,"B002",165111,,,," ",7,"GLP",8.26,1.03,1.21,8.47,1.53,10.00,,,,,,,"LTR"
"B","28-10-2019","2019-10-28 00:00:00 -0500",1,99,"B002",165110,,,," ",7,"GLP",4.13,1.03,1.21,4.24,0.76,5.00,,,,,,,"LTR"
"B","28-10-2019","2019-10-28 00:00:00 -0500",1,99,"B002",165109,,,," ",7,"GLP",14.05,1.03,1.21,14.41,2.59,17.00,,,,,,,"LTR"
"B","28-10-2019","2019-10-28 00:00:00 -0500",1,99,"B002",165108,,,," ",7,"GLP",4.13,1.03,1.21,4.24,0.76,5.00,,,,,,,"LTR"
"B","28-10-2019","2019-10-28 00:00:00 -0500",1,99,"B002",165107,,,," ",7,"GLP",4.13,1.03,1.21,4.24,0.76,5.00,,,,,,,"LTR"
"B","28-10-2019","2019-10-28 00:00:00 -0500",1,99,"B002",165106,,,," ",7,"GLP",9.09,1.03,1.21,9.32,1.68,11.00,,,,,,,"LTR"
"B","28-10-2019","2019-10-28 00:00:00 -0500",1,99,"B002",165105,,,," ",7,"GLP",9.92,1.03,1.21,10.17,1.83,12.00,,,,,,,"LTR"
"B","28-10-2019","2019-10-28 00:00:00 -0500",1,99,"B002",165104,,,," ",7,"GLP",5.79,1.03,1.21,5.93,1.07,7.00,,,,,,,"LTR"
"B","28-10-2019","2019-10-28 00:00:00 -0500",1,99,"B002",165103,,,," ",7,"GLP",16.53,1.03,1.21,16.95,3.05,20.00,,,,,,,"LTR"
"B","28-10-2019","2019-10-28 00:00:00 -0500",1,99,"B002",165102,,,," ",7,"GLP",15.04,1.03,1.21,15.42,2.78,18.20,,,,,,,"LTR"
"B","28-10-2019","2019-10-28 00:00:00 -0500",1,99,"B002",165101,,,," ",7,"GLP",4.65,1.03,1.21,4.77,0.86,5.63,,,,,,,"LTR"
"B","28-10-2019","2019-10-28 00:00:00 -0500",1,99,"B002",165100,,,," ",7,"GLP",12.4,1.03,1.21,12.71,2.29,15.00,,,,,,,"LTR"
"B","28-10-2019","2019-10-28 00:00:00 -0500",1,99,"B002",165099,,,," ",7,"GLP",4.13,1.03,1.21,4.24,0.76,5.00,,,,,,,"LTR"
"B","28-10-2019","2019-10-28 00:00:00 -0500",1,99,"B002",165098,,,," ",7,"GLP",8.26,1.03,1.21,8.47,1.53,10.00,,,,,,,"LTR"
"B","28-10-2019","2019-10-28 00:00:00 -0500",1,99,"B002",165097,,,," ",7,"GLP",8.26,1.03,1.21,8.47,1.53,10.00,,,,,,,"LTR"
"B","28-10-2019","2019-10-28 00:00:00 -0500",1,99,"B002",165096,,,," ",7,"GLP",8.26,1.03,1.21,8.47,1.53,10.00,,,,,,,"LTR"
"B","28-10-2019","2019-10-28 00:00:00 -0500",1,99,"B002",165095,,,," ",7,"GLP",6.61,1.03,1.21,6.78,1.22,8.00,,,,,,,"LTR"
"B","28-10-2019","2019-10-28 00:00:00 -0500",1,99,"B002",165094,,,," ",7,"GLP",6.61,1.03,1.21,6.78,1.22,8.00,,,,,,,"LTR"
"B","28-10-2019","2019-10-28 00:00:00 -0500",1,99,"B002",165093,,,," ",7,"GLP",4.13,1.03,1.21,4.24,0.76,5.00,,,,,,,"LTR"
"B","28-10-2019","2019-10-28 00:00:00 -0500",1,99,"B002",165092,,,," ",7,"GLP",6.78,1.03,1.21,6.95,1.25,8.20,,,,,,,"LTR"
"B","28-10-2019","2019-10-28 00:00:00 -0500",1,99,"B002",165091,,,," ",7,"GLP",5.79,1.03,1.21,5.93,1.07,7.00,,,,,,,"LTR"
"B","28-10-2019","2019-10-28 00:00:00 -0500",1,99,"B002",165090,,,," ",7,"GLP",4.13,1.03,1.21,4.24,0.76,5.00,,,,,,,"LTR"
"B","28-10-2019","2019-10-28 00:00:00 -0500",1,99,"B002",165089,,,," ",7,"GLP",5.79,1.03,1.21,5.93,1.07,7.00,,,,,,,"LTR"
"B","28-10-2019","2019-10-28 00:00:00 -0500",1,99,"B002",165088,,,," ",7,"GLP",17.33,1.03,1.21,17.77,3.20,20.97,,,,,,,"LTR"
"B","28-10-2019","2019-10-28 00:00:00 -0500",1,99,"B002",165087,,,," ",7,"GLP",8.26,1.03,1.21,8.47,1.53,10.00,,,,,,,"LTR"
"B","28-10-2019","2019-10-28 00:00:00 -0500",1,99,"B002",165086,,,," ",7,"GLP",10.74,1.03,1.21,11.02,1.98,13.00,,,,,,,"LTR"
"B","28-10-2019","2019-10-28 00:00:00 -0500",1,99,"B002",165085,,,," ",7,"GLP",4.13,1.03,1.21,4.24,0.76,5.00,,,,,,,"LTR"
"B","28-10-2019","2019-10-28 00:00:00 -0500",1,99,"B002",165084,,,," ",7,"GLP",7.44,1.03,1.21,7.63,1.37,9.00,,,,,,,"LTR"
"B","28-10-2019","2019-10-28 00:00:00 -0500",1,99,"B002",165083,,,," ",7,"GLP",4.13,1.03,1.21,4.24,0.76,5.00,,,,,,,"LTR"
"B","28-10-2019","2019-10-28 00:00:00 -0500",1,99,"B002",165082,,,," ",7,"GLP",7.28,1.03,1.21,7.47,1.34,8.81,,,,,,,"LTR"
"B","28-10-2019","2019-10-28 00:00:00 -0500",1,99,"B002",165081,,,," ",7,"GLP",8.26,1.03,1.21,8.47,1.53,10.00,,,,,,,"LTR"
"B","28-10-2019","2019-10-28 00:00:00 -0500",1,99,"B002",165080,,,," ",7,"GLP",8.26,1.03,1.21,8.47,1.53,10.00,,,,,,,"LTR"
"B","28-10-2019","2019-10-28 00:00:00 -0500",1,99,"B002",165079,,,," ",7,"GLP",8.68,1.03,1.21,8.90,1.60,10.50,,,,,,,"LTR"
"B","28-10-2019","2019-10-28 00:00:00 -0500",1,99,"B002",165078,,,," ",7,"GLP",5.79,1.03,1.21,5.93,1.07,7.00,,,,,,,"LTR"
"B","28-10-2019","2019-10-28 00:00:00 -0500",1,99,"B002",165077,,,," ",7,"GLP",11.9,1.03,1.21,12.20,2.20,14.40,,,,,,,"LTR"
"B","28-10-2019","2019-10-28 00:00:00 -0500",1,99,"B002",165076,,,," ",7,"GLP",6.61,1.03,1.21,6.78,1.22,8.00,,,,,,,"LTR"
"B","28-10-2019","2019-10-28 00:00:00 -0500",1,99,"B002",165075,,,," ",7,"GLP",8.26,1.03,1.21,8.47,1.53,10.00,,,,,,,"LTR"
"B","28-10-2019","2019-10-28 00:00:00 -0500",1,99,"B002",165074,,,," ",7,"GLP",8.26,1.03,1.21,8.47,1.53,10.00,,,,,,,"LTR"
"B","28-10-2019","2019-10-28 00:00:00 -0500",1,99,"B002",165073,,,," ",7,"GLP",12.4,1.03,1.21,12.71,2.29,15.00,,,,,,,"LTR"
"B","28-10-2019","2019-10-28 00:00:00 -0500",1,99,"B002",165072,,,," ",2,"Gasohol 90",0.39,10.75,12.69,4.24,0.76,5.00,,,,,,,"GLL"
"B","28-10-2019","2019-10-28 00:00:00 -0500",1,99,"B002",165071,,,," ",7,"GLP",4.08,1.03,1.21,4.19,0.75,4.94,,,,,,,"LTR"
"B","28-10-2019","2019-10-28 00:00:00 -0500",1,99,"B002",165070,,,," ",7,"GLP",8.26,1.03,1.21,8.47,1.53,10.00,,,,,,,"LTR"
"B","28-10-2019","2019-10-28 00:00:00 -0500",1,99,"B002",165069,,,," ",7,"GLP",8.26,1.03,1.21,8.47,1.53,10.00,,,,,,,"LTR"
"B","28-10-2019","2019-10-28 00:00:00 -0500",1,99,"B002",165068,,,," ",7,"GLP",4.13,1.03,1.21,4.24,0.76,5.00,,,,,,,"LTR"
"B","28-10-2019","2019-10-28 00:00:00 -0500",1,99,"B002",165067,,,," ",7,"GLP",4.96,1.03,1.21,5.08,0.92,6.00,,,,,,,"LTR"
"B","28-10-2019","2019-10-28 00:00:00 -0500",1,99,"B002",165066,,,," ",7,"GLP",12.56,1.03,1.21,12.88,2.32,15.20,,,,,,,"LTR"
"B","28-10-2019","2019-10-28 00:00:00 -0500",1,99,"B002",165065,,,," ",7,"GLP",8.26,1.03,1.21,8.47,1.53,10.00,,,,,,,"LTR"
"B","28-10-2019","2019-10-28 00:00:00 -0500",1,99,"B002",165064,,,," ",7,"GLP",4.96,1.03,1.21,5.08,0.92,6.00,,,,,,,"LTR"
"B","28-10-2019","2019-10-28 00:00:00 -0500",1,99,"B002",165063,,,," ",7,"GLP",5.79,1.03,1.21,5.93,1.07,7.00,,,,,,,"LTR"
"B","28-10-2019","2019-10-28 00:00:00 -0500",1,99,"B002",165062,,,," ",7,"GLP",6.61,1.03,1.21,6.78,1.22,8.00,,,,,,,"LTR"
"B","28-10-2019","2019-10-28 00:00:00 -0500",1,99,"B002",165061,,,," ",7,"GLP",4.96,1.03,1.21,5.08,0.92,6.00,,,,,,,"LTR"
"B","28-10-2019","2019-10-28 00:00:00 -0500",1,99,"B002",165060,,,," ",7,"GLP",4.13,1.03,1.21,4.24,0.76,5.00,,,,,,,"LTR"
"B","28-10-2019","2019-10-28 00:00:00 -0500",1,99,"B002",165059,,,," ",7,"GLP",8.26,1.03,1.21,8.47,1.53,10.00,,,,,,,"LTR"
"B","28-10-2019","2019-10-28 00:00:00 -0500",1,99,"B002",165058,,,," ",7,"GLP",8.26,1.03,1.21,8.47,1.53,10.00,,,,,,,"LTR"
"B","28-10-2019","2019-10-28 00:00:00 -0500",1,99,"B002",165057,,,," ",7,"GLP",10.74,1.03,1.21,11.02,1.98,13.00,,,,,,,"LTR"
"B","28-10-2019","2019-10-28 00:00:00 -0500",1,99,"B002",165056,,,," ",7,"GLP",8.26,1.03,1.21,8.47,1.53,10.00,,,,,,,"LTR"
"B","28-10-2019","2019-10-28 00:00:00 -0500",1,99,"B002",165055,,,," ",7,"GLP",8.26,1.03,1.21,8.47,1.53,10.00,,,,,,,"LTR"
"B","28-10-2019","2019-10-28 00:00:00 -0500",1,99,"B002",165054,,,," ",7,"GLP",10.74,1.03,1.21,11.02,1.98,13.00,,,,,,,"LTR"
"B","28-10-2019","2019-10-28 00:00:00 -0500",1,99,"B002",165053,,,," ",7,"GLP",8.26,1.03,1.21,8.47,1.53,10.00,,,,,,,"LTR"
"B","28-10-2019","2019-10-28 00:00:00 -0500",1,99,"B002",165052,,,," ",7,"GLP",6.21,1.03,1.21,6.36,1.15,7.51,,,,,,,"LTR"
"B","28-10-2019","2019-10-28 00:00:00 -0500",1,99,"B002",165051,,,," ",7,"GLP",8.26,1.03,1.21,8.47,1.53,10.00,,,,,,,"LTR"
"B","28-10-2019","2019-10-28 00:00:00 -0500",1,99,"B002",165050,,,," ",7,"GLP",16.53,1.03,1.21,16.95,3.05,20.00,,,,,,,"LTR"
"B","28-10-2019","2019-10-28 00:00:00 -0500",1,99,"B002",165049,,,," ",7,"GLP",6.61,1.03,1.21,6.78,1.22,8.00,,,,,,,"LTR"
"B","28-10-2019","2019-10-28 00:00:00 -0500",1,99,"B002",165048,,,," ",7,"GLP",24.79,1.03,1.21,25.42,4.58,30.00,,,,,,,"LTR"
"B","28-10-2019","2019-10-28 00:00:00 -0500",1,99,"B002",165047,,,," ",7,"GLP",9.03,1.03,1.21,9.25,1.67,10.92,,,,,,,"LTR"
"B","28-10-2019","2019-10-28 00:00:00 -0500",1,99,"B002",165046,,,," ",7,"GLP",7.44,1.03,1.21,7.63,1.37,9.00,,,,,,,"LTR"
"B","28-10-2019","2019-10-28 00:00:00 -0500",1,99,"B002",165045,,,," ",7,"GLP",9.5,1.03,1.21,9.75,1.75,11.50,,,,,,,"LTR"
"B","28-10-2019","2019-10-28 00:00:00 -0500",1,99,"B002",165044,,,," ",2,"Gasohol 90",7.88,10.75,12.69,84.75,15.25,100.00,,,,,,,"GLL"
"B","28-10-2019","2019-10-28 00:00:00 -0500",1,99,"B002",165043,,,," ",7,"GLP",8.26,1.03,1.21,8.47,1.53,10.00,,,,,,,"LTR"
"B","28-10-2019","2019-10-28 00:00:00 -0500",1,99,"B002",165042,,,," ",7,"GLP",8.18,1.03,1.21,8.39,1.51,9.90,,,,,,,"LTR"
"B","28-10-2019","2019-10-28 00:00:00 -0500",1,99,"B002",165041,,,," ",7,"GLP",8.26,1.03,1.21,8.47,1.53,10.00,,,,,,,"LTR"
"B","28-10-2019","2019-10-28 00:00:00 -0500",1,99,"B002",165040,,,," ",7,"GLP",24.79,1.03,1.21,25.42,4.58,30.00,,,,,,,"LTR"
"B","28-10-2019","2019-10-28 00:00:00 -0500",1,99,"B002",165039,,,," ",7,"GLP",24.79,1.03,1.21,25.42,4.58,30.00,,,,,,,"LTR"
"B","28-10-2019","2019-10-28 00:00:00 -0500",1,99,"B002",165038,,,," ",7,"GLP",24.79,1.03,1.21,25.42,4.58,30.00,,,,,,,"LTR"
"B","28-10-2019","2019-10-28 00:00:00 -0500",1,99,"B002",165037,,,," ",7,"GLP",7.6,1.03,1.21,7.80,1.40,9.20,,,,,,,"LTR"
"B","28-10-2019","2019-10-28 00:00:00 -0500",1,99,"B002",165036,,,," ",7,"GLP",8.26,1.03,1.21,8.47,1.53,10.00,,,,,,,"LTR"
"B","28-10-2019","2019-10-28 00:00:00 -0500",1,99,"B002",165035,,,," ",7,"GLP",4.13,1.03,1.21,4.24,0.76,5.00,,,,,,,"LTR"
"B","28-10-2019","2019-10-28 00:00:00 -0500",1,99,"B002",165034,,,," ",7,"GLP",4.13,1.03,1.21,4.24,0.76,5.00,,,,,,,"LTR"
"B","28-10-2019","2019-10-28 00:00:00 -0500",1,99,"B002",165033,,,," ",7,"GLP",16.53,1.03,1.21,16.95,3.05,20.00,,,,,,,"LTR"
"B","28-10-2019","2019-10-28 00:00:00 -0500",1,99,"B002",165032,,,," ",7,"GLP",4.13,1.03,1.21,4.24,0.76,5.00,,,,,,,"LTR"
"B","28-10-2019","2019-10-28 00:00:00 -0500",1,99,"B002",165031,,,," ",7,"GLP",8.26,1.03,1.21,8.47,1.53,10.00,,,,,,,"LTR"
"B","28-10-2019","2019-10-28 00:00:00 -0500",1,99,"B002",165030,,,," ",7,"GLP",4.13,1.03,1.21,4.24,0.76,5.00,,,,,,,"LTR"
"B","28-10-2019","2019-10-28 00:00:00 -0500",1,99,"B002",165029,,,," ",7,"GLP",6.61,1.03,1.21,6.78,1.22,8.00,,,,,,,"LTR"
"B","28-10-2019","2019-10-28 00:00:00 -0500",1,99,"B002",165028,,,," ",7,"GLP",8.26,1.03,1.21,8.47,1.53,10.00,,,,,,,"LTR"
"B","28-10-2019","2019-10-28 00:00:00 -0500",1,99,"B002",165027,,,," ",7,"GLP",4.96,1.03,1.21,5.08,0.92,6.00,,,,,,,"LTR"
"B","28-10-2019","2019-10-28 00:00:00 -0500",1,99,"B002",165026,,,," ",7,"GLP",8.26,1.03,1.21,8.47,1.53,10.00,,,,,,,"LTR"
"B","28-10-2019","2019-10-28 00:00:00 -0500",1,99,"B002",165025,,,," ",7,"GLP",4.13,1.03,1.21,4.24,0.76,5.00,,,,,,,"LTR"
"B","28-10-2019","2019-10-28 00:00:00 -0500",1,99,"B002",165024,,,," ",7,"GLP",7.85,1.03,1.21,8.05,1.45,9.50,,,,,,,"LTR"
"B","28-10-2019","2019-10-28 00:00:00 -0500",1,99,"B002",165023,,,," ",4,"Gasohol 98",0.65,13.13,15.49,8.47,1.53,10.00,,,,,,,"GLL"
"B","28-10-2019","2019-10-28 00:00:00 -0500",1,99,"B002",165022,,,," ",7,"GLP",19.01,1.03,1.21,19.49,3.51,23.00,,,,,,,"LTR"
"B","28-10-2019","2019-10-28 00:00:00 -0500",1,99,"B002",165021,,,," ",7,"GLP",13.37,1.03,1.21,13.71,2.47,16.18,,,,,,,"LTR"
"B","28-10-2019","2019-10-28 00:00:00 -0500",1,99,"B002",165020,,,," ",7,"GLP",6.53,1.03,1.21,6.69,1.21,7.90,,,,,,,"LTR"
"B","28-10-2019","2019-10-28 00:00:00 -0500",1,99,"B002",165019,,,," ",7,"GLP",4.13,1.03,1.21,4.24,0.76,5.00,,,,,,,"LTR"
"B","28-10-2019","2019-10-28 00:00:00 -0500",1,99,"B002",165018,,,," ",7,"GLP",8.18,1.03,1.21,8.39,1.51,9.90,,,,,,,"LTR"
"B","28-10-2019","2019-10-28 00:00:00 -0500",1,99,"B002",165017,,,," ",7,"GLP",5.77,1.03,1.21,5.92,1.06,6.98,,,,,,,"LTR"
"B","28-10-2019","2019-10-28 00:00:00 -0500",1,99,"B002",165016,,,," ",7,"GLP",36.45,1.03,1.21,37.37,6.73,44.10,,,,,,,"LTR"
"B","28-10-2019","2019-10-28 00:00:00 -0500",1,99,"B002",165015,,,," ",7,"GLP",24.79,1.03,1.21,25.42,4.58,30.00,,,,,,,"LTR"
"B","28-10-2019","2019-10-28 00:00:00 -0500",1,99,"B002",165014,,,," ",7,"GLP",8.26,1.03,1.21,8.47,1.53,10.00,,,,,,,"LTR"
"B","28-10-2019","2019-10-28 00:00:00 -0500",1,99,"B002",165013,,,," ",7,"GLP",8.26,1.03,1.21,8.47,1.53,10.00,,,,,,,"LTR"
"B","28-10-2019","2019-10-28 00:00:00 -0500",1,99,"B002",165012,,,," ",7,"GLP",5.79,1.03,1.21,5.93,1.07,7.00,,,,,,,"LTR"
"B","28-10-2019","2019-10-28 00:00:00 -0500",1,99,"B002",165011,,,," ",7,"GLP",4.13,1.03,1.21,4.24,0.76,5.00,,,,,,,"LTR"
"B","28-10-2019","2019-10-28 00:00:00 -0500",1,99,"B002",165010,,,," ",7,"GLP",6.61,1.03,1.21,6.78,1.22,8.00,,,,,,,"LTR"
"B","28-10-2019","2019-10-28 00:00:00 -0500",1,99,"B002",165009,,,," ",7,"GLP",13.22,1.03,1.21,13.56,2.44,16.00,,,,,,,"LTR"
"B","28-10-2019","2019-10-28 00:00:00 -0500",1,99,"B002",165008,,,," ",7,"GLP",4.13,1.03,1.21,4.24,0.76,5.00,,,,,,,"LTR"
"B","28-10-2019","2019-10-28 00:00:00 -0500",1,99,"B002",165007,,,," ",2,"Gasohol 90",1.18,10.75,12.69,12.71,2.29,15.00,,,,,,,"GLL"
"B","28-10-2019","2019-10-28 00:00:00 -0500",1,99,"B002",165006,,,," ",7,"GLP",9.09,1.03,1.21,9.32,1.68,11.00,,,,,,,"LTR"
"B","28-10-2019","2019-10-28 00:00:00 -0500",1,99,"B002",165005,,,," ",7,"GLP",4.13,1.03,1.21,4.24,0.76,5.00,,,,,,,"LTR"
"B","28-10-2019","2019-10-28 00:00:00 -0500",1,99,"B002",165004,,,," ",7,"GLP",6.61,1.03,1.21,6.78,1.22,8.00,,,,,,,"LTR"
"B","28-10-2019","2019-10-28 00:00:00 -0500",1,99,"B002",165003,,,," ",7,"GLP",4.96,1.03,1.21,5.08,0.92,6.00,,,,,,,"LTR"
"B","28-10-2019","2019-10-28 00:00:00 -0500",1,99,"B002",165002,,,," ",7,"GLP",24.79,1.03,1.21,25.42,4.58,30.00,,,,,,,"LTR"
"B","28-10-2019","2019-10-28 00:00:00 -0500",1,99,"B002",165001,,,," ",7,"GLP",4.13,1.03,1.21,4.24,0.76,5.00,,,,,,,"LTR"
"B","28-10-2019","2019-10-28 00:00:00 -0500",1,99,"B002",165000,,,," ",7,"GLP",4.13,1.03,1.21,4.24,0.76,5.00,,,,,,,"LTR"
"B","28-10-2019","2019-10-28 00:00:00 -0500",1,99,"B002",164999,,,," ",7,"GLP",9.5,1.03,1.21,9.75,1.75,11.50,,,,,,,"LTR"
"B","28-10-2019","2019-10-28 00:00:00 -0500",1,99,"B002",164998,,,," ",7,"GLP",7.85,1.03,1.21,8.05,1.45,9.50,,,,,,,"LTR"
"B","28-10-2019","2019-10-28 00:00:00 -0500",1,99,"B002",164997,,,," ",7,"GLP",6.61,1.03,1.21,6.78,1.22,8.00,,,,,,,"LTR"
"B","28-10-2019","2019-10-28 00:00:00 -0500",1,99,"B002",164996,,,," ",7,"GLP",10.74,1.03,1.21,11.01,1.98,12.99,,,,,,,"LTR"
"B","28-10-2019","2019-10-28 00:00:00 -0500",1,99,"B002",164995,,,," ",7,"GLP",4.6,1.03,1.21,4.72,0.85,5.57,,,,,,,"LTR"
"B","28-10-2019","2019-10-28 00:00:00 -0500",1,99,"B002",164994,,,," ",7,"GLP",4.13,1.03,1.21,4.24,0.76,5.00,,,,,,,"LTR"
"B","28-10-2019","2019-10-28 00:00:00 -0500",1,99,"B002",164993,,,," ",7,"GLP",8.26,1.03,1.21,8.47,1.53,10.00,,,,,,,"LTR"
"B","28-10-2019","2019-10-28 00:00:00 -0500",1,99,"B002",164992,,,," ",7,"GLP",16.53,1.03,1.21,16.95,3.05,20.00,,,,,,,"LTR"
"B","28-10-2019","2019-10-28 00:00:00 -0500",1,99,"B002",164991,,,," ",7,"GLP",9.1,1.03,1.21,9.33,1.68,11.01,,,,,,,"LTR"
"B","28-10-2019","2019-10-28 00:00:00 -0500",1,99,"B002",164990,,,," ",7,"GLP",24.31,1.03,1.21,24.93,4.49,29.42,,,,,,,"LTR"
"B","28-10-2019","2019-10-28 00:00:00 -0500",1,99,"B002",164989,,,," ",7,"GLP",5.4,1.03,1.21,5.53,1.00,6.53,,,,,,,"LTR"
"B","28-10-2019","2019-10-28 00:00:00 -0500",1,99,"B002",164988,,,," ",7,"GLP",5.79,1.03,1.21,5.93,1.07,7.00,,,,,,,"LTR"
"B","28-10-2019","2019-10-28 00:00:00 -0500",1,99,"B002",164987,,,," ",7,"GLP",4.55,1.03,1.21,4.67,0.84,5.51,,,,,,,"LTR"
"B","28-10-2019","2019-10-28 00:00:00 -0500",1,99,"B002",164986,,,," ",7,"GLP",24.79,1.03,1.21,25.42,4.58,30.00,,,,,,,"LTR"
"B","28-10-2019","2019-10-28 00:00:00 -0500",1,99,"B002",164985,,,," ",7,"GLP",4.13,1.03,1.21,4.24,0.76,5.00,,,,,,,"LTR"
"B","28-10-2019","2019-10-28 00:00:00 -0500",1,99,"B002",164984,,,," ",7,"GLP",8.26,1.03,1.21,8.47,1.53,10.00,,,,,,,"LTR"
"B","28-10-2019","2019-10-28 00:00:00 -0500",1,99,"B002",164983,,,," ",7,"GLP",10.74,1.03,1.21,11.01,1.98,12.99,,,,,,,"LTR"
"B","28-10-2019","2019-10-28 00:00:00 -0500",1,99,"B002",164982,,,," ",7,"GLP",4.13,1.03,1.21,4.24,0.76,5.00,,,,,,,"LTR"
"B","28-10-2019","2019-10-28 00:00:00 -0500",1,99,"B002",164981,,,," ",7,"GLP",16.53,1.03,1.21,16.95,3.05,20.00,,,,,,,"LTR"
"B","28-10-2019","2019-10-28 00:00:00 -0500",1,99,"B002",164980,,,," ",7,"GLP",24.79,1.03,1.21,25.42,4.58,30.00,,,,,,,"LTR"
"B","28-10-2019","2019-10-28 00:00:00 -0500",1,99,"B002",164979,,,," ",7,"GLP",4.13,1.03,1.21,4.24,0.76,5.00,,,,,,,"LTR"
"B","28-10-2019","2019-10-28 00:00:00 -0500",1,99,"B002",164978,,,," ",7,"GLP",9.07,1.03,1.21,9.31,1.67,10.98,,,,,,,"LTR"
"B","28-10-2019","2019-10-28 00:00:00 -0500",1,99,"B002",164977,,,," ",7,"GLP",4.96,1.03,1.21,5.08,0.92,6.00,,,,,,,"LTR"
"B","28-10-2019","2019-10-28 00:00:00 -0500",1,99,"B002",164976,,,," ",7,"GLP",6.06,1.03,1.21,6.21,1.12,7.33,,,,,,,"LTR"
"B","28-10-2019","2019-10-28 00:00:00 -0500",1,99,"B002",164975,,,," ",7,"GLP",4.13,1.03,1.21,4.24,0.76,5.00,,,,,,,"LTR"
"B","28-10-2019","2019-10-28 00:00:00 -0500",1,99,"B002",164974,,,," ",7,"GLP",4.13,1.03,1.21,4.24,0.76,5.00,,,,,,,"LTR"
"B","28-10-2019","2019-10-28 00:00:00 -0500",1,99,"B002",164973,,,," ",7,"GLP",8.26,1.03,1.21,8.47,1.53,10.00,,,,,,,"LTR"
"B","28-10-2019","2019-10-28 00:00:00 -0500",1,99,"B002",164972,,,," ",7,"GLP",8.26,1.03,1.21,8.47,1.53,10.00,,,,,,,"LTR"
"B","28-10-2019","2019-10-28 00:00:00 -0500",1,99,"B002",164971,,,," ",7,"GLP",13.24,1.03,1.21,13.58,2.44,16.02,,,,,,,"LTR"
"B","28-10-2019","2019-10-28 00:00:00 -0500",1,99,"B002",164970,,,," ",7,"GLP",6.63,1.03,1.21,6.80,1.22,8.02,,,,,,,"LTR"
"B","28-10-2019","2019-10-28 00:00:00 -0500",1,99,"B002",164969,,,," ",7,"GLP",4.13,1.03,1.21,4.24,0.76,5.00,,,,,,,"LTR"
"B","28-10-2019","2019-10-28 00:00:00 -0500",1,99,"B002",164968,,,," ",7,"GLP",41.32,1.03,1.21,42.37,7.63,50.00,,,,,,,"LTR"
"B","28-10-2019","2019-10-28 00:00:00 -0500",1,99,"B002",164967,,,," ",2,"Gasohol 90",0.79,10.75,12.69,8.47,1.53,10.00,,,,,,,"GLL"
"B","28-10-2019","2019-10-28 00:00:00 -0500",1,99,"B002",164966,,,," ",7,"GLP",5.37,1.03,1.21,5.51,0.99,6.50,,,,,,,"LTR"
"B","28-10-2019","2019-10-28 00:00:00 -0500",1,99,"B002",164965,,,," ",7,"GLP",3.31,1.03,1.21,3.39,0.61,4.00,,,,,,,"LTR"
"B","28-10-2019","2019-10-28 00:00:00 -0500",1,99,"B002",164964,,,," ",7,"GLP",5.78,1.03,1.21,5.92,1.07,6.99,,,,,,,"LTR"
"B","28-10-2019","2019-10-28 00:00:00 -0500",1,99,"B002",164963,,,," ",7,"GLP",17.94,1.03,1.21,18.40,3.31,21.71,,,,,,,"LTR"
"B","28-10-2019","2019-10-28 00:00:00 -0500",1,99,"B002",164962,,,," ",7,"GLP",2.48,1.03,1.21,2.54,0.46,3.00,,,,,,,"LTR"
"B","28-10-2019","2019-10-28 00:00:00 -0500",1,99,"B002",164961,,,," ",4,"Gasohol 98",0.45,13.13,15.49,5.93,1.07,7.00,,,,,,,"GLL"
"B","28-10-2019","2019-10-28 00:00:00 -0500",1,99,"B002",164960,,,," ",7,"GLP",16.53,1.03,1.21,16.95,3.05,20.00,,,,,,,"LTR"
"B","28-10-2019","2019-10-28 00:00:00 -0500",1,99,"B002",164959,,,," ",7,"GLP",6.61,1.03,1.21,6.78,1.22,8.00,,,,,,,"LTR"
"B","28-10-2019","2019-10-28 00:00:00 -0500",1,99,"B002",164958,,,," ",7,"GLP",6.61,1.03,1.21,6.78,1.22,8.00,,,,,,,"LTR"
"B","28-10-2019","2019-10-28 00:00:00 -0500",1,99,"B002",164957,,,," ",7,"GLP",6.61,1.03,1.21,6.78,1.22,8.00,,,,,,,"LTR"
"B","28-10-2019","2019-10-28 00:00:00 -0500",1,99,"B002",164956,,,," ",2,"Gasohol 90",0.63,10.75,12.69,6.78,1.22,8.00,,,,,,,"GLL"
"B","28-10-2019","2019-10-28 00:00:00 -0500",1,99,"B101",24588,,,," ",3,"GASOHOL 95",3.63,11.67,13.77,42.37,7.63,50.00,,,,,,,"GLL"
"B","28-10-2019","2019-10-28 00:00:00 -0500",1,99,"B101",24587,,,," ",2,"GASOHOL 90",0.39,10.82,12.77,4.24,0.76,5.00,,,,,,,"GLL"
"B","28-10-2019","2019-10-28 00:00:00 -0500",1,99,"B101",24586,,,," ",2,"GASOHOL 90",0.39,10.82,12.77,4.24,0.76,5.00,,,,,,,"GLL"
"B","28-10-2019","2019-10-28 00:00:00 -0500",1,99,"B101",24585,,,," ",5,"DIESEL PRO B5",4.21,10.08,11.89,42.37,7.63,50.00,,,,,,,"GLL"
"B","28-10-2019","2019-10-28 00:00:00 -0500",1,99,"B101",24584,,,," ",2,"GASOHOL 90",0.78,10.82,12.77,8.47,1.53,10.00,,,,,,,"GLL"
"B","28-10-2019","2019-10-28 00:00:00 -0500",1,99,"B101",24583,,,," ",2,"GASOHOL 90",0.78,10.82,12.77,8.47,1.53,10.00,,,,,,,"GLL"
"B","28-10-2019","2019-10-28 00:00:00 -0500",1,99,"B101",24582,,,," ",2,"GASOHOL 90",0.78,10.82,12.77,8.47,1.53,10.00,,,,,,,"GLL"
"B","28-10-2019","2019-10-28 00:00:00 -0500",1,99,"B101",24581,,,," ",2,"GASOHOL 90",0.39,10.82,12.77,4.24,0.76,5.00,,,,,,,"GLL"
"B","28-10-2019","2019-10-28 00:00:00 -0500",1,99,"B101",24580,,,," ",3,"GASOHOL 95",2.18,11.67,13.77,25.42,4.58,30.00,,,,,,,"GLL"
"B","28-10-2019","2019-10-28 00:00:00 -0500",1,99,"B101",24579,,,," ",2,"GASOHOL 90",0.34,10.82,12.77,3.66,0.66,4.32,,,,,,,"GLL"
"B","28-10-2019","2019-10-28 00:00:00 -0500",1,99,"B101",24578,,,," ",2,"GASOHOL 90",0.39,10.82,12.77,4.24,0.76,5.00,,,,,,,"GLL"
"B","28-10-2019","2019-10-28 00:00:00 -0500",1,99,"B101",24577,,,," ",2,"GASOHOL 90",1.57,10.82,12.77,16.95,3.05,20.00,,,,,,,"GLL"
"B","28-10-2019","2019-10-28 00:00:00 -0500",1,99,"B101",24576,,,," ",5,"DIESEL PRO B5",1.68,10.08,11.89,16.95,3.05,20.00,,,,,,,"GLL"
"B","28-10-2019","2019-10-28 00:00:00 -0500",1,99,"B101",24575,,,," ",3,"GASOHOL 95",0.65,11.67,13.77,7.62,1.37,8.99,,,,,,,"GLL"
"B","28-10-2019","2019-10-28 00:00:00 -0500",1,99,"B101",24574,,,," ",2,"GASOHOL 90",1.14,10.82,12.77,12.35,2.22,14.57,,,,,,,"GLL"
"B","28-10-2019","2019-10-28 00:00:00 -0500",1,99,"B101",24573,,,," ",2,"GASOHOL 90",0.39,10.82,12.77,4.24,0.76,5.00,,,,,,,"GLL"
"B","28-10-2019","2019-10-28 00:00:00 -0500",1,99,"B101",24572,,,," ",2,"GASOHOL 90",0.39,10.82,12.77,4.24,0.76,5.00,,,,,,,"GLL"
"B","28-10-2019","2019-10-28 00:00:00 -0500",1,99,"B101",24571,,,," ",2,"GASOHOL 90",3.92,10.82,12.77,42.37,7.63,50.00,,,,,,,"GLL"
"B","28-10-2019","2019-10-28 00:00:00 -0500",1,99,"B101",24570,,,," ",5,"DIESEL PRO B5",1,10.08,11.89,10.08,1.81,11.89,,,,,,,"GLL"
"B","28-10-2019","2019-10-28 00:00:00 -0500",1,99,"B101",24569,,,," ",5,"DIESEL PRO B5",1.68,10.08,11.89,16.95,3.05,20.00,,,,,,,"GLL"
"B","28-10-2019","2019-10-28 00:00:00 -0500",1,99,"B101",24568,,,," ",2,"GASOHOL 90",0.39,10.82,12.77,4.24,0.76,5.00,,,,,,,"GLL"
"B","28-10-2019","2019-10-28 00:00:00 -0500",1,99,"B101",24567,,,," ",5,"DIESEL PRO B5",1.68,10.08,11.89,16.95,3.05,20.00,,,,,,,"GLL"
"B","28-10-2019","2019-10-28 00:00:00 -0500",1,99,"B101",24566,,,," ",4,"GASOHOL 98",10.61,12.87,15.19,136.57,24.58,161.15,,,,,,,"GLL"
"B","28-10-2019","2019-10-28 00:00:00 -0500",1,99,"B101",24565,,,," ",2,"GASOHOL 90",2.35,10.82,12.77,25.42,4.58,30.00,,,,,,,"GLL"
"B","28-10-2019","2019-10-28 00:00:00 -0500",1,99,"B101",24564,,,," ",5,"DIESEL PRO B5",2.52,10.08,11.89,25.42,4.58,30.00,,,,,,,"GLL"
"B","28-10-2019","2019-10-28 00:00:00 -0500",1,99,"B101",24563,,,," ",3,"GASOHOL 95",0.73,11.67,13.77,8.47,1.53,10.00,,,,,,,"GLL"
"B","28-10-2019","2019-10-28 00:00:00 -0500",1,99,"B101",24562,,,," ",2,"GASOHOL 90",0.8,10.82,12.77,8.67,1.56,10.23,,,,,,,"GLL"
"B","28-10-2019","2019-10-28 00:00:00 -0500",1,99,"B101",24561,,,," ",5,"DIESEL PRO B5",4.21,10.08,11.89,42.37,7.63,50.00,,,,,,,"GLL"
"B","28-10-2019","2019-10-28 00:00:00 -0500",1,99,"B101",24560,,,," ",5,"DIESEL PRO B5",1.68,10.08,11.89,16.95,3.05,20.00,,,,,,,"GLL"
"B","28-10-2019","2019-10-28 00:00:00 -0500",1,99,"B101",24559,,,," ",2,"GASOHOL 90",0.78,10.82,12.77,8.47,1.53,10.00,,,,,,,"GLL"
"B","28-10-2019","2019-10-28 00:00:00 -0500",1,99,"B101",24558,,,," ",5,"DIESEL PRO B5",4.21,10.08,11.89,42.37,7.63,50.00,,,,,,,"GLL"
"B","28-10-2019","2019-10-28 00:00:00 -0500",1,99,"B101",24557,,,," ",5,"DIESEL PRO B5",4.21,10.08,11.89,42.37,7.63,50.00,,,,,,,"GLL"
"B","28-10-2019","2019-10-28 00:00:00 -0500",1,99,"B101",24556,,,," ",5,"DIESEL PRO B5",1.26,10.08,11.89,12.71,2.29,15.00,,,,,,,"GLL"
"B","28-10-2019","2019-10-28 00:00:00 -0500",1,99,"B101",24555,,,," ",2,"GASOHOL 90",0.78,10.82,12.77,8.47,1.53,10.00,,,,,,,"GLL"
"B","28-10-2019","2019-10-28 00:00:00 -0500",1,99,"B101",24554,,,," ",3,"GASOHOL 95",7.26,11.67,13.77,84.75,15.25,100.00,,,,,,,"GLL"
"B","28-10-2019","2019-10-28 00:00:00 -0500",1,99,"B101",24553,,,," ",5,"DIESEL PRO B5",1.68,10.08,11.89,16.95,3.05,20.00,,,,,,,"GLL"
"B","28-10-2019","2019-10-28 00:00:00 -0500",1,99,"B101",24552,,,," ",2,"GASOHOL 90",2.35,10.82,12.77,25.42,4.58,30.00,,,,,,,"GLL"
"B","28-10-2019","2019-10-28 00:00:00 -0500",1,99,"B101",24551,,,," ",2,"GASOHOL 90",0.78,10.82,12.77,8.47,1.53,10.00,,,,,,,"GLL"
"B","28-10-2019","2019-10-28 00:00:00 -0500",1,99,"B101",24550,,,," ",5,"DIESEL PRO B5",5.88,10.08,11.89,59.21,10.66,69.87,,,,,,,"GLL"
"B","28-10-2019","2019-10-28 00:00:00 -0500",1,99,"B101",24549,,,," ",2,"GASOHOL 90",1.18,10.82,12.77,12.71,2.29,15.00,,,,,,,"GLL"
"B","28-10-2019","2019-10-28 00:00:00 -0500",1,99,"B101",24548,,,," ",2,"GASOHOL 90",8.61,10.82,12.77,93.22,16.78,110.00,,,,,,,"GLL"
"B","28-10-2019","2019-10-28 00:00:00 -0500",1,99,"B101",24547,,,," ",2,"GASOHOL 90",0.78,10.82,12.77,8.47,1.53,10.00,,,,,,,"GLL"
"B","28-10-2019","2019-10-28 00:00:00 -0500",1,99,"B101",24546,,,," ",2,"GASOHOL 90",1.57,10.82,12.77,16.95,3.05,20.00,,,,,,,"GLL"
"B","28-10-2019","2019-10-28 00:00:00 -0500",1,99,"B101",24545,,,," ",3,"GASOHOL 95",0.36,11.67,13.77,4.24,0.76,5.00,,,,,,,"GLL"
"B","28-10-2019","2019-10-28 00:00:00 -0500",1,99,"B101",24544,,,," ",5,"DIESEL PRO B5",1.68,10.08,11.89,16.95,3.05,20.00,,,,,,,"GLL"
"B","28-10-2019","2019-10-28 00:00:00 -0500",1,99,"B101",24543,,,," ",2,"GASOHOL 90",0.63,10.82,12.77,6.78,1.22,8.00,,,,,,,"GLL"
"B","28-10-2019","2019-10-28 00:00:00 -0500",1,99,"B101",24542,,,," ",3,"GASOHOL 95",3.63,11.67,13.77,42.37,7.63,50.00,,,,,,,"GLL"
"B","28-10-2019","2019-10-28 00:00:00 -0500",1,99,"B101",24541,,,," ",2,"GASOHOL 90",0.78,10.82,12.77,8.47,1.53,10.00,,,,,,,"GLL"
"B","28-10-2019","2019-10-28 00:00:00 -0500",1,99,"B101",24540,,,," ",2,"GASOHOL 90",0.78,10.82,12.77,8.47,1.53,10.00,,,,,,,"GLL"
"B","28-10-2019","2019-10-28 00:00:00 -0500",1,99,"B101",24539,,,," ",2,"GASOHOL 90",0.78,10.82,12.77,8.47,1.53,10.00,,,,,,,"GLL"
"B","28-10-2019","2019-10-28 00:00:00 -0500",1,99,"B101",24538,,,," ",2,"GASOHOL 90",0.78,10.82,12.77,8.47,1.53,10.00,,,,,,,"GLL"
"B","28-10-2019","2019-10-28 00:00:00 -0500",1,99,"B101",24537,,,," ",3,"GASOHOL 95",0.36,11.67,13.77,4.24,0.76,5.00,,,,,,,"GLL"
"B","28-10-2019","2019-10-28 00:00:00 -0500",1,99,"B101",24536,,,," ",4,"GASOHOL 98",1.32,12.87,15.19,16.95,3.05,20.00,,,,,,,"GLL"
"B","28-10-2019","2019-10-28 00:00:00 -0500",1,99,"B101",24535,,,," ",4,"GASOHOL 98",6.58,12.87,15.19,84.75,15.25,100.00,,,,,,,"GLL"
"B","28-10-2019","2019-10-28 00:00:00 -0500",1,99,"B101",24534,,,," ",2,"GASOHOL 90",0.24,10.82,12.77,2.54,0.46,3.00,,,,,,,"GLL"
"B","28-10-2019","2019-10-28 00:00:00 -0500",1,99,"B101",24533,,,," ",2,"GASOHOL 90",0.78,10.82,12.77,8.47,1.53,10.00,,,,,,,"GLL"
"B","28-10-2019","2019-10-28 00:00:00 -0500",1,99,"B101",24532,,,," ",2,"GASOHOL 90",1.57,10.82,12.77,16.95,3.05,20.00,,,,,,,"GLL"
"B","28-10-2019","2019-10-28 00:00:00 -0500",1,99,"B101",24531,,,," ",5,"DIESEL PRO B5",1.68,10.08,11.89,16.95,3.05,20.00,,,,,,,"GLL"
"B","28-10-2019","2019-10-28 00:00:00 -0500",1,99,"B101",24530,,,," ",2,"GASOHOL 90",3,10.82,12.77,32.47,5.84,38.31,,,,,,,"GLL"
"B","28-10-2019","2019-10-28 00:00:00 -0500",1,99,"B101",24529,,,," ",3,"GASOHOL 95",2,11.67,13.77,23.34,4.20,27.54,,,,,,,"GLL"
"B","28-10-2019","2019-10-28 00:00:00 -0500",1,99,"B101",24528,,,," ",2,"GASOHOL 90",0.78,10.82,12.77,8.47,1.53,10.00,,,,,,,"GLL"
"B","28-10-2019","2019-10-28 00:00:00 -0500",1,99,"B101",24527,,,," ",5,"DIESEL PRO B5",1.26,10.08,11.89,12.71,2.29,15.00,,,,,,,"GLL"
"B","28-10-2019","2019-10-28 00:00:00 -0500",1,99,"B101",24526,,,," ",2,"GASOHOL 90",0.39,10.82,12.77,4.24,0.76,5.00,,,,,,,"GLL"
"B","28-10-2019","2019-10-28 00:00:00 -0500",1,99,"B101",24525,,,," ",3,"GASOHOL 95",2.18,11.67,13.77,25.42,4.58,30.00,,,,,,,"GLL"
"B","28-10-2019","2019-10-28 00:00:00 -0500",1,99,"B101",24524,,,," ",2,"GASOHOL 90",0.24,10.82,12.77,2.54,0.46,3.00,,,,,,,"GLL"
"B","28-10-2019","2019-10-28 00:00:00 -0500",1,99,"B101",24523,,,," ",2,"GASOHOL 90",0.39,10.82,12.77,4.24,0.76,5.00,,,,,,,"GLL"
"B","28-10-2019","2019-10-28 00:00:00 -0500",1,99,"B101",24522,,,," ",2,"GASOHOL 90",3.13,10.82,12.77,33.90,6.10,40.00,,,,,,,"GLL"
"B","28-10-2019","2019-10-28 00:00:00 -0500",1,99,"B101",24521,,,," ",3,"GASOHOL 95",1.45,11.67,13.77,16.95,3.05,20.00,,,,,,,"GLL"
"B","28-10-2019","2019-10-28 00:00:00 -0500",1,99,"B101",24520,,,," ",2,"GASOHOL 90",0.24,10.82,12.77,2.54,0.46,3.00,,,,,,,"GLL"
"B","28-10-2019","2019-10-28 00:00:00 -0500",1,99,"B101",24519,,,," ",2,"GASOHOL 90",0.78,10.82,12.77,8.47,1.53,10.00,,,,,,,"GLL"
"B","28-10-2019","2019-10-28 00:00:00 -0500",1,99,"B101",24518,,,," ",5,"DIESEL PRO B5",1.68,10.08,11.89,16.95,3.05,20.00,,,,,,,"GLL"
"B","28-10-2019","2019-10-28 00:00:00 -0500",1,99,"B101",24517,,,," ",2,"GASOHOL 90",0.78,10.82,12.77,8.47,1.53,10.00,,,,,,,"GLL"
"B","28-10-2019","2019-10-28 00:00:00 -0500",1,99,"B101",24516,,,," ",5,"DIESEL PRO B5",1.68,10.08,11.89,16.95,3.05,20.00,,,,,,,"GLL"
"B","28-10-2019","2019-10-28 00:00:00 -0500",1,99,"B101",24515,,,," ",5,"DIESEL PRO B5",1.68,10.08,11.89,16.95,3.05,20.00,,,,,,,"GLL"
"B","28-10-2019","2019-10-28 00:00:00 -0500",1,99,"B101",24514,,,," ",2,"GASOHOL 90",0.55,10.82,12.77,5.97,1.07,7.04,,,,,,,"GLL"
"B","28-10-2019","2019-10-28 00:00:00 -0500",1,99,"B101",24513,,,," ",2,"GASOHOL 90",2.35,10.82,12.77,25.42,4.58,30.00,,,,,,,"GLL"
"B","28-10-2019","2019-10-28 00:00:00 -0500",1,99,"B101",24512,,,," ",2,"GASOHOL 90",0.78,10.82,12.77,8.47,1.53,10.00,,,,,,,"GLL"
"B","28-10-2019","2019-10-28 00:00:00 -0500",1,99,"B101",24511,,,," ",3,"GASOHOL 95",0.73,11.67,13.77,8.47,1.53,10.00,,,,,,,"GLL"
"B","28-10-2019","2019-10-28 00:00:00 -0500",1,99,"B101",24510,,,," ",2,"GASOHOL 90",1.49,10.82,12.77,16.09,2.90,18.99,,,,,,,"GLL"
"B","28-10-2019","2019-10-28 00:00:00 -0500",1,99,"B101",24509,,,," ",2,"GASOHOL 90",0.78,10.82,12.77,8.47,1.53,10.00,,,,,,,"GLL"
"B","28-10-2019","2019-10-28 00:00:00 -0500",1,99,"B101",24508,,,," ",5,"DIESEL PRO B5",1.68,10.08,11.89,16.95,3.05,20.00,,,,,,,"GLL"
"B","28-10-2019","2019-10-28 00:00:00 -0500",1,99,"B101",24507,,,," ",5,"DIESEL PRO B5",3,10.08,11.89,30.23,5.44,35.67,,,,,,,"GLL"
"B","28-10-2019","2019-10-28 00:00:00 -0500",1,99,"B101",24506,,,," ",5,"DIESEL PRO B5",3.36,10.08,11.89,33.90,6.10,40.00,,,,,,,"GLL"
"B","28-10-2019","2019-10-28 00:00:00 -0500",1,99,"B101",24505,,,," ",2,"GASOHOL 90",0.39,10.82,12.77,4.24,0.76,5.00,,,,,,,"GLL"
"B","28-10-2019","2019-10-28 00:00:00 -0500",1,99,"B101",24504,,,," ",2,"GASOHOL 90",0.78,10.82,12.77,8.47,1.53,10.00,,,,,,,"GLL"
"B","28-10-2019","2019-10-28 00:00:00 -0500",1,99,"B101",24503,,,," ",2,"GASOHOL 90",0.39,10.82,12.77,4.24,0.76,5.00,,,,,,,"GLL"
"B","28-10-2019","2019-10-28 00:00:00 -0500",1,99,"B101",24502,,,," ",2,"GASOHOL 90",0.25,10.82,12.77,2.66,0.48,3.14,,,,,,,"GLL"
"B","28-10-2019","2019-10-28 00:00:00 -0500",1,99,"B101",24501,,,," ",2,"GASOHOL 90",0.39,10.82,12.77,4.24,0.76,5.00,,,,,,,"GLL"
"B","28-10-2019","2019-10-28 00:00:00 -0500",1,99,"B101",24500,,,," ",2,"GASOHOL 90",2.35,10.82,12.77,25.42,4.58,30.00,,,,,,,"GLL"
"B","28-10-2019","2019-10-28 00:00:00 -0500",1,99,"B101",24499,,,," ",3,"GASOHOL 95",3.63,11.67,13.77,42.37,7.63,50.00,,,,,,,"GLL"
"B","28-10-2019","2019-10-28 00:00:00 -0500",1,99,"B101",24498,,,," ",3,"GASOHOL 95",0.73,11.67,13.77,8.47,1.53,10.00,,,,,,,"GLL"
"B","28-10-2019","2019-10-28 00:00:00 -0500",1,99,"B101",24497,,,," ",2,"GASOHOL 90",0.78,10.82,12.77,8.47,1.53,10.00,,,,,,,"GLL"
"B","28-10-2019","2019-10-28 00:00:00 -0500",1,99,"B101",24496,,,," ",2,"GASOHOL 90",1.57,10.82,12.77,16.95,3.05,20.00,,,,,,,"GLL"
"B","28-10-2019","2019-10-28 00:00:00 -0500",1,99,"B101",24495,,,," ",2,"GASOHOL 90",0.39,10.82,12.77,4.24,0.76,5.00,,,,,,,"GLL"
"B","28-10-2019","2019-10-28 00:00:00 -0500",1,99,"B101",24494,,,," ",2,"GASOHOL 90",2.35,10.82,12.77,25.42,4.58,30.00,,,,,,,"GLL"
"B","28-10-2019","2019-10-28 00:00:00 -0500",1,99,"B101",24493,,,," ",2,"GASOHOL 90",1.1,10.82,12.77,11.92,2.15,14.07,,,,,,,"GLL"
"B","28-10-2019","2019-10-28 00:00:00 -0500",1,99,"B101",24492,,,," ",2,"GASOHOL 90",0.78,10.82,12.77,8.47,1.53,10.00,,,,,,,"GLL"
"B","28-10-2019","2019-10-28 00:00:00 -0500",1,99,"B101",24491,,,," ",2,"GASOHOL 90",3.92,10.82,12.77,42.37,7.63,50.00,,,,,,,"GLL"
"B","28-10-2019","2019-10-28 00:00:00 -0500",1,99,"B101",24490,,,," ",5,"DIESEL PRO B5",4.21,10.08,11.89,42.37,7.63,50.00,,,,,,,"GLL"
"B","28-10-2019","2019-10-28 00:00:00 -0500",1,99,"B101",24489,,,," ",3,"GASOHOL 95",2.18,11.67,13.77,25.42,4.58,30.00,,,,,,,"GLL"
"B","28-10-2019","2019-10-28 00:00:00 -0500",1,99,"B101",24488,,,," ",2,"GASOHOL 90",1.02,10.82,12.77,11.02,1.98,13.00,,,,,,,"GLL"
"B","28-10-2019","2019-10-28 00:00:00 -0500",1,99,"B101",24487,,,," ",5,"DIESEL PRO B5",4.21,10.08,11.89,42.37,7.63,50.00,,,,,,,"GLL"
"B","28-10-2019","2019-10-28 00:00:00 -0500",1,99,"B101",24486,,,," ",2,"GASOHOL 90",1.57,10.82,12.77,16.95,3.05,20.00,,,,,,,"GLL"
"B","28-10-2019","2019-10-28 00:00:00 -0500",1,99,"B101",24485,,,," ",2,"GASOHOL 90",7.83,10.82,12.77,84.75,15.25,100.00,,,,,,,"GLL"
"B","28-10-2019","2019-10-28 00:00:00 -0500",1,99,"B101",24484,,,," ",2,"GASOHOL 90",0.78,10.82,12.77,8.47,1.53,10.00,,,,,,,"GLL"
"B","28-10-2019","2019-10-28 00:00:00 -0500",1,99,"B101",24483,,,," ",5,"DIESEL PRO B5",16.82,10.08,11.89,169.49,30.51,200.00,,,,,,,"GLL"
"B","28-10-2019","2019-10-28 00:00:00 -0500",1,99,"B101",24482,,,," ",2,"GASOHOL 90",0.16,10.82,12.77,1.69,0.31,2.00,,,,,,,"GLL"
"B","28-10-2019","2019-10-28 00:00:00 -0500",1,99,"B102",7628,,,," ",5,"DIESEL PRO B5",2.52,10.08,11.89,25.42,4.58,30.00,,,,,,,"GLL"
"B","28-10-2019","2019-10-28 00:00:00 -0500",1,99,"B102",7627,,,," ",3,"GASOHOL 95",3.63,11.67,13.77,42.37,7.63,50.00,,,,,,,"GLL"
"B","28-10-2019","2019-10-28 00:00:00 -0500",1,99,"B102",7626,,,," ",2,"GASOHOL 90",0.39,10.82,12.77,4.24,0.76,5.00,,,,,,,"GLL"
"B","28-10-2019","2019-10-28 00:00:00 -0500",1,99,"B102",7625,,,," ",3,"GASOHOL 95",1.56,11.67,13.77,18.23,3.28,21.51,,,,,,,"GLL"
"B","28-10-2019","2019-10-28 00:00:00 -0500",1,99,"B102",7624,,,," ",5,"DIESEL PRO B5",9.67,10.08,11.89,97.46,17.54,115.00,,,,,,,"GLL"
"B","28-10-2019","2019-10-28 00:00:00 -0500",1,99,"B102",7623,,,," ",3,"GASOHOL 95",0.1,11.67,13.77,1.21,0.22,1.43,,,,,,,"GLL"
"B","28-10-2019","2019-10-28 00:00:00 -0500",1,99,"B102",7622,,,," ",3,"GASOHOL 95",1.45,11.67,13.77,16.95,3.05,20.00,,,,,,,"GLL"
"B","28-10-2019","2019-10-28 00:00:00 -0500",1,99,"B102",7621,,,," ",2,"GASOHOL 90",1.57,10.82,12.77,16.95,3.05,20.00,,,,,,,"GLL"
"B","28-10-2019","2019-10-28 00:00:00 -0500",1,99,"B102",7620,,,," ",2,"GASOHOL 90",1.57,10.82,12.77,16.95,3.05,20.00,,,,,,,"GLL"
"B","28-10-2019","2019-10-28 00:00:00 -0500",1,99,"B102",7619,,,," ",2,"GASOHOL 90",0.78,10.82,12.77,8.47,1.53,10.00,,,,,,,"GLL"
"B","28-10-2019","2019-10-28 00:00:00 -0500",1,99,"B102",7618,,,," ",5,"DIESEL PRO B5",5.05,10.08,11.89,50.85,9.15,60.00,,,,,,,"GLL"
"B","28-10-2019","2019-10-28 00:00:00 -0500",1,99,"B102",7617,,,," ",5,"DIESEL PRO B5",0.42,10.08,11.89,4.24,0.76,5.00,,,,,,,"GLL"
"B","28-10-2019","2019-10-28 00:00:00 -0500",1,99,"B102",7616,,,," ",2,"GASOHOL 90",2.35,10.82,12.77,25.42,4.58,30.00,,,,,,,"GLL"
"B","28-10-2019","2019-10-28 00:00:00 -0500",1,99,"B102",7615,,,," ",5,"DIESEL PRO B5",3.36,10.08,11.89,33.90,6.10,40.00,,,,,,,"GLL"
"B","28-10-2019","2019-10-28 00:00:00 -0500",1,99,"B102",7614,,,," ",3,"GASOHOL 95",3.63,11.67,13.77,42.37,7.63,50.00,,,,,,,"GLL"
"B","28-10-2019","2019-10-28 00:00:00 -0500",1,99,"B102",7613,,,," ",3,"GASOHOL 95",0.73,11.67,13.77,8.47,1.53,10.00,,,,,,,"GLL"
"B","28-10-2019","2019-10-28 00:00:00 -0500",1,99,"B102",7612,,,," ",3,"GASOHOL 95",1.46,11.67,13.77,16.98,3.06,20.04,,,,,,,"GLL"
"B","28-10-2019","2019-10-28 00:00:00 -0500",1,99,"B102",7611,,,," ",5,"DIESEL PRO B5",1.68,10.08,11.89,16.95,3.05,20.00,,,,,,,"GLL"
"B","28-10-2019","2019-10-28 00:00:00 -0500",1,99,"B102",7610,,,," ",2,"GASOHOL 90",0.39,10.82,12.77,4.24,0.76,5.00,,,,,,,"GLL"
"B","28-10-2019","2019-10-28 00:00:00 -0500",1,99,"B102",7609,,,," ",5,"DIESEL PRO B5",2.52,10.08,11.89,25.42,4.58,30.00,,,,,,,"GLL"
"B","28-10-2019","2019-10-28 00:00:00 -0500",1,99,"B102",7608,,,," ",5,"DIESEL PRO B5",2.52,10.08,11.89,25.42,4.58,30.00,,,,,,,"GLL"
"B","28-10-2019","2019-10-28 00:00:00 -0500",1,99,"B102",7607,,,," ",5,"DIESEL PRO B5",2.52,10.08,11.89,25.42,4.58,30.00,,,,,,,"GLL"
"B","28-10-2019","2019-10-28 00:00:00 -0500",1,99,"B102",7606,,,," ",3,"GASOHOL 95",0.73,11.67,13.77,8.47,1.53,10.00,,,,,,,"GLL"
"B","28-10-2019","2019-10-28 00:00:00 -0500",1,99,"B102",7605,,,," ",2,"GASOHOL 90",0.78,10.82,12.77,8.47,1.53,10.00,,,,,,,"GLL"
"B","28-10-2019","2019-10-28 00:00:00 -0500",1,99,"B102",7604,,,," ",2,"GASOHOL 90",1.57,10.82,12.77,16.95,3.05,20.00,,,,,,,"GLL"
"B","28-10-2019","2019-10-28 00:00:00 -0500",1,99,"B102",7603,,,," ",5,"DIESEL PRO B5",2.94,10.08,11.89,29.66,5.34,35.00,,,,,,,"GLL"
"B","28-10-2019","2019-10-28 00:00:00 -0500",1,99,"B102",7602,,,," ",5,"DIESEL PRO B5",0.01,10.08,11.89,0.10,0.02,0.12,,,,,,,"GLL"
"B","28-10-2019","2019-10-28 00:00:00 -0500",1,99,"B102",7601,,,," ",3,"GASOHOL 95",2.91,11.67,13.77,33.90,6.10,40.00,,,,,,,"GLL"
"B","28-10-2019","2019-10-28 00:00:00 -0500",1,99,"B102",7600,,,," ",5,"DIESEL PRO B5",0.84,10.08,11.89,8.47,1.53,10.00,,,,,,,"GLL"
"B","28-10-2019","2019-10-28 00:00:00 -0500",1,99,"B102",7599,,,," ",2,"GASOHOL 90",1.18,10.82,12.77,12.71,2.29,15.00,,,,,,,"GLL"
"B","28-10-2019","2019-10-28 00:00:00 -0500",1,99,"B102",7598,,,," ",2,"GASOHOL 90",0.78,10.82,12.77,8.47,1.53,10.00,,,,,,,"GLL"
"B","28-10-2019","2019-10-28 00:00:00 -0500",1,99,"B102",7597,,,," ",2,"GASOHOL 90",1.57,10.82,12.77,16.95,3.05,20.00,,,,,,,"GLL"
"B","28-10-2019","2019-10-28 00:00:00 -0500",1,99,"B102",7596,,,," ",2,"GASOHOL 90",1.57,10.82,12.77,16.95,3.05,20.00,,,,,,,"GLL"
"B","28-10-2019","2019-10-28 00:00:00 -0500",1,99,"B103",20122,,,," ",7,"GLP",8.62,0.98,1.16,8.47,1.53,10.00,,,,,,,"LTR"
"B","28-10-2019","2019-10-28 00:00:00 -0500",1,99,"B103",20121,,,," ",7,"GLP",12.94,0.98,1.16,12.72,2.29,15.01,,,,,,,"LTR"
"B","28-10-2019","2019-10-28 00:00:00 -0500",1,99,"B103",20120,,,," ",7,"GLP",25.86,0.98,1.16,25.42,4.58,30.00,,,,,,,"LTR"
"B","28-10-2019","2019-10-28 00:00:00 -0500",1,99,"B103",20119,,,," ",7,"GLP",24.41,0.98,1.16,23.99,4.32,28.31,,,,,,,"LTR"
"B","28-10-2019","2019-10-28 00:00:00 -0500",1,99,"B103",20118,,,," ",7,"GLP",28.62,0.98,1.16,28.14,5.06,33.20,,,,,,,"LTR"
"B","28-10-2019","2019-10-28 00:00:00 -0500",1,99,"B103",20117,,,," ",7,"GLP",8.62,0.98,1.16,8.47,1.53,10.00,,,,,,,"LTR"
"B","28-10-2019","2019-10-28 00:00:00 -0500",1,99,"B103",20116,,,," ",7,"GLP",10.35,0.98,1.16,10.17,1.83,12.00,,,,,,,"LTR"
"B","28-10-2019","2019-10-28 00:00:00 -0500",1,99,"B103",20115,,,," ",7,"GLP",9.14,0.98,1.16,8.98,1.62,10.60,,,,,,,"LTR"
"B","28-10-2019","2019-10-28 00:00:00 -0500",1,99,"B103",20114,,,," ",7,"GLP",34.9,0.98,1.16,34.31,6.17,40.48,,,,,,,"LTR"
"B","28-10-2019","2019-10-28 00:00:00 -0500",1,99,"B103",20113,,,," ",7,"GLP",8.62,0.98,1.16,8.47,1.53,10.00,,,,,,,"LTR"
"B","28-10-2019","2019-10-28 00:00:00 -0500",1,99,"B103",20112,,,," ",7,"GLP",8.62,0.98,1.16,8.47,1.53,10.00,,,,,,,"LTR"
"B","28-10-2019","2019-10-28 00:00:00 -0500",1,99,"B103",20111,,,," ",7,"GLP",8.62,0.98,1.16,8.47,1.53,10.00,,,,,,,"LTR"
"B","28-10-2019","2019-10-28 00:00:00 -0500",1,99,"B103",20110,,,," ",7,"GLP",17.24,0.98,1.16,16.95,3.05,20.00,,,,,,,"LTR"
"B","28-10-2019","2019-10-28 00:00:00 -0500",1,99,"B103",20109,,,," ",7,"GLP",8.53,0.98,1.16,8.38,1.51,9.89,,,,,,,"LTR"
"B","28-10-2019","2019-10-28 00:00:00 -0500",1,99,"B103",20108,,,," ",7,"GLP",8.62,0.98,1.16,8.47,1.53,10.00,,,,,,,"LTR"
"B","28-10-2019","2019-10-28 00:00:00 -0500",1,99,"B103",20107,,,," ",7,"GLP",7.76,0.98,1.16,7.63,1.37,9.00,,,,,,,"LTR"
"B","28-10-2019","2019-10-28 00:00:00 -0500",1,99,"B103",20106,,,," ",7,"GLP",6.03,0.98,1.16,5.93,1.07,7.00,,,,,,,"LTR"
"B","28-10-2019","2019-10-28 00:00:00 -0500",1,99,"B103",20105,,,," ",7,"GLP",12.95,0.98,1.16,12.73,2.29,15.02,,,,,,,"LTR"
"B","28-10-2019","2019-10-28 00:00:00 -0500",1,99,"B103",20104,,,," ",7,"GLP",3.76,0.98,1.16,3.69,0.67,4.36,,,,,,,"LTR"
"B","28-10-2019","2019-10-28 00:00:00 -0500",1,99,"B103",20103,,,," ",7,"GLP",14.66,0.98,1.16,14.41,2.59,17.00,,,,,,,"LTR"
"B","28-10-2019","2019-10-28 00:00:00 -0500",1,99,"B103",20102,,,," ",7,"GLP",3.45,0.98,1.16,3.39,0.61,4.00,,,,,,,"LTR"
"B","28-10-2019","2019-10-28 00:00:00 -0500",1,99,"B103",20101,,,," ",7,"GLP",8.62,0.98,1.16,8.47,1.53,10.00,,,,,,,"LTR"
"B","28-10-2019","2019-10-28 00:00:00 -0500",1,99,"B103",20100,,,," ",7,"GLP",19.96,0.98,1.16,19.62,3.53,23.15,,,,,,,"LTR"
"B","28-10-2019","2019-10-28 00:00:00 -0500",1,99,"B103",20099,,,," ",7,"GLP",8.62,0.98,1.16,8.47,1.53,10.00,,,,,,,"LTR"
"B","28-10-2019","2019-10-28 00:00:00 -0500",1,99,"B103",20098,,,," ",7,"GLP",8.62,0.98,1.16,8.47,1.53,10.00,,,,,,,"LTR"
"B","28-10-2019","2019-10-28 00:00:00 -0500",1,99,"B103",20097,,,," ",7,"GLP",14.92,0.98,1.16,14.67,2.64,17.31,,,,,,,"LTR"
"B","28-10-2019","2019-10-28 00:00:00 -0500",1,99,"B103",20096,,,," ",7,"GLP",8.62,0.98,1.16,8.47,1.53,10.00,,,,,,,"LTR"
"B","28-10-2019","2019-10-28 00:00:00 -0500",1,99,"B103",20095,,,," ",7,"GLP",18.71,0.98,1.16,18.39,3.31,21.70,,,,,,,"LTR"
"B","28-10-2019","2019-10-28 00:00:00 -0500",1,99,"B103",20094,,,," ",7,"GLP",11.78,0.98,1.16,11.58,2.09,13.67,,,,,,,"LTR"
"B","28-10-2019","2019-10-28 00:00:00 -0500",1,99,"B103",20093,,,," ",7,"GLP",22.63,0.98,1.16,22.25,4.00,26.25,,,,,,,"LTR"
"B","28-10-2019","2019-10-28 00:00:00 -0500",1,99,"B103",20092,,,," ",7,"GLP",17.24,0.98,1.16,16.95,3.05,20.00,,,,,,,"LTR"
"B","28-10-2019","2019-10-28 00:00:00 -0500",1,99,"B103",20091,,,," ",7,"GLP",12.93,0.98,1.16,12.71,2.29,15.00,,,,,,,"LTR"
"B","28-10-2019","2019-10-28 00:00:00 -0500",1,99,"B103",20090,,,," ",7,"GLP",27.03,0.98,1.16,26.57,4.78,31.35,,,,,,,"LTR"
"B","28-10-2019","2019-10-28 00:00:00 -0500",1,99,"B103",20089,,,," ",7,"GLP",11.62,0.98,1.16,11.42,2.06,13.48,,,,,,,"LTR"
"B","28-10-2019","2019-10-28 00:00:00 -0500",1,99,"B103",20088,,,," ",7,"GLP",8.62,0.98,1.16,8.47,1.53,10.00,,,,,,,"LTR"
"B","28-10-2019","2019-10-28 00:00:00 -0500",1,99,"B103",20087,,,," ",7,"GLP",6.9,0.98,1.16,6.78,1.22,8.00,,,,,,,"LTR"
"B","28-10-2019","2019-10-28 00:00:00 -0500",1,99,"B103",20086,,,," ",7,"GLP",8.62,0.98,1.16,8.47,1.53,10.00,,,,,,,"LTR"
"B","28-10-2019","2019-10-28 00:00:00 -0500",1,99,"B103",20085,,,," ",7,"GLP",18.41,0.98,1.16,18.10,3.26,21.36,,,,,,,"LTR"
"B","28-10-2019","2019-10-28 00:00:00 -0500",1,99,"B103",20084,,,," ",7,"GLP",17.24,0.98,1.16,16.95,3.05,20.00,,,,,,,"LTR"
"B","28-10-2019","2019-10-28 00:00:00 -0500",1,99,"B103",20083,,,," ",7,"GLP",4.31,0.98,1.16,4.24,0.76,5.00,,,,,,,"LTR"
"B","28-10-2019","2019-10-28 00:00:00 -0500",1,99,"B103",20082,,,," ",7,"GLP",17.24,0.98,1.16,16.95,3.05,20.00,,,,,,,"LTR"
"B","28-10-2019","2019-10-28 00:00:00 -0500",1,99,"B103",20081,,,," ",7,"GLP",8.62,0.98,1.16,8.47,1.53,10.00,,,,,,,"LTR"
"B","28-10-2019","2019-10-28 00:00:00 -0500",1,99,"B103",20080,,,," ",7,"GLP",63.79,0.98,1.16,62.71,11.29,74.00,,,,,,,"LTR"
"B","28-10-2019","2019-10-28 00:00:00 -0500",1,99,"B103",20079,,,," ",7,"GLP",17.24,0.98,1.16,16.95,3.05,20.00,,,,,,,"LTR"
"B","28-10-2019","2019-10-28 00:00:00 -0500",1,99,"B103",20078,,,," ",7,"GLP",18.97,0.98,1.16,18.64,3.36,22.00,,,,,,,"LTR"
"B","28-10-2019","2019-10-28 00:00:00 -0500",1,99,"B103",20077,,,," ",7,"GLP",10.34,0.98,1.16,10.16,1.83,11.99,,,,,,,"LTR"
"B","28-10-2019","2019-10-28 00:00:00 -0500",1,99,"B103",20076,,,," ",7,"GLP",5.17,0.98,1.16,5.08,0.92,6.00,,,,,,,"LTR"
"B","28-10-2019","2019-10-28 00:00:00 -0500",1,99,"B103",20075,,,," ",7,"GLP",31.23,0.98,1.16,30.70,5.53,36.23,,,,,,,"LTR"
"B","28-10-2019","2019-10-28 00:00:00 -0500",1,99,"B103",20074,,,," ",7,"GLP",21.51,0.98,1.16,21.14,3.81,24.95,,,,,,,"LTR"
"B","28-10-2019","2019-10-28 00:00:00 -0500",1,99,"B103",20073,,,," ",7,"GLP",10.35,0.98,1.16,10.17,1.83,12.00,,,,,,,"LTR"
"B","28-10-2019","2019-10-28 00:00:00 -0500",1,99,"B103",20072,,,," ",7,"GLP",7.84,0.98,1.16,7.70,1.39,9.09,,,,,,,"LTR"
"B","28-10-2019","2019-10-28 00:00:00 -0500",1,99,"B103",20071,,,," ",7,"GLP",17.24,0.98,1.16,16.95,3.05,20.00,,,,,,,"LTR"
"B","28-10-2019","2019-10-28 00:00:00 -0500",1,99,"B103",20070,,,," ",7,"GLP",17.24,0.98,1.16,16.95,3.05,20.00,,,,,,,"LTR"
"B","28-10-2019","2019-10-28 00:00:00 -0500",1,99,"B103",20069,,,," ",7,"GLP",17.95,0.98,1.16,17.64,3.18,20.82,,,,,,,"LTR"
"B","28-10-2019","2019-10-28 00:00:00 -0500",1,99,"B103",20068,,,," ",7,"GLP",0.02,0.98,1.16,0.02,0.00,0.02,,,,,,,"LTR"
"B","28-10-2019","2019-10-28 00:00:00 -0500",1,99,"B103",20067,,,," ",7,"GLP",8.62,0.98,1.16,8.47,1.53,10.00,,,,,,,"LTR"
"B","28-10-2019","2019-10-28 00:00:00 -0500",1,99,"B103",20066,,,," ",7,"GLP",6.9,0.98,1.16,6.78,1.22,8.00,,,,,,,"LTR"
"B","28-10-2019","2019-10-28 00:00:00 -0500",1,99,"B103",20065,,,," ",7,"GLP",21.12,0.98,1.16,20.76,3.74,24.50,,,,,,,"LTR"
"B","28-10-2019","2019-10-28 00:00:00 -0500",1,99,"B103",20064,,,," ",7,"GLP",12.93,0.98,1.16,12.71,2.29,15.00,,,,,,,"LTR"
"B","28-10-2019","2019-10-28 00:00:00 -0500",1,99,"B103",20063,,,," ",7,"GLP",17.9,0.98,1.16,17.59,3.17,20.76,,,,,,,"LTR"
"B","28-10-2019","2019-10-28 00:00:00 -0500",1,99,"B103",20062,,,," ",7,"GLP",38.79,0.98,1.16,38.14,6.86,45.00,,,,,,,"LTR"
"B","28-10-2019","2019-10-28 00:00:00 -0500",1,99,"B103",20061,,,," ",7,"GLP",8.62,0.98,1.16,8.47,1.53,10.00,,,,,,,"LTR"
"B","28-10-2019","2019-10-28 00:00:00 -0500",1,99,"B103",20060,,,," ",7,"GLP",27.66,0.98,1.16,27.19,4.89,32.08,,,,,,,"LTR"
"B","28-10-2019","2019-10-28 00:00:00 -0500",1,99,"B103",20059,,,," ",7,"GLP",6.97,0.98,1.16,6.85,1.23,8.08,,,,,,,"LTR"
"B","28-10-2019","2019-10-28 00:00:00 -0500",1,99,"B103",20058,,,," ",7,"GLP",33.31,0.98,1.16,32.75,5.89,38.64,,,,,,,"LTR"
"B","28-10-2019","2019-10-28 00:00:00 -0500",1,99,"B103",20057,,,," ",7,"GLP",22.24,0.98,1.16,21.86,3.94,25.80,,,,,,,"LTR"
"B","28-10-2019","2019-10-28 00:00:00 -0500",1,99,"B103",20056,,,," ",7,"GLP",31.22,0.98,1.16,30.69,5.53,36.22,,,,,,,"LTR"
"B","28-10-2019","2019-10-28 00:00:00 -0500",1,99,"B103",20055,,,," ",7,"GLP",17.24,0.98,1.16,16.95,3.05,20.00,,,,,,,"LTR"
"B","28-10-2019","2019-10-28 00:00:00 -0500",1,99,"B103",20054,,,," ",7,"GLP",9.48,0.98,1.16,9.32,1.68,11.00,,,,,,,"LTR"
"B","28-10-2019","2019-10-28 00:00:00 -0500",1,99,"B103",20053,,,," ",7,"GLP",12.93,0.98,1.16,12.71,2.29,15.00,,,,,,,"LTR"
"B","28-10-2019","2019-10-28 00:00:00 -0500",1,99,"B103",20052,,,," ",7,"GLP",11.21,0.98,1.16,11.02,1.98,13.00,,,,,,,"LTR"
"B","28-10-2019","2019-10-28 00:00:00 -0500",1,99,"B103",20051,,,," ",7,"GLP",11.21,0.98,1.16,11.02,1.98,13.00,,,,,,,"LTR"
"B","28-10-2019","2019-10-28 00:00:00 -0500",1,99,"B103",20050,,,," ",7,"GLP",5.98,0.98,1.16,5.88,1.06,6.94,,,,,,,"LTR"
"B","28-10-2019","2019-10-28 00:00:00 -0500",1,99,"B103",20049,,,," ",7,"GLP",6.45,0.98,1.16,6.34,1.14,7.48,,,,,,,"LTR"
"B","28-10-2019","2019-10-28 00:00:00 -0500",1,99,"B103",20048,,,," ",7,"GLP",8.62,0.98,1.16,8.47,1.53,10.00,,,,,,,"LTR"
"B","28-10-2019","2019-10-28 00:00:00 -0500",1,99,"B103",20047,,,," ",7,"GLP",8.62,0.98,1.16,8.47,1.53,10.00,,,,,,,"LTR"
"B","28-10-2019","2019-10-28 00:00:00 -0500",1,99,"B103",20046,,,," ",7,"GLP",17.24,0.98,1.16,16.95,3.05,20.00,,,,,,,"LTR"
"B","28-10-2019","2019-10-28 00:00:00 -0500",1,99,"B103",20045,,,," ",7,"GLP",17.24,0.98,1.16,16.95,3.05,20.00,,,,,,,"LTR"
"B","28-10-2019","2019-10-28 00:00:00 -0500",1,99,"B103",20044,,,," ",7,"GLP",11.19,0.98,1.16,11.00,1.98,12.98,,,,,,,"LTR"
"B","28-10-2019","2019-10-28 00:00:00 -0500",1,99,"B103",20043,,,," ",7,"GLP",15.52,0.98,1.16,15.25,2.75,18.00,,,,,,,"LTR"
"B","28-10-2019","2019-10-28 00:00:00 -0500",1,99,"B103",20042,,,," ",7,"GLP",8.62,0.98,1.16,8.47,1.53,10.00,,,,,,,"LTR"
"B","28-10-2019","2019-10-28 00:00:00 -0500",1,99,"B103",20041,,,," ",7,"GLP",25.86,0.98,1.16,25.42,4.58,30.00,,,,,,,"LTR"
"B","28-10-2019","2019-10-28 00:00:00 -0500",1,99,"B103",20040,,,," ",7,"GLP",37.67,0.98,1.16,37.03,6.67,43.70,,,,,,,"LTR"
"B","28-10-2019","2019-10-28 00:00:00 -0500",1,99,"B103",20039,,,," ",7,"GLP",17.24,0.98,1.16,16.95,3.05,20.00,,,,,,,"LTR"
"B","28-10-2019","2019-10-28 00:00:00 -0500",1,99,"B103",20038,,,," ",7,"GLP",12.93,0.98,1.16,12.71,2.29,15.00,,,,,,,"LTR"
"B","28-10-2019","2019-10-28 00:00:00 -0500",1,99,"B103",20037,,,," ",7,"GLP",8.62,0.98,1.16,8.47,1.53,10.00,,,,,,,"LTR"
"B","28-10-2019","2019-10-28 00:00:00 -0500",1,99,"B103",20036,,,," ",7,"GLP",8.62,0.98,1.16,8.47,1.53,10.00,,,,,,,"LTR"
"B","28-10-2019","2019-10-28 00:00:00 -0500",1,99,"B103",20035,,,," ",7,"GLP",6.9,0.98,1.16,6.78,1.22,8.00,,,,,,,"LTR"
"B","28-10-2019","2019-10-28 00:00:00 -0500",1,99,"B103",20034,,,," ",7,"GLP",17.24,0.98,1.16,16.95,3.05,20.00,,,,,,,"LTR"
"B","28-10-2019","2019-10-28 00:00:00 -0500",1,99,"B103",20033,,,," ",7,"GLP",53.71,0.98,1.16,52.80,9.50,62.30,,,,,,,"LTR"
"B","28-10-2019","2019-10-28 00:00:00 -0500",1,99,"B103",20032,,,," ",7,"GLP",17.24,0.98,1.16,16.95,3.05,20.00,,,,,,,"LTR"
"B","28-10-2019","2019-10-28 00:00:00 -0500",1,99,"B103",20031,,,," ",7,"GLP",8.62,0.98,1.16,8.47,1.53,10.00,,,,,,,"LTR"
"B","28-10-2019","2019-10-28 00:00:00 -0500",1,99,"B103",20030,,,," ",7,"GLP",5.17,0.98,1.16,5.08,0.92,6.00,,,,,,,"LTR"
"B","28-10-2019","2019-10-28 00:00:00 -0500",1,99,"B103",20029,,,," ",7,"GLP",8.62,0.98,1.16,8.47,1.53,10.00,,,,,,,"LTR"
"B","28-10-2019","2019-10-28 00:00:00 -0500",1,99,"B103",20028,,,," ",7,"GLP",22.41,0.98,1.16,22.03,3.97,26.00,,,,,,,"LTR"
"B","28-10-2019","2019-10-28 00:00:00 -0500",1,99,"B103",20027,,,," ",7,"GLP",15.87,0.98,1.16,15.60,2.81,18.41,,,,,,,"LTR"
"B","28-10-2019","2019-10-28 00:00:00 -0500",1,99,"B103",20026,,,," ",7,"GLP",6.03,0.98,1.16,5.93,1.07,7.00,,,,,,,"LTR"
"B","28-10-2019","2019-10-28 00:00:00 -0500",1,99,"B103",20025,,,," ",7,"GLP",17.24,0.98,1.16,16.95,3.05,20.00,,,,,,,"LTR"
"B","28-10-2019","2019-10-28 00:00:00 -0500",1,99,"B103",20024,,,," ",7,"GLP",10.35,0.98,1.16,10.17,1.83,12.00,,,,,,,"LTR"
"B","28-10-2019","2019-10-28 00:00:00 -0500",1,99,"B103",20023,,,," ",7,"GLP",4.31,0.98,1.16,4.24,0.76,5.00,,,,,,,"LTR"
"B","28-10-2019","2019-10-28 00:00:00 -0500",1,99,"B103",20022,,,," ",7,"GLP",9.89,0.98,1.16,9.72,1.75,11.47,,,,,,,"LTR"
"B","28-10-2019","2019-10-28 00:00:00 -0500",1,99,"B103",20021,,,," ",7,"GLP",17.24,0.98,1.16,16.95,3.05,20.00,,,,,,,"LTR"
"B","28-10-2019","2019-10-28 00:00:00 -0500",1,99,"B103",20020,,,," ",7,"GLP",17.24,0.98,1.16,16.95,3.05,20.00,,,,,,,"LTR"
"B","28-10-2019","2019-10-28 00:00:00 -0500",1,99,"B103",20019,,,," ",7,"GLP",4.31,0.98,1.16,4.24,0.76,5.00,,,,,,,"LTR"
"B","28-10-2019","2019-10-28 00:00:00 -0500",1,99,"B103",20018,,,," ",7,"GLP",39.55,0.98,1.16,38.88,7.00,45.88,,,,,,,"LTR"
"B","28-10-2019","2019-10-28 00:00:00 -0500",1,99,"B103",20017,,,," ",7,"GLP",21.53,0.98,1.16,21.17,3.81,24.98,,,,,,,"LTR"
"B","28-10-2019","2019-10-28 00:00:00 -0500",1,99,"B103",20016,,,," ",7,"GLP",16.4,0.98,1.16,16.12,2.90,19.02,,,,,,,"LTR"
"B","28-10-2019","2019-10-28 00:00:00 -0500",1,99,"B103",20015,,,," ",7,"GLP",10.35,0.98,1.16,10.17,1.83,12.00,,,,,,,"LTR"
"B","28-10-2019","2019-10-28 00:00:00 -0500",1,99,"B103",20014,,,," ",7,"GLP",22.84,0.98,1.16,22.45,4.04,26.49,,,,,,,"LTR"
"B","28-10-2019","2019-10-28 00:00:00 -0500",1,99,"B103",20013,,,," ",7,"GLP",17.24,0.98,1.16,16.95,3.05,20.00,,,,,,,"LTR"
"B","28-10-2019","2019-10-28 00:00:00 -0500",1,99,"B103",20012,,,," ",7,"GLP",25.86,0.98,1.16,25.42,4.58,30.00,,,,,,,"LTR"
"B","28-10-2019","2019-10-28 00:00:00 -0500",1,99,"B103",20011,,,," ",7,"GLP",17.24,0.98,1.16,16.95,3.05,20.00,,,,,,,"LTR"
"B","28-10-2019","2019-10-28 00:00:00 -0500",1,99,"B103",20010,,,," ",7,"GLP",8.62,0.98,1.16,8.47,1.53,10.00,,,,,,,"LTR"
"B","28-10-2019","2019-10-28 00:00:00 -0500",1,99,"B103",20009,,,," ",7,"GLP",5.75,0.98,1.16,5.65,1.02,6.67,,,,,,,"LTR"
"B","28-10-2019","2019-10-28 00:00:00 -0500",1,99,"B103",20008,,,," ",7,"GLP",25.86,0.98,1.16,25.42,4.58,30.00,,,,,,,"LTR"
"B","28-10-2019","2019-10-28 00:00:00 -0500",1,99,"B103",20007,,,," ",7,"GLP",17.24,0.98,1.16,16.95,3.05,20.00,,,,,,,"LTR"
"B","28-10-2019","2019-10-28 00:00:00 -0500",1,99,"B103",20006,,,," ",7,"GLP",37.07,0.98,1.16,36.44,6.56,43.00,,,,,,,"LTR"
"B","28-10-2019","2019-10-28 00:00:00 -0500",1,99,"B103",20005,,,," ",7,"GLP",17.24,0.98,1.16,16.95,3.05,20.00,,,,,,,"LTR"
"B","28-10-2019","2019-10-28 00:00:00 -0500",1,99,"B103",20004,,,," ",7,"GLP",10.47,0.98,1.16,10.30,1.85,12.15,,,,,,,"LTR"
"B","28-10-2019","2019-10-28 00:00:00 -0500",1,99,"B103",20003,,,," ",7,"GLP",17.47,0.98,1.16,17.18,3.09,20.27,,,,,,,"LTR"
"B","28-10-2019","2019-10-28 00:00:00 -0500",1,99,"B103",20002,,,," ",7,"GLP",35.46,0.98,1.16,34.86,6.27,41.13,,,,,,,"LTR"
"B","28-10-2019","2019-10-28 00:00:00 -0500",1,99,"B103",20001,,,," ",7,"GLP",13.24,0.98,1.16,13.02,2.34,15.36,,,,,,,"LTR"
"B","28-10-2019","2019-10-28 00:00:00 -0500",1,99,"B103",20000,,,," ",7,"GLP",21.56,0.98,1.16,21.19,3.82,25.01,,,,,,,"LTR"
"B","28-10-2019","2019-10-28 00:00:00 -0500",1,99,"B103",19999,,,," ",7,"GLP",13.78,0.98,1.16,13.55,2.44,15.99,,,,,,,"LTR"
"B","28-10-2019","2019-10-28 00:00:00 -0500",1,99,"B103",19998,,,," ",7,"GLP",8.62,0.98,1.16,8.47,1.53,10.00,,,,,,,"LTR"
"B","28-10-2019","2019-10-28 00:00:00 -0500",1,99,"B103",19997,,,," ",7,"GLP",17.24,0.98,1.16,16.95,3.05,20.00,,,,,,,"LTR"
"B","28-10-2019","2019-10-28 00:00:00 -0500",1,99,"B103",19996,,,," ",7,"GLP",29.74,0.98,1.16,29.24,5.26,34.50,,,,,,,"LTR"
"B","28-10-2019","2019-10-28 00:00:00 -0500",1,99,"B103",19995,,,," ",7,"GLP",8.62,0.98,1.16,8.47,1.53,10.00,,,,,,,"LTR"
"B","28-10-2019","2019-10-28 00:00:00 -0500",1,99,"B103",19994,,,," ",7,"GLP",6.03,0.98,1.16,5.93,1.07,7.00,,,,,,,"LTR"
"B","28-10-2019","2019-10-28 00:00:00 -0500",1,99,"B103",19993,,,," ",7,"GLP",12.93,0.98,1.16,12.71,2.29,15.00,,,,,,,"LTR"
"B","28-10-2019","2019-10-28 00:00:00 -0500",1,99,"B103",19992,,,," ",7,"GLP",3.45,0.98,1.16,3.39,0.61,4.00,,,,,,,"LTR"
"B","28-10-2019","2019-10-28 00:00:00 -0500",1,99,"B103",19991,,,," ",7,"GLP",8.62,0.98,1.16,8.47,1.53,10.00,,,,,,,"LTR"
"B","27-10-2019","2019-10-27 00:00:00 -0500",1,99,"B001",27819,,,," ",5,"DieselPro B5 S50 UV",2.11,10.03,11.84,21.19,3.81,25.00,,,,,,,"GLL"
"B","27-10-2019","2019-10-27 00:00:00 -0500",1,99,"B001",27818,,,," ",5,"DieselPro B5 S50 UV",6.76,10.03,11.84,67.80,12.20,80.00,,,,,,,"GLL"
"B","27-10-2019","2019-10-27 00:00:00 -0500",1,99,"B001",27817,,,," ",5,"DieselPro B5 S50 UV",25.34,10.03,11.84,254.24,45.76,300.00,,,,,,,"GLL"
"B","27-10-2019","2019-10-27 00:00:00 -0500",1,99,"B001",27816,,,," ",5,"DieselPro B5 S50 UV",5.49,10.03,11.84,55.08,9.92,65.00,,,,,,,"GLL"
"B","27-10-2019","2019-10-27 00:00:00 -0500",1,99,"B001",27815,,,," ",5,"DieselPro B5 S50 UV",18.37,10.03,11.84,184.36,33.19,217.55,,,,,,,"GLL"
"B","27-10-2019","2019-10-27 00:00:00 -0500",1,99,"B001",27814,,,," ",2,"Gasohol 90",1,10.75,12.69,10.75,1.94,12.69,,,,,,,"GLL"
"B","27-10-2019","2019-10-27 00:00:00 -0500",1,99,"B001",27813,,,," ",4,"Gasohol 98",0.65,13.13,15.49,8.47,1.53,10.00,,,,,,,"GLL"
"B","27-10-2019","2019-10-27 00:00:00 -0500",1,99,"B001",27812,,,," ",5,"DieselPro B5 S50 UV",0.13,10.03,11.84,1.33,0.24,1.57,,,,,,,"GLL"
"B","27-10-2019","2019-10-27 00:00:00 -0500",1,99,"B001",27811,,,," ",5,"DieselPro B5 S50 UV",0.85,10.03,11.84,8.47,1.53,10.00,,,,,,,"GLL"
"B","27-10-2019","2019-10-27 00:00:00 -0500",1,99,"B001",27810,,,," ",5,"DieselPro B5 S50 UV",5.15,10.03,11.84,51.69,9.31,61.00,,,,,,,"GLL"
"B","27-10-2019","2019-10-27 00:00:00 -0500",1,99,"B001",27809,,,," ",5,"DieselPro B5 S50 UV",5.95,10.03,11.84,59.65,10.74,70.39,,,,,,,"GLL"
"B","27-10-2019","2019-10-27 00:00:00 -0500",1,99,"B001",27808,,,," ",5,"DieselPro B5 S50 UV",8.73,10.03,11.84,87.62,15.77,103.39,,,,,,,"GLL"
"B","27-10-2019","2019-10-27 00:00:00 -0500",1,99,"B001",27807,,,," ",5,"DieselPro B5 S50 UV",10.47,10.03,11.84,105.08,18.92,124.00,,,,,,,"GLL"
"B","27-10-2019","2019-10-27 00:00:00 -0500",1,99,"B001",27806,,,," ",5,"DieselPro B5 S50 UV",9.29,10.03,11.84,93.22,16.78,110.00,,,,,,,"GLL"
"B","27-10-2019","2019-10-27 00:00:00 -0500",1,99,"B001",27805,,,," ",5,"DieselPro B5 S50 UV",1.95,10.03,11.84,19.52,3.51,23.03,,,,,,,"GLL"
"B","27-10-2019","2019-10-27 00:00:00 -0500",1,99,"B001",27804,,,," ",5,"DieselPro B5 S50 UV",4.65,10.03,11.84,46.61,8.39,55.00,,,,,,,"GLL"
"B","27-10-2019","2019-10-27 00:00:00 -0500",1,99,"B001",27803,,,," ",5,"DieselPro B5 S50 UV",6.59,10.03,11.84,66.10,11.90,78.00,,,,,,,"GLL"
"B","27-10-2019","2019-10-27 00:00:00 -0500",1,99,"B001",27802,,,," ",5,"DieselPro B5 S50 UV",14.36,10.03,11.84,144.07,25.93,170.00,,,,,,,"GLL"
"B","27-10-2019","2019-10-27 00:00:00 -0500",1,99,"B001",27801,,,," ",5,"DieselPro B5 S50 UV",4,10.03,11.84,40.14,7.22,47.36,,,,,,,"GLL"
"B","27-10-2019","2019-10-27 00:00:00 -0500",1,99,"B001",27800,,,," ",5,"DieselPro B5 S50 UV",8.45,10.03,11.84,84.81,15.26,100.07,,,,,,,"GLL"
"B","27-10-2019","2019-10-27 00:00:00 -0500",1,99,"B001",27799,,,," ",5,"DieselPro B5 S50 UV",2,10.03,11.84,20.07,3.61,23.68,,,,,,,"GLL"
"B","27-10-2019","2019-10-27 00:00:00 -0500",1,99,"B001",27798,,,," ",2,"Gasohol 90",5.95,10.75,12.69,63.96,11.51,75.47,,,,,,,"GLL"
"B","27-10-2019","2019-10-27 00:00:00 -0500",1,99,"B001",27797,,,," ",4,"Gasohol 98",2.58,13.13,15.49,33.90,6.10,40.00,,,,,,,"GLL"
"B","27-10-2019","2019-10-27 00:00:00 -0500",1,99,"B001",27796,,,," ",2,"Gasohol 90",0.79,10.75,12.69,8.47,1.53,10.00,,,,,,,"GLL"
"B","27-10-2019","2019-10-27 00:00:00 -0500",1,99,"B001",27795,,,," ",5,"DieselPro B5 S50 UV",5.07,10.03,11.84,50.85,9.15,60.00,,,,,,,"GLL"
"B","27-10-2019","2019-10-27 00:00:00 -0500",1,99,"B001",27794,,,," ",5,"DieselPro B5 S50 UV",6.08,10.03,11.84,61.02,10.98,72.00,,,,,,,"GLL"
"B","27-10-2019","2019-10-27 00:00:00 -0500",1,99,"B001",27793,,,," ",5,"DieselPro B5 S50 UV",16.05,10.03,11.84,161.02,28.98,190.00,,,,,,,"GLL"
"B","27-10-2019","2019-10-27 00:00:00 -0500",1,99,"B001",27792,,,," ",5,"DieselPro B5 S50 UV",3.38,10.03,11.84,33.90,6.10,40.00,,,,,,,"GLL"
"B","27-10-2019","2019-10-27 00:00:00 -0500",1,99,"B001",27791,,,," ",4,"Gasohol 98",0.97,13.13,15.49,12.71,2.29,15.00,,,,,,,"GLL"
"B","27-10-2019","2019-10-27 00:00:00 -0500",1,99,"B001",27790,,,," ",5,"DieselPro B5 S50 UV",14.92,10.03,11.84,149.73,26.95,176.68,,,,,,,"GLL"
"B","27-10-2019","2019-10-27 00:00:00 -0500",1,99,"B001",27789,,,," ",5,"DieselPro B5 S50 UV",5.07,10.03,11.84,50.85,9.15,60.00,,,,,,,"GLL"
"B","27-10-2019","2019-10-27 00:00:00 -0500",1,99,"B001",27788,,,," ",2,"Gasohol 90",2,10.75,12.69,21.51,3.87,25.38,,,,,,,"GLL"
"B","27-10-2019","2019-10-27 00:00:00 -0500",1,99,"B001",27787,,,," ",5,"DieselPro B5 S50 UV",3.38,10.03,11.84,33.90,6.10,40.00,,,,,,,"GLL"
"B","27-10-2019","2019-10-27 00:00:00 -0500",1,99,"B001",27786,,,," ",5,"DieselPro B5 S50 UV",11.4,10.03,11.84,114.42,20.59,135.01,,,,,,,"GLL"
"B","27-10-2019","2019-10-27 00:00:00 -0500",1,99,"B001",27785,,,," ",5,"DieselPro B5 S50 UV",4.65,10.03,11.84,46.61,8.39,55.00,,,,,,,"GLL"
"B","27-10-2019","2019-10-27 00:00:00 -0500",1,99,"B001",27784,,,," ",4,"Gasohol 98",0.26,13.13,15.49,3.39,0.61,4.00,,,,,,,"GLL"
"B","27-10-2019","2019-10-27 00:00:00 -0500",1,99,"B001",27783,,,," ",5,"DieselPro B5 S50 UV",1.69,10.03,11.84,16.95,3.05,20.00,,,,,,,"GLL"
"B","27-10-2019","2019-10-27 00:00:00 -0500",1,99,"B001",27782,,,," ",5,"DieselPro B5 S50 UV",0.85,10.03,11.84,8.47,1.53,10.00,,,,,,,"GLL"
"B","27-10-2019","2019-10-27 00:00:00 -0500",1,99,"B001",27781,,,," ",2,"Gasohol 90",0.43,10.75,12.69,4.59,0.83,5.42,,,,,,,"GLL"
"B","27-10-2019","2019-10-27 00:00:00 -0500",1,99,"B001",27780,,,," ",2,"Gasohol 90",0.47,10.75,12.69,5.08,0.92,6.00,,,,,,,"GLL"
"B","27-10-2019","2019-10-27 00:00:00 -0500",1,99,"B001",27779,,,," ",5,"DieselPro B5 S50 UV",9.54,10.03,11.84,95.76,17.24,113.00,,,,,,,"GLL"
"B","27-10-2019","2019-10-27 00:00:00 -0500",1,99,"B001",27778,,,," ",5,"DieselPro B5 S50 UV",7.86,10.03,11.84,78.81,14.19,93.00,,,,,,,"GLL"
"B","27-10-2019","2019-10-27 00:00:00 -0500",1,99,"B001",27777,,,," ",5,"DieselPro B5 S50 UV",8.78,10.03,11.84,88.14,15.86,104.00,,,,,,,"GLL"
"B","27-10-2019","2019-10-27 00:00:00 -0500",1,99,"B001",27776,,,," ",2,"Gasohol 90",3.95,10.75,12.69,42.42,7.64,50.06,,,,,,,"GLL"
"B","27-10-2019","2019-10-27 00:00:00 -0500",1,99,"B001",27775,,,," ",2,"Gasohol 90",0.79,10.75,12.69,8.47,1.53,10.00,,,,,,,"GLL"
"B","27-10-2019","2019-10-27 00:00:00 -0500",1,99,"B001",27774,,,," ",2,"Gasohol 90",1,10.75,12.69,10.75,1.94,12.69,,,,,,,"GLL"
"B","27-10-2019","2019-10-27 00:00:00 -0500",1,99,"B001",27773,,,," ",2,"Gasohol 90",1.58,10.75,12.69,16.95,3.05,20.00,,,,,,,"GLL"
"B","27-10-2019","2019-10-27 00:00:00 -0500",1,99,"B001",27772,,,," ",2,"Gasohol 90",0.55,10.75,12.69,5.93,1.07,7.00,,,,,,,"GLL"
"B","27-10-2019","2019-10-27 00:00:00 -0500",1,99,"B001",27771,,,," ",5,"DieselPro B5 S50 UV",0.85,10.03,11.84,8.47,1.53,10.00,,,,,,,"GLL"
"B","27-10-2019","2019-10-27 00:00:00 -0500",1,99,"B001",27770,,,," ",5,"DieselPro B5 S50 UV",6.76,10.03,11.84,67.80,12.20,80.00,,,,,,,"GLL"
"B","27-10-2019","2019-10-27 00:00:00 -0500",1,99,"B001",27769,,,," ",5,"DieselPro B5 S50 UV",0.85,10.03,11.84,8.47,1.53,10.00,,,,,,,"GLL"
"B","27-10-2019","2019-10-27 00:00:00 -0500",1,99,"B001",27768,,,," ",2,"Gasohol 90",1.58,10.75,12.69,16.95,3.05,20.00,,,,,,,"GLL"
"B","27-10-2019","2019-10-27 00:00:00 -0500",1,99,"B001",27767,,,," ",5,"DieselPro B5 S50 UV",1.69,10.03,11.84,16.95,3.05,20.00,,,,,,,"GLL"
"B","27-10-2019","2019-10-27 00:00:00 -0500",1,99,"B001",27766,,,," ",2,"Gasohol 90",1.58,10.75,12.69,16.95,3.05,20.00,,,,,,,"GLL"
"B","27-10-2019","2019-10-27 00:00:00 -0500",1,99,"B001",27765,,,," ",2,"Gasohol 90",1.58,10.75,12.69,16.95,3.05,20.00,,,,,,,"GLL"
"B","27-10-2019","2019-10-27 00:00:00 -0500",1,99,"B001",27764,,,," ",2,"Gasohol 90",0.47,10.75,12.69,5.08,0.92,6.00,,,,,,,"GLL"
"B","27-10-2019","2019-10-27 00:00:00 -0500",1,99,"B001",27763,,,," ",2,"Gasohol 90",0.24,10.75,12.69,2.54,0.46,3.00,,,,,,,"GLL"
"B","27-10-2019","2019-10-27 00:00:00 -0500",1,99,"B001",27762,,,," ",2,"Gasohol 90",1.18,10.75,12.69,12.71,2.29,15.00,,,,,,,"GLL"
"B","27-10-2019","2019-10-27 00:00:00 -0500",1,99,"B001",27761,,,," ",5,"DieselPro B5 S50 UV",0.85,10.03,11.84,8.47,1.53,10.00,,,,,,,"GLL"
"B","27-10-2019","2019-10-27 00:00:00 -0500",1,99,"B001",27760,,,," ",5,"DieselPro B5 S50 UV",8.45,10.03,11.84,84.75,15.25,100.00,,,,,,,"GLL"
"B","27-10-2019","2019-10-27 00:00:00 -0500",1,99,"B001",27759,,,," ",2,"Gasohol 90",0.24,10.75,12.69,2.54,0.46,3.00,,,,,,,"GLL"
"B","27-10-2019","2019-10-27 00:00:00 -0500",1,99,"B001",27758,,,," ",5,"DieselPro B5 S50 UV",2.53,10.03,11.84,25.42,4.58,30.00,,,,,,,"GLL"
"B","27-10-2019","2019-10-27 00:00:00 -0500",1,99,"B001",27757,,,," ",2,"Gasohol 90",3.94,10.75,12.69,42.37,7.63,50.00,,,,,,,"GLL"
"B","27-10-2019","2019-10-27 00:00:00 -0500",1,99,"B001",27756,,,," ",2,"Gasohol 90",2.36,10.75,12.69,25.42,4.58,30.00,,,,,,,"GLL"
"B","27-10-2019","2019-10-27 00:00:00 -0500",1,99,"B001",27755,,,," ",5,"DieselPro B5 S50 UV",3.03,10.03,11.84,30.42,5.47,35.89,,,,,,,"GLL"
"B","27-10-2019","2019-10-27 00:00:00 -0500",1,99,"B001",27754,,,," ",4,"Gasohol 98",1.94,13.13,15.49,25.42,4.58,30.00,,,,,,,"GLL"
"B","27-10-2019","2019-10-27 00:00:00 -0500",1,99,"B001",27753,,,," ",2,"Gasohol 90",0.79,10.75,12.69,8.47,1.53,10.00,,,,,,,"GLL"
"B","27-10-2019","2019-10-27 00:00:00 -0500",1,99,"B001",27752,,,," ",4,"Gasohol 98",8.08,13.13,15.49,106.11,19.10,125.21,,,,,,,"GLL"
"B","27-10-2019","2019-10-27 00:00:00 -0500",1,99,"B001",27751,,,," ",5,"DieselPro B5 S50 UV",2.53,10.03,11.84,25.40,4.57,29.97,,,,,,,"GLL"
"B","27-10-2019","2019-10-27 00:00:00 -0500",1,99,"B001",27750,,,," ",2,"Gasohol 90",0.79,10.75,12.69,8.47,1.53,10.00,,,,,,,"GLL"
"B","27-10-2019","2019-10-27 00:00:00 -0500",1,99,"B001",27749,,,," ",2,"Gasohol 90",0.47,10.75,12.69,5.08,0.92,6.00,,,,,,,"GLL"
"B","27-10-2019","2019-10-27 00:00:00 -0500",1,99,"B001",27748,,,," ",2,"Gasohol 90",0.24,10.75,12.69,2.54,0.46,3.00,,,,,,,"GLL"
"B","27-10-2019","2019-10-27 00:00:00 -0500",1,99,"B001",27747,,,," ",5,"DieselPro B5 S50 UV",2.53,10.03,11.84,25.42,4.58,30.00,,,,,,,"GLL"
"B","27-10-2019","2019-10-27 00:00:00 -0500",1,99,"B001",27746,,,," ",2,"Gasohol 90",1.58,10.75,12.69,16.95,3.05,20.00,,,,,,,"GLL"
"B","27-10-2019","2019-10-27 00:00:00 -0500",1,99,"B001",27745,,,," ",2,"Gasohol 90",0.79,10.75,12.69,8.47,1.53,10.00,,,,,,,"GLL"
"B","27-10-2019","2019-10-27 00:00:00 -0500",1,99,"B001",27744,,,," ",5,"DieselPro B5 S50 UV",11.61,10.03,11.84,116.53,20.97,137.50,,,,,,,"GLL"
"B","27-10-2019","2019-10-27 00:00:00 -0500",1,99,"B001",27743,,,," ",5,"DieselPro B5 S50 UV",1.69,10.03,11.84,16.95,3.05,20.00,,,,,,,"GLL"
"B","27-10-2019","2019-10-27 00:00:00 -0500",1,99,"B001",27742,,,," ",5,"DieselPro B5 S50 UV",5.07,10.03,11.84,50.85,9.15,60.00,,,,,,,"GLL"
"B","27-10-2019","2019-10-27 00:00:00 -0500",1,99,"B001",27741,,,," ",5,"DieselPro B5 S50 UV",1.27,10.03,11.84,12.71,2.29,15.00,,,,,,,"GLL"
"B","27-10-2019","2019-10-27 00:00:00 -0500",1,99,"B001",27740,,,," ",2,"Gasohol 90",1.58,10.75,12.69,16.95,3.05,20.00,,,,,,,"GLL"
"B","27-10-2019","2019-10-27 00:00:00 -0500",1,99,"B001",27739,,,," ",5,"DieselPro B5 S50 UV",1.69,10.03,11.84,16.95,3.05,20.00,,,,,,,"GLL"
"B","27-10-2019","2019-10-27 00:00:00 -0500",1,99,"B001",27738,,,," ",5,"DieselPro B5 S50 UV",0.85,10.03,11.84,8.47,1.53,10.00,,,,,,,"GLL"
"B","27-10-2019","2019-10-27 00:00:00 -0500",1,99,"B001",27737,,,," ",5,"DieselPro B5 S50 UV",4.65,10.03,11.84,46.61,8.39,55.00,,,,,,,"GLL"
"B","27-10-2019","2019-10-27 00:00:00 -0500",1,99,"B001",27736,,,," ",2,"Gasohol 90",0.79,10.75,12.69,8.47,1.53,10.00,,,,,,,"GLL"
"B","27-10-2019","2019-10-27 00:00:00 -0500",1,99,"B001",27735,,,," ",2,"Gasohol 90",0.79,10.75,12.69,8.47,1.53,10.00,,,,,,,"GLL"
"B","27-10-2019","2019-10-27 00:00:00 -0500",1,99,"B001",27734,,,," ",4,"Gasohol 98",0.32,13.13,15.49,4.24,0.76,5.00,,,,,,,"GLL"
"B","27-10-2019","2019-10-27 00:00:00 -0500",1,99,"B001",27733,,,," ",4,"Gasohol 98",1.94,13.13,15.49,25.42,4.58,30.00,,,,,,,"GLL"
"B","27-10-2019","2019-10-27 00:00:00 -0500",1,99,"B001",27732,,,," ",2,"Gasohol 90",2.36,10.75,12.69,25.42,4.58,30.00,,,,,,,"GLL"
"B","27-10-2019","2019-10-27 00:00:00 -0500",1,99,"B001",27731,,,," ",2,"Gasohol 90",0.39,10.75,12.69,4.24,0.76,5.00,,,,,,,"GLL"
"B","27-10-2019","2019-10-27 00:00:00 -0500",1,99,"B001",27730,,,," ",5,"DieselPro B5 S50 UV",4.22,10.03,11.84,42.37,7.63,50.00,,,,,,,"GLL"
"B","27-10-2019","2019-10-27 00:00:00 -0500",1,99,"B001",27729,,,," ",5,"DieselPro B5 S50 UV",10.35,10.03,11.84,103.85,18.69,122.54,,,,,,,"GLL"
"B","27-10-2019","2019-10-27 00:00:00 -0500",1,99,"B001",27728,,,," ",5,"DieselPro B5 S50 UV",2.11,10.03,11.84,21.18,3.81,24.99,,,,,,,"GLL"
"B","27-10-2019","2019-10-27 00:00:00 -0500",1,99,"B001",27727,,,," ",2,"Gasohol 90",0.24,10.75,12.69,2.54,0.46,3.00,,,,,,,"GLL"
"B","27-10-2019","2019-10-27 00:00:00 -0500",1,99,"B001",27726,,,," ",4,"Gasohol 98",1.29,13.13,15.49,16.95,3.05,20.00,,,,,,,"GLL"
"B","27-10-2019","2019-10-27 00:00:00 -0500",1,99,"B001",27725,,,," ",5,"DieselPro B5 S50 UV",5.49,10.03,11.84,55.08,9.91,64.99,,,,,,,"GLL"
"B","27-10-2019","2019-10-27 00:00:00 -0500",1,99,"B001",27724,,,," ",5,"DieselPro B5 S50 UV",8.45,10.03,11.84,84.75,15.25,100.00,,,,,,,"GLL"
"B","27-10-2019","2019-10-27 00:00:00 -0500",1,99,"B002",164955,,,," ",7,"GLP",4.13,1.03,1.21,4.24,0.76,5.00,,,,,,,"LTR"
"B","27-10-2019","2019-10-27 00:00:00 -0500",1,99,"B002",164954,,,," ",7,"GLP",41.31,1.03,1.21,42.36,7.63,49.99,,,,,,,"LTR"
"B","27-10-2019","2019-10-27 00:00:00 -0500",1,99,"B002",164953,,,," ",7,"GLP",9.09,1.03,1.21,9.32,1.68,11.00,,,,,,,"LTR"
"B","27-10-2019","2019-10-27 00:00:00 -0500",1,99,"B002",164952,,,," ",7,"GLP",4.13,1.03,1.21,4.24,0.76,5.00,,,,,,,"LTR"
"B","27-10-2019","2019-10-27 00:00:00 -0500",1,99,"B002",164951,,,," ",7,"GLP",6.78,1.03,1.21,6.95,1.25,8.20,,,,,,,"LTR"
"B","27-10-2019","2019-10-27 00:00:00 -0500",1,99,"B002",164950,,,," ",5,"DieselPro B5 S50 UV",5.91,10.03,11.84,59.32,10.68,70.00,,,,,,,"GLL"
"B","27-10-2019","2019-10-27 00:00:00 -0500",1,99,"B002",164949,,,," ",5,"DieselPro B5 S50 UV",1.01,10.03,11.84,10.15,1.83,11.98,,,,,,,"GLL"
"B","27-10-2019","2019-10-27 00:00:00 -0500",1,99,"B002",164948,,,," ",7,"GLP",10.83,1.03,1.21,11.10,2.00,13.10,,,,,,,"LTR"
"B","27-10-2019","2019-10-27 00:00:00 -0500",1,99,"B002",164947,,,," ",7,"GLP",8.26,1.03,1.21,8.47,1.53,10.00,,,,,,,"LTR"
"B","27-10-2019","2019-10-27 00:00:00 -0500",1,99,"B002",164946,,,," ",7,"GLP",9.09,1.03,1.21,9.32,1.68,11.00,,,,,,,"LTR"
"B","27-10-2019","2019-10-27 00:00:00 -0500",1,99,"B002",164945,,,," ",7,"GLP",0.03,1.03,1.21,0.03,0.01,0.04,,,,,,,"LTR"
"B","27-10-2019","2019-10-27 00:00:00 -0500",1,99,"B002",164944,,,," ",7,"GLP",4.13,1.03,1.21,4.24,0.76,5.00,,,,,,,"LTR"
"B","27-10-2019","2019-10-27 00:00:00 -0500",1,99,"B002",164943,,,," ",7,"GLP",4.13,1.03,1.21,4.24,0.76,5.00,,,,,,,"LTR"
"B","27-10-2019","2019-10-27 00:00:00 -0500",1,99,"B002",164942,,,," ",7,"GLP",31.41,1.03,1.21,32.20,5.80,38.00,,,,,,,"LTR"
"B","27-10-2019","2019-10-27 00:00:00 -0500",1,99,"B002",164941,,,," ",7,"GLP",10.17,1.03,1.21,10.42,1.88,12.30,,,,,,,"LTR"
"B","27-10-2019","2019-10-27 00:00:00 -0500",1,99,"B002",164940,,,," ",7,"GLP",8.26,1.03,1.21,8.47,1.53,10.00,,,,,,,"LTR"
"B","27-10-2019","2019-10-27 00:00:00 -0500",1,99,"B002",164939,,,," ",7,"GLP",6.61,1.03,1.21,6.78,1.22,8.00,,,,,,,"LTR"
"B","27-10-2019","2019-10-27 00:00:00 -0500",1,99,"B002",164938,,,," ",7,"GLP",4.96,1.03,1.21,5.08,0.92,6.00,,,,,,,"LTR"
"B","27-10-2019","2019-10-27 00:00:00 -0500",1,99,"B002",164937,,,," ",7,"GLP",4.13,1.03,1.21,4.24,0.76,5.00,,,,,,,"LTR"
"B","27-10-2019","2019-10-27 00:00:00 -0500",1,99,"B002",164936,,,," ",7,"GLP",6.61,1.03,1.21,6.78,1.22,8.00,,,,,,,"LTR"
"B","27-10-2019","2019-10-27 00:00:00 -0500",1,99,"B002",164935,,,," ",7,"GLP",12.4,1.03,1.21,12.71,2.29,15.00,,,,,,,"LTR"
"B","27-10-2019","2019-10-27 00:00:00 -0500",1,99,"B002",164934,,,," ",7,"GLP",24.46,1.03,1.21,25.08,4.52,29.60,,,,,,,"LTR"
"B","27-10-2019","2019-10-27 00:00:00 -0500",1,99,"B002",164933,,,," ",7,"GLP",4.13,1.03,1.21,4.24,0.76,5.00,,,,,,,"LTR"
"B","27-10-2019","2019-10-27 00:00:00 -0500",1,99,"B002",164932,,,," ",7,"GLP",4.13,1.03,1.21,4.24,0.76,5.00,,,,,,,"LTR"
"B","27-10-2019","2019-10-27 00:00:00 -0500",1,99,"B002",164931,,,," ",4,"Gasohol 98",1.94,13.13,15.49,25.42,4.58,30.00,,,,,,,"GLL"
"B","27-10-2019","2019-10-27 00:00:00 -0500",1,99,"B002",164930,,,," ",7,"GLP",5.79,1.03,1.21,5.93,1.07,7.00,,,,,,,"LTR"
"B","27-10-2019","2019-10-27 00:00:00 -0500",1,99,"B002",164929,,,," ",7,"GLP",8.26,1.03,1.21,8.47,1.53,10.00,,,,,,,"LTR"
"B","27-10-2019","2019-10-27 00:00:00 -0500",1,99,"B002",164928,,,," ",7,"GLP",9.67,1.03,1.21,9.92,1.78,11.70,,,,,,,"LTR"
"B","27-10-2019","2019-10-27 00:00:00 -0500",1,99,"B002",164927,,,," ",7,"GLP",2.48,1.03,1.21,2.54,0.46,3.00,,,,,,,"LTR"
"B","27-10-2019","2019-10-27 00:00:00 -0500",1,99,"B002",164926,,,," ",7,"GLP",8.26,1.03,1.21,8.47,1.53,10.00,,,,,,,"LTR"
"B","27-10-2019","2019-10-27 00:00:00 -0500",1,99,"B002",164925,,,," ",7,"GLP",4.14,1.03,1.21,4.25,0.76,5.01,,,,,,,"LTR"
"B","27-10-2019","2019-10-27 00:00:00 -0500",1,99,"B002",164924,,,," ",7,"GLP",8.26,1.03,1.21,8.47,1.53,10.00,,,,,,,"LTR"
"B","27-10-2019","2019-10-27 00:00:00 -0500",1,99,"B002",164923,,,," ",7,"GLP",8.26,1.03,1.21,8.47,1.53,10.00,,,,,,,"LTR"
"B","27-10-2019","2019-10-27 00:00:00 -0500",1,99,"B002",164922,,,," ",7,"GLP",7.83,1.03,1.21,8.03,1.44,9.47,,,,,,,"LTR"
"B","27-10-2019","2019-10-27 00:00:00 -0500",1,99,"B002",164921,,,," ",7,"GLP",9.09,1.03,1.21,9.32,1.68,11.00,,,,,,,"LTR"
"B","27-10-2019","2019-10-27 00:00:00 -0500",1,99,"B002",164920,,,," ",7,"GLP",31.88,1.03,1.21,32.69,5.89,38.58,,,,,,,"LTR"
"B","27-10-2019","2019-10-27 00:00:00 -0500",1,99,"B002",164919,,,," ",7,"GLP",32.98,1.03,1.21,33.81,6.09,39.90,,,,,,,"LTR"
"B","27-10-2019","2019-10-27 00:00:00 -0500",1,99,"B002",164918,,,," ",2,"Gasohol 90",0.95,10.75,12.69,10.17,1.83,12.00,,,,,,,"GLL"
"B","27-10-2019","2019-10-27 00:00:00 -0500",1,99,"B002",164917,,,," ",2,"Gasohol 90",0.47,10.75,12.69,5.08,0.92,6.00,,,,,,,"GLL"
"B","27-10-2019","2019-10-27 00:00:00 -0500",1,99,"B002",164916,,,," ",7,"GLP",4.13,1.03,1.21,4.24,0.76,5.00,,,,,,,"LTR"
"B","27-10-2019","2019-10-27 00:00:00 -0500",1,99,"B002",164915,,,," ",7,"GLP",4.96,1.03,1.21,5.08,0.92,6.00,,,,,,,"LTR"
"B","27-10-2019","2019-10-27 00:00:00 -0500",1,99,"B002",164914,,,," ",7,"GLP",8.26,1.03,1.21,8.47,1.53,10.00,,,,,,,"LTR"
"B","27-10-2019","2019-10-27 00:00:00 -0500",1,99,"B002",164913,,,," ",7,"GLP",5.79,1.03,1.21,5.93,1.07,7.00,,,,,,,"LTR"
"B","27-10-2019","2019-10-27 00:00:00 -0500",1,99,"B002",164912,,,," ",7,"GLP",4.13,1.03,1.21,4.24,0.76,5.00,,,,,,,"LTR"
"B","27-10-2019","2019-10-27 00:00:00 -0500",1,99,"B002",164911,,,," ",7,"GLP",8.26,1.03,1.21,8.47,1.53,10.00,,,,,,,"LTR"
"B","27-10-2019","2019-10-27 00:00:00 -0500",1,99,"B002",164910,,,," ",7,"GLP",5.79,1.03,1.21,5.93,1.07,7.00,,,,,,,"LTR"
"B","27-10-2019","2019-10-27 00:00:00 -0500",1,99,"B002",164909,,,," ",7,"GLP",8.26,1.03,1.21,8.47,1.53,10.00,,,,,,,"LTR"
"B","27-10-2019","2019-10-27 00:00:00 -0500",1,99,"B002",164908,,,," ",7,"GLP",4.13,1.03,1.21,4.24,0.76,5.00,,,,,,,"LTR"
"B","27-10-2019","2019-10-27 00:00:00 -0500",1,99,"B002",164907,,,," ",7,"GLP",4.13,1.03,1.21,4.24,0.76,5.00,,,,,,,"LTR"
"B","27-10-2019","2019-10-27 00:00:00 -0500",1,99,"B002",164906,,,," ",7,"GLP",8.26,1.03,1.21,8.47,1.53,10.00,,,,,,,"LTR"
"B","27-10-2019","2019-10-27 00:00:00 -0500",1,99,"B002",164905,,,," ",7,"GLP",4.13,1.03,1.21,4.24,0.76,5.00,,,,,,,"LTR"
"B","27-10-2019","2019-10-27 00:00:00 -0500",1,99,"B002",164904,,,," ",7,"GLP",19.01,1.03,1.21,19.49,3.51,23.00,,,,,,,"LTR"
"B","27-10-2019","2019-10-27 00:00:00 -0500",1,99,"B002",164903,,,," ",7,"GLP",12.18,1.03,1.21,12.49,2.25,14.74,,,,,,,"LTR"
"B","27-10-2019","2019-10-27 00:00:00 -0500",1,99,"B002",164902,,,," ",7,"GLP",4.96,1.03,1.21,5.08,0.92,6.00,,,,,,,"LTR"
"B","27-10-2019","2019-10-27 00:00:00 -0500",1,99,"B002",164901,,,," ",7,"GLP",8.26,1.03,1.21,8.47,1.53,10.00,,,,,,,"LTR"
"B","27-10-2019","2019-10-27 00:00:00 -0500",1,99,"B002",164900,,,," ",7,"GLP",9.92,1.03,1.21,10.17,1.83,12.00,,,,,,,"LTR"
"B","27-10-2019","2019-10-27 00:00:00 -0500",1,99,"B002",164899,,,," ",7,"GLP",16.53,1.03,1.21,16.95,3.05,20.00,,,,,,,"LTR"
"B","27-10-2019","2019-10-27 00:00:00 -0500",1,99,"B002",164898,,,," ",7,"GLP",8.26,1.03,1.21,8.47,1.53,10.00,,,,,,,"LTR"
"B","27-10-2019","2019-10-27 00:00:00 -0500",1,99,"B002",164897,,,," ",7,"GLP",8.26,1.03,1.21,8.47,1.53,10.00,,,,,,,"LTR"
"B","27-10-2019","2019-10-27 00:00:00 -0500",1,99,"B002",164896,,,," ",7,"GLP",3.31,1.03,1.21,3.39,0.61,4.00,,,,,,,"LTR"
"B","27-10-2019","2019-10-27 00:00:00 -0500",1,99,"B002",164895,,,," ",7,"GLP",4.96,1.03,1.21,5.08,0.92,6.00,,,,,,,"LTR"
"B","27-10-2019","2019-10-27 00:00:00 -0500",1,99,"B002",164894,,,," ",7,"GLP",23.79,1.03,1.21,24.39,4.39,28.78,,,,,,,"LTR"
"B","27-10-2019","2019-10-27 00:00:00 -0500",1,99,"B002",164893,,,," ",7,"GLP",4.13,1.03,1.21,4.24,0.76,5.00,,,,,,,"LTR"
"B","27-10-2019","2019-10-27 00:00:00 -0500",1,99,"B002",164892,,,," ",7,"GLP",4.13,1.03,1.21,4.24,0.76,5.00,,,,,,,"LTR"
"B","27-10-2019","2019-10-27 00:00:00 -0500",1,99,"B002",164891,,,," ",7,"GLP",7.46,1.03,1.21,7.65,1.38,9.03,,,,,,,"LTR"
"B","27-10-2019","2019-10-27 00:00:00 -0500",1,99,"B002",164890,,,," ",7,"GLP",8.26,1.03,1.21,8.47,1.53,10.00,,,,,,,"LTR"
"B","27-10-2019","2019-10-27 00:00:00 -0500",1,99,"B002",164889,,,," ",7,"GLP",1.65,1.03,1.21,1.69,0.31,2.00,,,,,,,"LTR"
"B","27-10-2019","2019-10-27 00:00:00 -0500",1,99,"B002",164888,,,," ",7,"GLP",12.4,1.03,1.21,12.71,2.29,15.00,,,,,,,"LTR"
"B","27-10-2019","2019-10-27 00:00:00 -0500",1,99,"B002",164887,,,," ",7,"GLP",10.74,1.03,1.21,11.02,1.98,13.00,,,,,,,"LTR"
"B","27-10-2019","2019-10-27 00:00:00 -0500",1,99,"B002",164886,,,," ",7,"GLP",4.13,1.03,1.21,4.24,0.76,5.00,,,,,,,"LTR"
"B","27-10-2019","2019-10-27 00:00:00 -0500",1,99,"B002",164885,,,," ",4,"Gasohol 98",0.65,13.13,15.49,8.47,1.53,10.00,,,,,,,"GLL"
"B","27-10-2019","2019-10-27 00:00:00 -0500",1,99,"B002",164884,,,," ",7,"GLP",8.26,1.03,1.21,8.47,1.53,10.00,,,,,,,"LTR"
"B","27-10-2019","2019-10-27 00:00:00 -0500",1,99,"B002",164883,,,," ",7,"GLP",4.13,1.03,1.21,4.24,0.76,5.00,,,,,,,"LTR"
"B","27-10-2019","2019-10-27 00:00:00 -0500",1,99,"B002",164882,,,," ",4,"Gasohol 98",0.65,13.13,15.49,8.47,1.53,10.00,,,,,,,"GLL"
"B","27-10-2019","2019-10-27 00:00:00 -0500",1,99,"B002",164881,,,," ",7,"GLP",4.13,1.03,1.21,4.24,0.76,5.00,,,,,,,"LTR"
"B","27-10-2019","2019-10-27 00:00:00 -0500",1,99,"B002",164880,,,," ",5,"DieselPro B5 S50 UV",10.64,10.03,11.84,106.77,19.22,125.99,,,,,,,"GLL"
"B","27-10-2019","2019-10-27 00:00:00 -0500",1,99,"B002",164879,,,," ",7,"GLP",10.41,1.03,1.21,10.68,1.92,12.60,,,,,,,"LTR"
"B","27-10-2019","2019-10-27 00:00:00 -0500",1,99,"B002",164878,,,," ",7,"GLP",6.61,1.03,1.21,6.78,1.22,8.00,,,,,,,"LTR"
"B","27-10-2019","2019-10-27 00:00:00 -0500",1,99,"B002",164877,,,," ",7,"GLP",6.61,1.03,1.21,6.78,1.22,8.00,,,,,,,"LTR"
"B","27-10-2019","2019-10-27 00:00:00 -0500",1,99,"B002",164876,,,," ",7,"GLP",4.96,1.03,1.21,5.08,0.92,6.00,,,,,,,"LTR"
"B","27-10-2019","2019-10-27 00:00:00 -0500",1,99,"B002",164875,,,," ",7,"GLP",12.4,1.03,1.21,12.71,2.29,15.00,,,,,,,"LTR"
"B","27-10-2019","2019-10-27 00:00:00 -0500",1,99,"B002",164874,,,," ",7,"GLP",8.26,1.03,1.21,8.47,1.53,10.00,,,,,,,"LTR"
"B","27-10-2019","2019-10-27 00:00:00 -0500",1,99,"B002",164873,,,," ",7,"GLP",12.4,1.03,1.21,12.71,2.29,15.00,,,,,,,"LTR"
"B","27-10-2019","2019-10-27 00:00:00 -0500",1,99,"B002",164872,,,," ",7,"GLP",4.13,1.03,1.21,4.24,0.76,5.00,,,,,,,"LTR"
"B","27-10-2019","2019-10-27 00:00:00 -0500",1,99,"B002",164871,,,," ",7,"GLP",8.26,1.03,1.21,8.47,1.53,10.00,,,,,,,"LTR"
"B","27-10-2019","2019-10-27 00:00:00 -0500",1,99,"B002",164870,,,," ",7,"GLP",4.96,1.03,1.21,5.08,0.92,6.00,,,,,,,"LTR"
"B","27-10-2019","2019-10-27 00:00:00 -0500",1,99,"B002",164869,,,," ",7,"GLP",6.61,1.03,1.21,6.78,1.22,8.00,,,,,,,"LTR"
"B","27-10-2019","2019-10-27 00:00:00 -0500",1,99,"B002",164868,,,," ",7,"GLP",13.22,1.03,1.21,13.56,2.44,16.00,,,,,,,"LTR"
"B","27-10-2019","2019-10-27 00:00:00 -0500",1,99,"B002",164867,,,," ",7,"GLP",2.48,1.03,1.21,2.54,0.46,3.00,,,,,,,"LTR"
"B","27-10-2019","2019-10-27 00:00:00 -0500",1,99,"B002",164866,,,," ",7,"GLP",8.26,1.03,1.21,8.47,1.53,10.00,,,,,,,"LTR"
"B","27-10-2019","2019-10-27 00:00:00 -0500",1,99,"B002",164865,,,," ",4,"Gasohol 98",0.97,13.13,15.49,12.71,2.29,15.00,,,,,,,"GLL"
"B","27-10-2019","2019-10-27 00:00:00 -0500",1,99,"B002",164864,,,," ",5,"DieselPro B5 S50 UV",1.69,10.03,11.84,16.95,3.05,20.00,,,,,,,"GLL"
"B","27-10-2019","2019-10-27 00:00:00 -0500",1,99,"B002",164863,,,," ",7,"GLP",16.53,1.03,1.21,16.95,3.05,20.00,,,,,,,"LTR"
"B","27-10-2019","2019-10-27 00:00:00 -0500",1,99,"B002",164862,,,," ",7,"GLP",16.53,1.03,1.21,16.95,3.05,20.00,,,,,,,"LTR"
"B","27-10-2019","2019-10-27 00:00:00 -0500",1,99,"B002",164861,,,," ",7,"GLP",24.79,1.03,1.21,25.42,4.58,30.00,,,,,,,"LTR"
"B","27-10-2019","2019-10-27 00:00:00 -0500",1,99,"B002",164860,,,," ",7,"GLP",7.85,1.03,1.21,8.05,1.45,9.50,,,,,,,"LTR"
"B","27-10-2019","2019-10-27 00:00:00 -0500",1,99,"B002",164859,,,," ",7,"GLP",11.56,1.03,1.21,11.86,2.13,13.99,,,,,,,"LTR"
"B","27-10-2019","2019-10-27 00:00:00 -0500",1,99,"B002",164858,,,," ",7,"GLP",16.53,1.03,1.21,16.95,3.05,20.00,,,,,,,"LTR"
"B","27-10-2019","2019-10-27 00:00:00 -0500",1,99,"B002",164857,,,," ",7,"GLP",8.26,1.03,1.21,8.47,1.53,10.00,,,,,,,"LTR"
"B","27-10-2019","2019-10-27 00:00:00 -0500",1,99,"B002",164856,,,," ",7,"GLP",16.53,1.03,1.21,16.95,3.05,20.00,,,,,,,"LTR"
"B","27-10-2019","2019-10-27 00:00:00 -0500",1,99,"B002",164855,,,," ",7,"GLP",15.7,1.03,1.21,16.10,2.90,19.00,,,,,,,"LTR"
"B","27-10-2019","2019-10-27 00:00:00 -0500",1,99,"B002",164854,,,," ",7,"GLP",26.45,1.03,1.21,27.12,4.88,32.00,,,,,,,"LTR"
"B","27-10-2019","2019-10-27 00:00:00 -0500",1,99,"B002",164853,,,," ",7,"GLP",4.13,1.03,1.21,4.24,0.76,5.00,,,,,,,"LTR"
"B","27-10-2019","2019-10-27 00:00:00 -0500",1,99,"B002",164852,,,," ",7,"GLP",8.26,1.03,1.21,8.47,1.53,10.00,,,,,,,"LTR"
"B","27-10-2019","2019-10-27 00:00:00 -0500",1,99,"B002",164851,,,," ",7,"GLP",8.63,1.03,1.21,8.85,1.59,10.44,,,,,,,"LTR"
"B","27-10-2019","2019-10-27 00:00:00 -0500",1,99,"B002",164850,,,," ",7,"GLP",7.85,1.03,1.21,8.05,1.45,9.50,,,,,,,"LTR"
"B","27-10-2019","2019-10-27 00:00:00 -0500",1,99,"B002",164849,,,," ",7,"GLP",8.26,1.03,1.21,8.47,1.53,10.00,,,,,,,"LTR"
"B","27-10-2019","2019-10-27 00:00:00 -0500",1,99,"B002",164848,,,," ",7,"GLP",5.79,1.03,1.21,5.93,1.07,7.00,,,,,,,"LTR"
"B","27-10-2019","2019-10-27 00:00:00 -0500",1,99,"B002",164847,,,," ",7,"GLP",8.26,1.03,1.21,8.47,1.53,10.00,,,,,,,"LTR"
"B","27-10-2019","2019-10-27 00:00:00 -0500",1,99,"B002",164846,,,," ",7,"GLP",8.26,1.03,1.21,8.47,1.53,10.00,,,,,,,"LTR"
"B","27-10-2019","2019-10-27 00:00:00 -0500",1,99,"B002",164845,,,," ",7,"GLP",4.13,1.03,1.21,4.24,0.76,5.00,,,,,,,"LTR"
"B","27-10-2019","2019-10-27 00:00:00 -0500",1,99,"B002",164844,,,," ",7,"GLP",4.13,1.03,1.21,4.24,0.76,5.00,,,,,,,"LTR"
"B","27-10-2019","2019-10-27 00:00:00 -0500",1,99,"B002",164843,,,," ",7,"GLP",4.13,1.03,1.21,4.24,0.76,5.00,,,,,,,"LTR"
"B","27-10-2019","2019-10-27 00:00:00 -0500",1,99,"B002",164842,,,," ",7,"GLP",15.7,1.03,1.21,16.10,2.90,19.00,,,,,,,"LTR"
"B","27-10-2019","2019-10-27 00:00:00 -0500",1,99,"B002",164841,,,," ",7,"GLP",4.96,1.03,1.21,5.08,0.92,6.00,,,,,,,"LTR"
"B","27-10-2019","2019-10-27 00:00:00 -0500",1,99,"B002",164840,,,," ",7,"GLP",4.96,1.03,1.21,5.08,0.92,6.00,,,,,,,"LTR"
"B","27-10-2019","2019-10-27 00:00:00 -0500",1,99,"B002",164839,,,," ",7,"GLP",8.26,1.03,1.21,8.47,1.53,10.00,,,,,,,"LTR"
"B","27-10-2019","2019-10-27 00:00:00 -0500",1,99,"B002",164838,,,," ",7,"GLP",4.13,1.03,1.21,4.24,0.76,5.00,,,,,,,"LTR"
"B","27-10-2019","2019-10-27 00:00:00 -0500",1,99,"B002",164837,,,," ",7,"GLP",24.79,1.03,1.21,25.42,4.58,30.00,,,,,,,"LTR"
"B","27-10-2019","2019-10-27 00:00:00 -0500",1,99,"B002",164836,,,," ",7,"GLP",8.93,1.03,1.21,9.15,1.65,10.80,,,,,,,"LTR"
"B","27-10-2019","2019-10-27 00:00:00 -0500",1,99,"B002",164835,,,," ",7,"GLP",11.57,1.03,1.21,11.86,2.14,14.00,,,,,,,"LTR"
"B","27-10-2019","2019-10-27 00:00:00 -0500",1,99,"B002",164834,,,," ",7,"GLP",8.26,1.03,1.21,8.47,1.53,10.00,,,,,,,"LTR"
"B","27-10-2019","2019-10-27 00:00:00 -0500",1,99,"B002",164833,,,," ",7,"GLP",4.13,1.03,1.21,4.24,0.76,5.00,,,,,,,"LTR"
"B","27-10-2019","2019-10-27 00:00:00 -0500",1,99,"B002",164832,,,," ",7,"GLP",30.26,1.03,1.21,31.03,5.58,36.61,,,,,,,"LTR"
"B","27-10-2019","2019-10-27 00:00:00 -0500",1,99,"B002",164831,,,," ",7,"GLP",8.26,1.03,1.21,8.47,1.53,10.00,,,,,,,"LTR"
"B","27-10-2019","2019-10-27 00:00:00 -0500",1,99,"B002",164830,,,," ",2,"Gasohol 90",1.58,10.75,12.69,16.95,3.05,20.00,,,,,,,"GLL"
"B","27-10-2019","2019-10-27 00:00:00 -0500",1,99,"B002",164829,,,," ",7,"GLP",9.92,1.03,1.21,10.17,1.83,12.00,,,,,,,"LTR"
"B","27-10-2019","2019-10-27 00:00:00 -0500",1,99,"B002",164828,,,," ",7,"GLP",8.26,1.03,1.21,8.47,1.53,10.00,,,,,,,"LTR"
"B","27-10-2019","2019-10-27 00:00:00 -0500",1,99,"B002",164827,,,," ",7,"GLP",4.13,1.03,1.21,4.24,0.76,5.00,,,,,,,"LTR"
"B","27-10-2019","2019-10-27 00:00:00 -0500",1,99,"B002",164826,,,," ",7,"GLP",8.26,1.03,1.21,8.47,1.53,10.00,,,,,,,"LTR"
"B","27-10-2019","2019-10-27 00:00:00 -0500",1,99,"B002",164825,,,," ",7,"GLP",4.96,1.03,1.21,5.08,0.92,6.00,,,,,,,"LTR"
"B","27-10-2019","2019-10-27 00:00:00 -0500",1,99,"B002",164824,,,," ",7,"GLP",9.09,1.03,1.21,9.32,1.68,11.00,,,,,,,"LTR"
"B","27-10-2019","2019-10-27 00:00:00 -0500",1,99,"B002",164823,,,," ",7,"GLP",4.13,1.03,1.21,4.24,0.76,5.00,,,,,,,"LTR"
"B","27-10-2019","2019-10-27 00:00:00 -0500",1,99,"B002",164822,,,," ",5,"DieselPro B5 S50 UV",13.26,10.03,11.84,133.06,23.95,157.01,,,,,,,"GLL"
"B","27-10-2019","2019-10-27 00:00:00 -0500",1,99,"B002",164821,,,," ",7,"GLP",5.79,1.03,1.21,5.93,1.07,7.00,,,,,,,"LTR"
"B","27-10-2019","2019-10-27 00:00:00 -0500",1,99,"B002",164820,,,," ",7,"GLP",8.1,1.03,1.21,8.31,1.49,9.80,,,,,,,"LTR"
"B","27-10-2019","2019-10-27 00:00:00 -0500",1,99,"B002",164819,,,," ",7,"GLP",10.74,1.03,1.21,11.02,1.98,13.00,,,,,,,"LTR"
"B","27-10-2019","2019-10-27 00:00:00 -0500",1,99,"B002",164818,,,," ",7,"GLP",5.79,1.03,1.21,5.93,1.07,7.00,,,,,,,"LTR"
"B","27-10-2019","2019-10-27 00:00:00 -0500",1,99,"B002",164817,,,," ",7,"GLP",4.13,1.03,1.21,4.24,0.76,5.00,,,,,,,"LTR"
"B","27-10-2019","2019-10-27 00:00:00 -0500",1,99,"B002",164816,,,," ",7,"GLP",6.94,1.03,1.21,7.12,1.28,8.40,,,,,,,"LTR"
"B","27-10-2019","2019-10-27 00:00:00 -0500",1,99,"B002",164815,,,," ",7,"GLP",5.79,1.03,1.21,5.93,1.07,7.00,,,,,,,"LTR"
"B","27-10-2019","2019-10-27 00:00:00 -0500",1,99,"B002",164814,,,," ",7,"GLP",4.13,1.03,1.21,4.24,0.76,5.00,,,,,,,"LTR"
"B","27-10-2019","2019-10-27 00:00:00 -0500",1,99,"B002",164813,,,," ",2,"Gasohol 90",0.39,10.75,12.69,4.24,0.76,5.00,,,,,,,"GLL"
"B","27-10-2019","2019-10-27 00:00:00 -0500",1,99,"B002",164812,,,," ",7,"GLP",4.13,1.03,1.21,4.24,0.76,5.00,,,,,,,"LTR"
"B","27-10-2019","2019-10-27 00:00:00 -0500",1,99,"B002",164811,,,," ",7,"GLP",9.92,1.03,1.21,10.17,1.83,12.00,,,,,,,"LTR"
"B","27-10-2019","2019-10-27 00:00:00 -0500",1,99,"B002",164810,,,," ",7,"GLP",4.96,1.03,1.21,5.08,0.92,6.00,,,,,,,"LTR"
"B","27-10-2019","2019-10-27 00:00:00 -0500",1,99,"B002",164809,,,," ",7,"GLP",4.13,1.03,1.21,4.24,0.76,5.00,,,,,,,"LTR"
"B","27-10-2019","2019-10-27 00:00:00 -0500",1,99,"B002",164808,,,," ",7,"GLP",29.93,1.03,1.21,30.69,5.53,36.22,,,,,,,"LTR"
"B","27-10-2019","2019-10-27 00:00:00 -0500",1,99,"B002",164807,,,," ",7,"GLP",8.26,1.03,1.21,8.47,1.53,10.00,,,,,,,"LTR"
"B","27-10-2019","2019-10-27 00:00:00 -0500",1,99,"B002",164806,,,," ",7,"GLP",4.13,1.03,1.21,4.24,0.76,5.00,,,,,,,"LTR"
"B","27-10-2019","2019-10-27 00:00:00 -0500",1,99,"B002",164805,,,," ",7,"GLP",8.26,1.03,1.21,8.47,1.53,10.00,,,,,,,"LTR"
"B","27-10-2019","2019-10-27 00:00:00 -0500",1,99,"B002",164804,,,," ",7,"GLP",5.79,1.03,1.21,5.93,1.07,7.00,,,,,,,"LTR"
"B","27-10-2019","2019-10-27 00:00:00 -0500",1,99,"B002",164803,,,," ",7,"GLP",4.13,1.03,1.21,4.24,0.76,5.00,,,,,,,"LTR"
"B","27-10-2019","2019-10-27 00:00:00 -0500",1,99,"B002",164802,,,," ",7,"GLP",8.26,1.03,1.21,8.47,1.53,10.00,,,,,,,"LTR"
"B","27-10-2019","2019-10-27 00:00:00 -0500",1,99,"B002",164801,,,," ",7,"GLP",7.44,1.03,1.21,7.63,1.37,9.00,,,,,,,"LTR"
"B","27-10-2019","2019-10-27 00:00:00 -0500",1,99,"B002",164800,,,," ",7,"GLP",8.26,1.03,1.21,8.47,1.53,10.00,,,,,,,"LTR"
"B","27-10-2019","2019-10-27 00:00:00 -0500",1,99,"B002",164799,,,," ",7,"GLP",4.13,1.03,1.21,4.24,0.76,5.00,,,,,,,"LTR"
"B","27-10-2019","2019-10-27 00:00:00 -0500",1,99,"B002",164798,,,," ",7,"GLP",5.79,1.03,1.21,5.93,1.07,7.00,,,,,,,"LTR"
"B","27-10-2019","2019-10-27 00:00:00 -0500",1,99,"B002",164797,,,," ",7,"GLP",14.05,1.03,1.21,14.41,2.59,17.00,,,,,,,"LTR"
"B","27-10-2019","2019-10-27 00:00:00 -0500",1,99,"B002",164796,,,," ",7,"GLP",16.53,1.03,1.21,16.95,3.05,20.00,,,,,,,"LTR"
"B","27-10-2019","2019-10-27 00:00:00 -0500",1,99,"B002",164795,,,," ",7,"GLP",19.09,1.03,1.21,19.58,3.52,23.10,,,,,,,"LTR"
"B","27-10-2019","2019-10-27 00:00:00 -0500",1,99,"B002",164794,,,," ",7,"GLP",4.13,1.03,1.21,4.24,0.76,5.00,,,,,,,"LTR"
"B","27-10-2019","2019-10-27 00:00:00 -0500",1,99,"B002",164793,,,," ",7,"GLP",5.79,1.03,1.21,5.93,1.07,7.00,,,,,,,"LTR"
"B","27-10-2019","2019-10-27 00:00:00 -0500",1,99,"B002",164792,,,," ",7,"GLP",4.13,1.03,1.21,4.24,0.76,5.00,,,,,,,"LTR"
"B","27-10-2019","2019-10-27 00:00:00 -0500",1,99,"B002",164791,,,," ",7,"GLP",8.26,1.03,1.21,8.47,1.53,10.00,,,,,,,"LTR"
"B","27-10-2019","2019-10-27 00:00:00 -0500",1,99,"B002",164790,,,," ",7,"GLP",11.56,1.03,1.21,11.86,2.13,13.99,,,,,,,"LTR"
"B","27-10-2019","2019-10-27 00:00:00 -0500",1,99,"B002",164789,,,," ",7,"GLP",5.37,1.03,1.21,5.51,0.99,6.50,,,,,,,"LTR"
"B","27-10-2019","2019-10-27 00:00:00 -0500",1,99,"B002",164788,,,," ",7,"GLP",10.75,1.03,1.21,11.03,1.98,13.01,,,,,,,"LTR"
"B","27-10-2019","2019-10-27 00:00:00 -0500",1,99,"B002",164787,,,," ",7,"GLP",11.41,1.03,1.21,11.69,2.11,13.80,,,,,,,"LTR"
"B","27-10-2019","2019-10-27 00:00:00 -0500",1,99,"B002",164786,,,," ",7,"GLP",16.53,1.03,1.21,16.95,3.05,20.00,,,,,,,"LTR"
"B","27-10-2019","2019-10-27 00:00:00 -0500",1,99,"B002",164785,,,," ",7,"GLP",8.26,1.03,1.21,8.47,1.53,10.00,,,,,,,"LTR"
"B","27-10-2019","2019-10-27 00:00:00 -0500",1,99,"B002",164784,,,," ",7,"GLP",5.79,1.03,1.21,5.93,1.07,7.00,,,,,,,"LTR"
"B","27-10-2019","2019-10-27 00:00:00 -0500",1,99,"B002",164783,,,," ",7,"GLP",8.26,1.03,1.21,8.47,1.53,10.00,,,,,,,"LTR"
"B","27-10-2019","2019-10-27 00:00:00 -0500",1,99,"B002",164782,,,," ",7,"GLP",16.53,1.03,1.21,16.95,3.05,20.00,,,,,,,"LTR"
"B","27-10-2019","2019-10-27 00:00:00 -0500",1,99,"B002",164781,,,," ",7,"GLP",5.21,1.03,1.21,5.34,0.96,6.30,,,,,,,"LTR"
"B","27-10-2019","2019-10-27 00:00:00 -0500",1,99,"B002",164780,,,," ",7,"GLP",8.26,1.03,1.21,8.47,1.53,10.00,,,,,,,"LTR"
"B","27-10-2019","2019-10-27 00:00:00 -0500",1,99,"B002",164779,,,," ",7,"GLP",8.26,1.03,1.21,8.47,1.53,10.00,,,,,,,"LTR"
"B","27-10-2019","2019-10-27 00:00:00 -0500",1,99,"B002",164778,,,," ",7,"GLP",4.96,1.03,1.21,5.08,0.92,6.00,,,,,,,"LTR"
"B","27-10-2019","2019-10-27 00:00:00 -0500",1,99,"B002",164777,,,," ",7,"GLP",5.79,1.03,1.21,5.93,1.07,7.00,,,,,,,"LTR"
"B","27-10-2019","2019-10-27 00:00:00 -0500",1,99,"B002",164776,,,," ",7,"GLP",4.13,1.03,1.21,4.24,0.76,5.00,,,,,,,"LTR"
"B","27-10-2019","2019-10-27 00:00:00 -0500",1,99,"B002",164775,,,," ",7,"GLP",8.26,1.03,1.21,8.47,1.53,10.00,,,,,,,"LTR"
"B","27-10-2019","2019-10-27 00:00:00 -0500",1,99,"B002",164774,,,," ",7,"GLP",4.96,1.03,1.21,5.08,0.92,6.00,,,,,,,"LTR"
"B","27-10-2019","2019-10-27 00:00:00 -0500",1,99,"B002",164773,,,," ",7,"GLP",8.26,1.03,1.21,8.47,1.53,10.00,,,,,,,"LTR"
"B","27-10-2019","2019-10-27 00:00:00 -0500",1,99,"B002",164772,,,," ",7,"GLP",5.79,1.03,1.21,5.93,1.07,7.00,,,,,,,"LTR"
"B","27-10-2019","2019-10-27 00:00:00 -0500",1,99,"B002",164771,,,," ",7,"GLP",24.79,1.03,1.21,25.42,4.58,30.00,,,,,,,"LTR"
"B","27-10-2019","2019-10-27 00:00:00 -0500",1,99,"B002",164770,,,," ",7,"GLP",5.79,1.03,1.21,5.93,1.07,7.00,,,,,,,"LTR"
"B","27-10-2019","2019-10-27 00:00:00 -0500",1,99,"B002",164769,,,," ",7,"GLP",24.79,1.03,1.21,25.42,4.58,30.00,,,,,,,"LTR"
"B","27-10-2019","2019-10-27 00:00:00 -0500",1,99,"B002",164768,,,," ",7,"GLP",8.26,1.03,1.21,8.47,1.53,10.00,,,,,,,"LTR"
"B","27-10-2019","2019-10-27 00:00:00 -0500",1,99,"B002",164767,,,," ",7,"GLP",5.79,1.03,1.21,5.93,1.07,7.00,,,,,,,"LTR"
"B","27-10-2019","2019-10-27 00:00:00 -0500",1,99,"B002",164766,,,," ",7,"GLP",8.26,1.03,1.21,8.47,1.53,10.00,,,,,,,"LTR"
"B","27-10-2019","2019-10-27 00:00:00 -0500",1,99,"B002",164765,,,," ",7,"GLP",2.48,1.03,1.21,2.54,0.46,3.00,,,,,,,"LTR"
"B","27-10-2019","2019-10-27 00:00:00 -0500",1,99,"B002",164764,,,," ",7,"GLP",16.53,1.03,1.21,16.95,3.05,20.00,,,,,,,"LTR"
"B","27-10-2019","2019-10-27 00:00:00 -0500",1,99,"B002",164763,,,," ",7,"GLP",6.61,1.03,1.21,6.78,1.22,8.00,,,,,,,"LTR"
"B","27-10-2019","2019-10-27 00:00:00 -0500",1,99,"B002",164762,,,," ",7,"GLP",7.44,1.03,1.21,7.63,1.37,9.00,,,,,,,"LTR"
"B","27-10-2019","2019-10-27 00:00:00 -0500",1,99,"B002",164761,,,," ",7,"GLP",17.11,1.03,1.21,17.54,3.16,20.70,,,,,,,"LTR"
"B","27-10-2019","2019-10-27 00:00:00 -0500",1,99,"B002",164760,,,," ",7,"GLP",11.65,1.03,1.21,11.95,2.15,14.10,,,,,,,"LTR"
"B","27-10-2019","2019-10-27 00:00:00 -0500",1,99,"B002",164759,,,," ",7,"GLP",5.79,1.03,1.21,5.93,1.07,7.00,,,,,,,"LTR"
"B","27-10-2019","2019-10-27 00:00:00 -0500",1,99,"B002",164758,,,," ",7,"GLP",3.31,1.03,1.21,3.39,0.61,4.00,,,,,,,"LTR"
"B","27-10-2019","2019-10-27 00:00:00 -0500",1,99,"B002",164757,,,," ",7,"GLP",9.09,1.03,1.21,9.32,1.68,11.00,,,,,,,"LTR"
"B","27-10-2019","2019-10-27 00:00:00 -0500",1,99,"B002",164756,,,," ",7,"GLP",4.46,1.03,1.21,4.58,0.82,5.40,,,,,,,"LTR"
"B","27-10-2019","2019-10-27 00:00:00 -0500",1,99,"B002",164755,,,," ",7,"GLP",11.9,1.03,1.21,12.20,2.20,14.40,,,,,,,"LTR"
"B","27-10-2019","2019-10-27 00:00:00 -0500",1,99,"B002",164754,,,," ",7,"GLP",9.92,1.03,1.21,10.17,1.83,12.00,,,,,,,"LTR"
"B","27-10-2019","2019-10-27 00:00:00 -0500",1,99,"B002",164753,,,," ",7,"GLP",6.61,1.03,1.21,6.78,1.22,8.00,,,,,,,"LTR"
"B","27-10-2019","2019-10-27 00:00:00 -0500",1,99,"B002",164752,,,," ",7,"GLP",6.53,1.03,1.21,6.69,1.21,7.90,,,,,,,"LTR"
"B","27-10-2019","2019-10-27 00:00:00 -0500",1,99,"B002",164751,,,," ",7,"GLP",5.79,1.03,1.21,5.93,1.07,7.00,,,,,,,"LTR"
"B","27-10-2019","2019-10-27 00:00:00 -0500",1,99,"B002",164750,,,," ",7,"GLP",8.26,1.03,1.21,8.47,1.53,10.00,,,,,,,"LTR"
"B","27-10-2019","2019-10-27 00:00:00 -0500",1,99,"B002",164749,,,," ",7,"GLP",6.61,1.03,1.21,6.78,1.22,8.00,,,,,,,"LTR"
"B","27-10-2019","2019-10-27 00:00:00 -0500",1,99,"B002",164748,,,," ",7,"GLP",6.61,1.03,1.21,6.78,1.22,8.00,,,,,,,"LTR"
"B","27-10-2019","2019-10-27 00:00:00 -0500",1,99,"B002",164747,,,," ",7,"GLP",8.26,1.03,1.21,8.47,1.53,10.00,,,,,,,"LTR"
"B","27-10-2019","2019-10-27 00:00:00 -0500",1,99,"B002",164746,,,," ",5,"DieselPro B5 S50 UV",2.12,10.03,11.84,21.25,3.82,25.07,,,,,,,"GLL"
"B","27-10-2019","2019-10-27 00:00:00 -0500",1,99,"B002",164745,,,," ",7,"GLP",4.13,1.03,1.21,4.24,0.76,5.00,,,,,,,"LTR"
"B","27-10-2019","2019-10-27 00:00:00 -0500",1,99,"B002",164744,,,," ",7,"GLP",8.26,1.03,1.21,8.47,1.53,10.00,,,,,,,"LTR"
"B","27-10-2019","2019-10-27 00:00:00 -0500",1,99,"B002",164743,,,," ",7,"GLP",8.26,1.03,1.21,8.47,1.53,10.00,,,,,,,"LTR"
"B","27-10-2019","2019-10-27 00:00:00 -0500",1,99,"B002",164742,,,," ",7,"GLP",4.13,1.03,1.21,4.24,0.76,5.00,,,,,,,"LTR"
"B","27-10-2019","2019-10-27 00:00:00 -0500",1,99,"B002",164741,,,," ",7,"GLP",13.97,1.03,1.21,14.32,2.58,16.90,,,,,,,"LTR"
"B","27-10-2019","2019-10-27 00:00:00 -0500",1,99,"B002",164740,,,," ",7,"GLP",8.26,1.03,1.21,8.47,1.53,10.00,,,,,,,"LTR"
"B","27-10-2019","2019-10-27 00:00:00 -0500",1,99,"B002",164739,,,," ",7,"GLP",29.34,1.03,1.21,30.08,5.42,35.50,,,,,,,"LTR"
"B","27-10-2019","2019-10-27 00:00:00 -0500",1,99,"B002",164738,,,," ",7,"GLP",2.48,1.03,1.21,2.54,0.46,3.00,,,,,,,"LTR"
"B","27-10-2019","2019-10-27 00:00:00 -0500",1,99,"B002",164737,,,," ",7,"GLP",16.53,1.03,1.21,16.95,3.05,20.00,,,,,,,"LTR"
"B","27-10-2019","2019-10-27 00:00:00 -0500",1,99,"B002",164736,,,," ",7,"GLP",5.79,1.03,1.21,5.93,1.07,7.00,,,,,,,"LTR"
"B","27-10-2019","2019-10-27 00:00:00 -0500",1,99,"B002",164735,,,," ",7,"GLP",4.13,1.03,1.21,4.24,0.76,5.00,,,,,,,"LTR"
"B","27-10-2019","2019-10-27 00:00:00 -0500",1,99,"B002",164734,,,," ",7,"GLP",4.13,1.03,1.21,4.24,0.76,5.00,,,,,,,"LTR"
"B","27-10-2019","2019-10-27 00:00:00 -0500",1,99,"B002",164733,,,," ",7,"GLP",9.92,1.03,1.21,10.17,1.83,12.00,,,,,,,"LTR"
"B","27-10-2019","2019-10-27 00:00:00 -0500",1,99,"B002",164732,,,," ",7,"GLP",8.26,1.03,1.21,8.47,1.53,10.00,,,,,,,"LTR"
"B","27-10-2019","2019-10-27 00:00:00 -0500",1,99,"B002",164731,,,," ",7,"GLP",35.79,1.03,1.21,36.69,6.61,43.30,,,,,,,"LTR"
"B","27-10-2019","2019-10-27 00:00:00 -0500",1,99,"B002",164730,,,," ",7,"GLP",11.57,1.03,1.21,11.86,2.14,14.00,,,,,,,"LTR"
"B","27-10-2019","2019-10-27 00:00:00 -0500",1,99,"B002",164729,,,," ",7,"GLP",8.84,1.03,1.21,9.07,1.63,10.70,,,,,,,"LTR"
"B","27-10-2019","2019-10-27 00:00:00 -0500",1,99,"B002",164728,,,," ",7,"GLP",10.74,1.03,1.21,11.02,1.98,13.00,,,,,,,"LTR"
"B","27-10-2019","2019-10-27 00:00:00 -0500",1,99,"B002",164727,,,," ",7,"GLP",8.26,1.03,1.21,8.47,1.53,10.00,,,,,,,"LTR"
"B","27-10-2019","2019-10-27 00:00:00 -0500",1,99,"B002",164726,,,," ",7,"GLP",9.5,1.03,1.21,9.75,1.75,11.50,,,,,,,"LTR"
"B","27-10-2019","2019-10-27 00:00:00 -0500",1,99,"B002",164725,,,," ",7,"GLP",9.59,1.03,1.21,9.83,1.77,11.60,,,,,,,"LTR"
"B","27-10-2019","2019-10-27 00:00:00 -0500",1,99,"B002",164724,,,," ",7,"GLP",7.03,1.03,1.21,7.20,1.30,8.50,,,,,,,"LTR"
"B","27-10-2019","2019-10-27 00:00:00 -0500",1,99,"B002",164723,,,," ",7,"GLP",5.79,1.03,1.21,5.93,1.07,7.00,,,,,,,"LTR"
"B","27-10-2019","2019-10-27 00:00:00 -0500",1,99,"B002",164722,,,," ",7,"GLP",10.74,1.03,1.21,11.02,1.98,13.00,,,,,,,"LTR"
"B","27-10-2019","2019-10-27 00:00:00 -0500",1,99,"B002",164721,,,," ",7,"GLP",4.13,1.03,1.21,4.24,0.76,5.00,,,,,,,"LTR"
"B","27-10-2019","2019-10-27 00:00:00 -0500",1,99,"B002",164720,,,," ",7,"GLP",4.13,1.03,1.21,4.24,0.76,5.00,,,,,,,"LTR"
"B","27-10-2019","2019-10-27 00:00:00 -0500",1,99,"B002",164719,,,," ",7,"GLP",11.57,1.03,1.21,11.86,2.14,14.00,,,,,,,"LTR"
"B","27-10-2019","2019-10-27 00:00:00 -0500",1,99,"B002",164718,,,," ",7,"GLP",19.02,1.03,1.21,19.50,3.51,23.01,,,,,,,"LTR"
"B","27-10-2019","2019-10-27 00:00:00 -0500",1,99,"B002",164717,,,," ",7,"GLP",9.92,1.03,1.21,10.17,1.83,12.00,,,,,,,"LTR"
"B","27-10-2019","2019-10-27 00:00:00 -0500",1,99,"B002",164716,,,," ",7,"GLP",1.65,1.03,1.21,1.69,0.31,2.00,,,,,,,"LTR"
"B","27-10-2019","2019-10-27 00:00:00 -0500",1,99,"B002",164715,,,," ",7,"GLP",4.13,1.03,1.21,4.24,0.76,5.00,,,,,,,"LTR"
"B","27-10-2019","2019-10-27 00:00:00 -0500",1,99,"B002",164714,,,," ",7,"GLP",4.96,1.03,1.21,5.08,0.92,6.00,,,,,,,"LTR"
"B","27-10-2019","2019-10-27 00:00:00 -0500",1,99,"B002",164713,,,," ",7,"GLP",8.26,1.03,1.21,8.47,1.53,10.00,,,,,,,"LTR"
"B","27-10-2019","2019-10-27 00:00:00 -0500",1,99,"B002",164712,,,," ",7,"GLP",24.79,1.03,1.21,25.42,4.58,30.00,,,,,,,"LTR"
"B","27-10-2019","2019-10-27 00:00:00 -0500",1,99,"B002",164711,,,," ",7,"GLP",12.4,1.03,1.21,12.71,2.29,15.00,,,,,,,"LTR"
"B","27-10-2019","2019-10-27 00:00:00 -0500",1,99,"B002",164710,,,," ",2,"Gasohol 90",0.79,10.75,12.69,8.47,1.53,10.00,,,,,,,"GLL"
"B","27-10-2019","2019-10-27 00:00:00 -0500",1,99,"B002",164709,,,," ",7,"GLP",4.96,1.03,1.21,5.08,0.92,6.00,,,,,,,"LTR"
"B","27-10-2019","2019-10-27 00:00:00 -0500",1,99,"B002",164708,,,," ",4,"Gasohol 98",1.29,13.13,15.49,16.95,3.05,20.00,,,,,,,"GLL"
"B","27-10-2019","2019-10-27 00:00:00 -0500",1,99,"B002",164707,,,," ",7,"GLP",9.84,1.03,1.21,10.08,1.82,11.90,,,,,,,"LTR"
"B","27-10-2019","2019-10-27 00:00:00 -0500",1,99,"B002",164706,,,," ",7,"GLP",4.13,1.03,1.21,4.24,0.76,5.00,,,,,,,"LTR"
"B","27-10-2019","2019-10-27 00:00:00 -0500",1,99,"B002",164705,,,," ",7,"GLP",6.03,1.03,1.21,6.19,1.11,7.30,,,,,,,"LTR"
"B","27-10-2019","2019-10-27 00:00:00 -0500",1,99,"B002",164704,,,," ",7,"GLP",11.41,1.03,1.21,11.69,2.11,13.80,,,,,,,"LTR"
"B","27-10-2019","2019-10-27 00:00:00 -0500",1,99,"B002",164703,,,," ",7,"GLP",8.26,1.03,1.21,8.47,1.53,10.00,,,,,,,"LTR"
"B","27-10-2019","2019-10-27 00:00:00 -0500",1,99,"B002",164702,,,," ",7,"GLP",4.13,1.03,1.21,4.24,0.76,5.00,,,,,,,"LTR"
"B","27-10-2019","2019-10-27 00:00:00 -0500",1,99,"B002",164701,,,," ",7,"GLP",16.53,1.03,1.21,16.95,3.05,20.00,,,,,,,"LTR"
"B","27-10-2019","2019-10-27 00:00:00 -0500",1,99,"B002",164700,,,," ",7,"GLP",8.26,1.03,1.21,8.47,1.53,10.00,,,,,,,"LTR"
"B","27-10-2019","2019-10-27 00:00:00 -0500",1,99,"B002",164699,,,," ",4,"Gasohol 98",0.65,13.13,15.49,8.47,1.53,10.00,,,,,,,"GLL"
"B","27-10-2019","2019-10-27 00:00:00 -0500",1,99,"B002",164698,,,," ",2,"Gasohol 90",1.58,10.75,12.69,16.95,3.05,20.00,,,,,,,"GLL"
"B","27-10-2019","2019-10-27 00:00:00 -0500",1,99,"B002",164697,,,," ",7,"GLP",5.79,1.03,1.21,5.93,1.07,7.00,,,,,,,"LTR"
"B","27-10-2019","2019-10-27 00:00:00 -0500",1,99,"B002",164696,,,," ",7,"GLP",12.4,1.03,1.21,12.71,2.29,15.00,,,,,,,"LTR"
"B","27-10-2019","2019-10-27 00:00:00 -0500",1,99,"B002",164695,,,," ",7,"GLP",6.78,1.03,1.21,6.95,1.25,8.20,,,,,,,"LTR"
"B","27-10-2019","2019-10-27 00:00:00 -0500",1,99,"B002",164694,,,," ",7,"GLP",12.4,1.03,1.21,12.71,2.29,15.00,,,,,,,"LTR"
"B","27-10-2019","2019-10-27 00:00:00 -0500",1,99,"B002",164693,,,," ",7,"GLP",8.26,1.03,1.21,8.47,1.53,10.00,,,,,,,"LTR"
"B","27-10-2019","2019-10-27 00:00:00 -0500",1,99,"B002",164692,,,," ",7,"GLP",4.13,1.03,1.21,4.24,0.76,5.00,,,,,,,"LTR"
"B","27-10-2019","2019-10-27 00:00:00 -0500",1,99,"B002",164691,,,," ",7,"GLP",8.26,1.03,1.21,8.47,1.53,10.00,,,,,,,"LTR"
"B","27-10-2019","2019-10-27 00:00:00 -0500",1,99,"B002",164690,,,," ",7,"GLP",6.61,1.03,1.21,6.78,1.22,8.00,,,,,,,"LTR"
"B","27-10-2019","2019-10-27 00:00:00 -0500",1,99,"B002",164689,,,," ",7,"GLP",2.48,1.03,1.21,2.54,0.46,3.00,,,,,,,"LTR"
"B","27-10-2019","2019-10-27 00:00:00 -0500",1,99,"B002",164688,,,," ",7,"GLP",6.61,1.03,1.21,6.78,1.22,8.00,,,,,,,"LTR"
"B","27-10-2019","2019-10-27 00:00:00 -0500",1,99,"B002",164687,,,," ",7,"GLP",12.4,1.03,1.21,12.71,2.29,15.00,,,,,,,"LTR"
"B","27-10-2019","2019-10-27 00:00:00 -0500",1,99,"B002",164686,,,," ",7,"GLP",7.44,1.03,1.21,7.63,1.37,9.00,,,,,,,"LTR"
"B","27-10-2019","2019-10-27 00:00:00 -0500",1,99,"B002",164685,,,," ",7,"GLP",8.26,1.03,1.21,8.47,1.53,10.00,,,,,,,"LTR"
"B","27-10-2019","2019-10-27 00:00:00 -0500",1,99,"B002",164684,,,," ",7,"GLP",8.26,1.03,1.21,8.47,1.53,10.00,,,,,,,"LTR"
"B","27-10-2019","2019-10-27 00:00:00 -0500",1,99,"B002",164683,,,," ",2,"Gasohol 90",1.58,10.75,12.69,16.95,3.05,20.00,,,,,,,"GLL"
"B","27-10-2019","2019-10-27 00:00:00 -0500",1,99,"B002",164682,,,," ",7,"GLP",8.26,1.03,1.21,8.47,1.53,10.00,,,,,,,"LTR"
"B","27-10-2019","2019-10-27 00:00:00 -0500",1,99,"B002",164681,,,," ",7,"GLP",17.36,1.03,1.21,17.80,3.20,21.00,,,,,,,"LTR"
"B","27-10-2019","2019-10-27 00:00:00 -0500",1,99,"B002",164680,,,," ",7,"GLP",16.53,1.03,1.21,16.95,3.05,20.00,,,,,,,"LTR"
"B","27-10-2019","2019-10-27 00:00:00 -0500",1,99,"B002",164679,,,," ",7,"GLP",8.26,1.03,1.21,8.47,1.53,10.00,,,,,,,"LTR"
"B","27-10-2019","2019-10-27 00:00:00 -0500",1,99,"B002",164678,,,," ",7,"GLP",24.63,1.03,1.21,25.25,4.55,29.80,,,,,,,"LTR"
"B","27-10-2019","2019-10-27 00:00:00 -0500",1,99,"B002",164677,,,," ",2,"Gasohol 90",1.18,10.75,12.69,12.71,2.29,15.00,,,,,,,"GLL"
"B","27-10-2019","2019-10-27 00:00:00 -0500",1,99,"B002",164676,,,," ",7,"GLP",5.79,1.03,1.21,5.93,1.07,7.00,,,,,,,"LTR"
"B","27-10-2019","2019-10-27 00:00:00 -0500",1,99,"B002",164675,,,," ",7,"GLP",24.79,1.03,1.21,25.42,4.58,30.00,,,,,,,"LTR"
"B","27-10-2019","2019-10-27 00:00:00 -0500",1,99,"B002",164674,,,," ",7,"GLP",4.13,1.03,1.21,4.24,0.76,5.00,,,,,,,"LTR"
"B","27-10-2019","2019-10-27 00:00:00 -0500",1,99,"B002",164673,,,," ",7,"GLP",5.79,1.03,1.21,5.93,1.07,7.00,,,,,,,"LTR"
"B","27-10-2019","2019-10-27 00:00:00 -0500",1,99,"B002",164672,,,," ",7,"GLP",33.06,1.03,1.21,33.90,6.10,40.00,,,,,,,"LTR"
"B","27-10-2019","2019-10-27 00:00:00 -0500",1,99,"B002",164671,,,," ",7,"GLP",8.26,1.03,1.21,8.47,1.53,10.00,,,,,,,"LTR"
"B","27-10-2019","2019-10-27 00:00:00 -0500",1,99,"B002",164670,,,," ",7,"GLP",4.13,1.03,1.21,4.24,0.76,5.00,,,,,,,"LTR"
"B","27-10-2019","2019-10-27 00:00:00 -0500",1,99,"B002",164669,,,," ",7,"GLP",12.01,1.03,1.21,12.31,2.22,14.53,,,,,,,"LTR"
"B","27-10-2019","2019-10-27 00:00:00 -0500",1,99,"B002",164668,,,," ",7,"GLP",4.13,1.03,1.21,4.24,0.76,5.00,,,,,,,"LTR"
"B","27-10-2019","2019-10-27 00:00:00 -0500",1,99,"B002",164667,,,," ",7,"GLP",2.48,1.03,1.21,2.54,0.46,3.00,,,,,,,"LTR"
"B","27-10-2019","2019-10-27 00:00:00 -0500",1,99,"B002",164666,,,," ",7,"GLP",8.26,1.03,1.21,8.47,1.53,10.00,,,,,,,"LTR"
"B","27-10-2019","2019-10-27 00:00:00 -0500",1,99,"B002",164665,,,," ",7,"GLP",13.92,1.03,1.21,14.27,2.57,16.84,,,,,,,"LTR"
"B","27-10-2019","2019-10-27 00:00:00 -0500",1,99,"B002",164664,,,," ",2,"Gasohol 90",2.36,10.75,12.69,25.42,4.58,30.00,,,,,,,"GLL"
"B","27-10-2019","2019-10-27 00:00:00 -0500",1,99,"B002",164663,,,," ",7,"GLP",9.92,1.03,1.21,10.17,1.83,12.00,,,,,,,"LTR"
"B","27-10-2019","2019-10-27 00:00:00 -0500",1,99,"B002",164662,,,," ",7,"GLP",8.26,1.03,1.21,8.47,1.53,10.00,,,,,,,"LTR"
"B","27-10-2019","2019-10-27 00:00:00 -0500",1,99,"B002",164661,,,," ",7,"GLP",8.26,1.03,1.21,8.47,1.53,10.00,,,,,,,"LTR"
"B","27-10-2019","2019-10-27 00:00:00 -0500",1,99,"B002",164660,,,," ",7,"GLP",4.13,1.03,1.21,4.24,0.76,5.00,,,,,,,"LTR"
"B","27-10-2019","2019-10-27 00:00:00 -0500",1,99,"B002",164659,,,," ",7,"GLP",4.55,1.03,1.21,4.66,0.84,5.50,,,,,,,"LTR"
"B","27-10-2019","2019-10-27 00:00:00 -0500",1,99,"B002",164658,,,," ",7,"GLP",4.96,1.03,1.21,5.08,0.92,6.00,,,,,,,"LTR"
"B","27-10-2019","2019-10-27 00:00:00 -0500",1,99,"B002",164657,,,," ",7,"GLP",16.86,1.03,1.21,17.29,3.11,20.40,,,,,,,"LTR"
"B","27-10-2019","2019-10-27 00:00:00 -0500",1,99,"B002",164656,,,," ",7,"GLP",9.09,1.03,1.21,9.32,1.68,11.00,,,,,,,"LTR"
"B","27-10-2019","2019-10-27 00:00:00 -0500",1,99,"B002",164655,,,," ",7,"GLP",8.26,1.03,1.21,8.47,1.53,10.00,,,,,,,"LTR"
"B","27-10-2019","2019-10-27 00:00:00 -0500",1,99,"B002",164654,,,," ",7,"GLP",12.43,1.03,1.21,12.75,2.29,15.04,,,,,,,"LTR"
"B","27-10-2019","2019-10-27 00:00:00 -0500",1,99,"B002",164653,,,," ",7,"GLP",9.36,1.03,1.21,9.59,1.73,11.32,,,,,,,"LTR"
"B","27-10-2019","2019-10-27 00:00:00 -0500",1,99,"B002",164652,,,," ",7,"GLP",8.26,1.03,1.21,8.47,1.53,10.00,,,,,,,"LTR"
"B","27-10-2019","2019-10-27 00:00:00 -0500",1,99,"B002",164651,,,," ",7,"GLP",10.74,1.03,1.21,11.02,1.98,13.00,,,,,,,"LTR"
"B","27-10-2019","2019-10-27 00:00:00 -0500",1,99,"B002",164650,,,," ",7,"GLP",12.4,1.03,1.21,12.71,2.29,15.00,,,,,,,"LTR"
"B","27-10-2019","2019-10-27 00:00:00 -0500",1,99,"B002",164649,,,," ",7,"GLP",5.79,1.03,1.21,5.93,1.07,7.00,,,,,,,"LTR"
"B","27-10-2019","2019-10-27 00:00:00 -0500",1,99,"B002",164648,,,," ",7,"GLP",20.66,1.03,1.21,21.19,3.81,25.00,,,,,,,"LTR"
"B","27-10-2019","2019-10-27 00:00:00 -0500",1,99,"B002",164647,,,," ",7,"GLP",4.13,1.03,1.21,4.24,0.76,5.00,,,,,,,"LTR"
"B","27-10-2019","2019-10-27 00:00:00 -0500",1,99,"B002",164646,,,," ",7,"GLP",4.13,1.03,1.21,4.24,0.76,5.00,,,,,,,"LTR"
"B","27-10-2019","2019-10-27 00:00:00 -0500",1,99,"B002",164645,,,," ",7,"GLP",16.53,1.03,1.21,16.95,3.05,20.00,,,,,,,"LTR"
"B","27-10-2019","2019-10-27 00:00:00 -0500",1,99,"B002",164644,,,," ",7,"GLP",24.79,1.03,1.21,25.42,4.58,30.00,,,,,,,"LTR"
"B","27-10-2019","2019-10-27 00:00:00 -0500",1,99,"B002",164643,,,," ",7,"GLP",10.25,1.03,1.21,10.51,1.89,12.40,,,,,,,"LTR"
"B","27-10-2019","2019-10-27 00:00:00 -0500",1,99,"B002",164642,,,," ",7,"GLP",15.21,1.03,1.21,15.59,2.81,18.40,,,,,,,"LTR"
"B","27-10-2019","2019-10-27 00:00:00 -0500",1,99,"B002",164641,,,," ",7,"GLP",6.04,1.03,1.21,6.19,1.12,7.31,,,,,,,"LTR"
"B","27-10-2019","2019-10-27 00:00:00 -0500",1,99,"B002",164640,,,," ",7,"GLP",9.92,1.03,1.21,10.17,1.83,12.00,,,,,,,"LTR"
"B","27-10-2019","2019-10-27 00:00:00 -0500",1,99,"B002",164639,,,," ",7,"GLP",4.13,1.03,1.21,4.24,0.76,5.00,,,,,,,"LTR"
"B","27-10-2019","2019-10-27 00:00:00 -0500",1,99,"B002",164638,,,," ",7,"GLP",16.53,1.03,1.21,16.95,3.05,20.00,,,,,,,"LTR"
"B","27-10-2019","2019-10-27 00:00:00 -0500",1,99,"B002",164637,,,," ",7,"GLP",8.26,1.03,1.21,8.47,1.53,10.00,,,,,,,"LTR"
"B","27-10-2019","2019-10-27 00:00:00 -0500",1,99,"B002",164636,,,," ",7,"GLP",9.92,1.03,1.21,10.17,1.83,12.00,,,,,,,"LTR"
"B","27-10-2019","2019-10-27 00:00:00 -0500",1,99,"B002",164635,,,," ",7,"GLP",5.79,1.03,1.21,5.93,1.07,7.00,,,,,,,"LTR"
"B","27-10-2019","2019-10-27 00:00:00 -0500",1,99,"B002",164634,,,," ",7,"GLP",4.13,1.03,1.21,4.24,0.76,5.00,,,,,,,"LTR"
"B","27-10-2019","2019-10-27 00:00:00 -0500",1,99,"B002",164633,,,," ",7,"GLP",4.13,1.03,1.21,4.24,0.76,5.00,,,,,,,"LTR"
"B","27-10-2019","2019-10-27 00:00:00 -0500",1,99,"B002",164632,,,," ",7,"GLP",4.96,1.03,1.21,5.08,0.92,6.00,,,,,,,"LTR"
"B","27-10-2019","2019-10-27 00:00:00 -0500",1,99,"B002",164631,,,," ",7,"GLP",3.31,1.03,1.21,3.39,0.61,4.00,,,,,,,"LTR"
"B","27-10-2019","2019-10-27 00:00:00 -0500",1,99,"B002",164630,,,," ",7,"GLP",10.91,1.03,1.21,11.19,2.01,13.20,,,,,,,"LTR"
"B","27-10-2019","2019-10-27 00:00:00 -0500",1,99,"B002",164629,,,," ",7,"GLP",16.53,1.03,1.21,16.95,3.05,20.00,,,,,,,"LTR"
"B","27-10-2019","2019-10-27 00:00:00 -0500",1,99,"B002",164628,,,," ",7,"GLP",6.61,1.03,1.21,6.78,1.22,8.00,,,,,,,"LTR"
"B","27-10-2019","2019-10-27 00:00:00 -0500",1,99,"B002",164627,,,," ",5,"DieselPro B5 S50 UV",6.57,10.03,11.84,65.92,11.86,77.78,,,,,,,"GLL"
"B","27-10-2019","2019-10-27 00:00:00 -0500",1,99,"B002",164626,,,," ",7,"GLP",6.61,1.03,1.21,6.78,1.22,8.00,,,,,,,"LTR"
"B","27-10-2019","2019-10-27 00:00:00 -0500",1,99,"B002",164625,,,," ",7,"GLP",10.58,1.03,1.21,10.85,1.95,12.80,,,,,,,"LTR"
"B","27-10-2019","2019-10-27 00:00:00 -0500",1,99,"B002",164624,,,," ",7,"GLP",4.13,1.03,1.21,4.24,0.76,5.00,,,,,,,"LTR"
"B","27-10-2019","2019-10-27 00:00:00 -0500",1,99,"B002",164623,,,," ",7,"GLP",48.43,1.03,1.21,49.66,8.94,58.60,,,,,,,"LTR"
"B","27-10-2019","2019-10-27 00:00:00 -0500",1,99,"B002",164622,,,," ",7,"GLP",16.53,1.03,1.21,16.95,3.05,20.00,,,,,,,"LTR"
"B","27-10-2019","2019-10-27 00:00:00 -0500",1,99,"B002",164621,,,," ",7,"GLP",4.96,1.03,1.21,5.08,0.92,6.00,,,,,,,"LTR"
"B","27-10-2019","2019-10-27 00:00:00 -0500",1,99,"B002",164620,,,," ",7,"GLP",4.96,1.03,1.21,5.08,0.92,6.00,,,,,,,"LTR"
"B","27-10-2019","2019-10-27 00:00:00 -0500",1,99,"B002",164619,,,," ",7,"GLP",4.13,1.03,1.21,4.24,0.76,5.00,,,,,,,"LTR"
"B","27-10-2019","2019-10-27 00:00:00 -0500",1,99,"B002",164618,,,," ",7,"GLP",8.26,1.03,1.21,8.47,1.53,10.00,,,,,,,"LTR"
"B","27-10-2019","2019-10-27 00:00:00 -0500",1,99,"B002",164617,,,," ",7,"GLP",8.26,1.03,1.21,8.47,1.53,10.00,,,,,,,"LTR"
"B","27-10-2019","2019-10-27 00:00:00 -0500",1,99,"B002",164616,,,," ",7,"GLP",40.5,1.03,1.21,41.53,7.47,49.00,,,,,,,"LTR"
"B","27-10-2019","2019-10-27 00:00:00 -0500",1,99,"B002",164615,,,," ",7,"GLP",8.26,1.03,1.21,8.47,1.53,10.00,,,,,,,"LTR"
"B","27-10-2019","2019-10-27 00:00:00 -0500",1,99,"B002",164614,,,," ",7,"GLP",21.92,1.03,1.21,22.47,4.05,26.52,,,,,,,"LTR"
"B","27-10-2019","2019-10-27 00:00:00 -0500",1,99,"B002",164613,,,," ",7,"GLP",5.79,1.03,1.21,5.93,1.07,7.00,,,,,,,"LTR"
"B","27-10-2019","2019-10-27 00:00:00 -0500",1,99,"B002",164612,,,," ",7,"GLP",7.44,1.03,1.21,7.63,1.37,9.00,,,,,,,"LTR"
"B","27-10-2019","2019-10-27 00:00:00 -0500",1,99,"B002",164611,,,," ",7,"GLP",5.79,1.03,1.21,5.93,1.07,7.00,,,,,,,"LTR"
"B","27-10-2019","2019-10-27 00:00:00 -0500",1,99,"B002",164610,,,," ",7,"GLP",4.13,1.03,1.21,4.24,0.76,5.00,,,,,,,"LTR"
"B","27-10-2019","2019-10-27 00:00:00 -0500",1,99,"B002",164609,,,," ",7,"GLP",4.13,1.03,1.21,4.24,0.76,5.00,,,,,,,"LTR"
"B","27-10-2019","2019-10-27 00:00:00 -0500",1,99,"B002",164608,,,," ",7,"GLP",4.13,1.03,1.21,4.24,0.76,5.00,,,,,,,"LTR"
"B","27-10-2019","2019-10-27 00:00:00 -0500",1,99,"B002",164607,,,," ",7,"GLP",8.26,1.03,1.21,8.47,1.53,10.00,,,,,,,"LTR"
"B","27-10-2019","2019-10-27 00:00:00 -0500",1,99,"B002",164606,,,," ",7,"GLP",6.61,1.03,1.21,6.78,1.22,8.00,,,,,,,"LTR"
"B","27-10-2019","2019-10-27 00:00:00 -0500",1,99,"B002",164605,,,," ",7,"GLP",8.26,1.03,1.21,8.47,1.53,10.00,,,,,,,"LTR"
"B","27-10-2019","2019-10-27 00:00:00 -0500",1,99,"B002",164604,,,," ",7,"GLP",8.26,1.03,1.21,8.47,1.53,10.00,,,,,,,"LTR"
"B","27-10-2019","2019-10-27 00:00:00 -0500",1,99,"B002",164603,,,," ",7,"GLP",6.61,1.03,1.21,6.78,1.22,8.00,,,,,,,"LTR"
"B","27-10-2019","2019-10-27 00:00:00 -0500",1,99,"B002",164602,,,," ",7,"GLP",16.53,1.03,1.21,16.95,3.05,20.00,,,,,,,"LTR"
"B","27-10-2019","2019-10-27 00:00:00 -0500",1,99,"B002",164601,,,," ",7,"GLP",4.13,1.03,1.21,4.24,0.76,5.00,,,,,,,"LTR"
"B","27-10-2019","2019-10-27 00:00:00 -0500",1,99,"B002",164600,,,," ",7,"GLP",6.61,1.03,1.21,6.78,1.22,8.00,,,,,,,"LTR"
"B","27-10-2019","2019-10-27 00:00:00 -0500",1,99,"B002",164599,,,," ",7,"GLP",8.26,1.03,1.21,8.47,1.53,10.00,,,,,,,"LTR"
"B","27-10-2019","2019-10-27 00:00:00 -0500",1,99,"B002",164598,,,," ",7,"GLP",16.45,1.03,1.21,16.86,3.04,19.90,,,,,,,"LTR"
"B","27-10-2019","2019-10-27 00:00:00 -0500",1,99,"B002",164597,,,," ",7,"GLP",7.44,1.03,1.21,7.63,1.37,9.00,,,,,,,"LTR"
"B","27-10-2019","2019-10-27 00:00:00 -0500",1,99,"B002",164596,,,," ",7,"GLP",4.13,1.03,1.21,4.24,0.76,5.00,,,,,,,"LTR"
"B","27-10-2019","2019-10-27 00:00:00 -0500",1,99,"B002",164595,,,," ",7,"GLP",16.53,1.03,1.21,16.95,3.05,20.00,,,,,,,"LTR"
"B","27-10-2019","2019-10-27 00:00:00 -0500",1,99,"B002",164594,,,," ",7,"GLP",8.26,1.03,1.21,8.47,1.53,10.00,,,,,,,"LTR"
"B","27-10-2019","2019-10-27 00:00:00 -0500",1,99,"B002",164593,,,," ",7,"GLP",9.92,1.03,1.21,10.17,1.83,12.00,,,,,,,"LTR"
"B","27-10-2019","2019-10-27 00:00:00 -0500",1,99,"B002",164592,,,," ",7,"GLP",8.26,1.03,1.21,8.47,1.53,10.00,,,,,,,"LTR"
"B","27-10-2019","2019-10-27 00:00:00 -0500",1,99,"B002",164591,,,," ",7,"GLP",8.26,1.03,1.21,8.47,1.53,10.00,,,,,,,"LTR"
"B","27-10-2019","2019-10-27 00:00:00 -0500",1,99,"B002",164590,,,," ",7,"GLP",4.13,1.03,1.21,4.24,0.76,5.00,,,,,,,"LTR"
"B","27-10-2019","2019-10-27 00:00:00 -0500",1,99,"B002",164589,,,," ",2,"Gasohol 90",0.79,10.75,12.69,8.47,1.53,10.00,,,,,,,"GLL"
"B","27-10-2019","2019-10-27 00:00:00 -0500",1,99,"B002",164588,,,," ",7,"GLP",9.55,1.03,1.21,9.80,1.76,11.56,,,,,,,"LTR"
"B","27-10-2019","2019-10-27 00:00:00 -0500",1,99,"B002",164587,,,," ",7,"GLP",5.79,1.03,1.21,5.93,1.07,7.00,,,,,,,"LTR"
"B","27-10-2019","2019-10-27 00:00:00 -0500",1,99,"B002",164586,,,," ",7,"GLP",5.79,1.03,1.21,5.93,1.07,7.00,,,,,,,"LTR"
"B","27-10-2019","2019-10-27 00:00:00 -0500",1,99,"B002",164585,,,," ",7,"GLP",12.4,1.03,1.21,12.71,2.29,15.00,,,,,,,"LTR"
"B","27-10-2019","2019-10-27 00:00:00 -0500",1,99,"B002",164584,,,," ",7,"GLP",7.85,1.03,1.21,8.05,1.45,9.50,,,,,,,"LTR"
"B","27-10-2019","2019-10-27 00:00:00 -0500",1,99,"B002",164583,,,," ",7,"GLP",4.13,1.03,1.21,4.24,0.76,5.00,,,,,,,"LTR"
"B","27-10-2019","2019-10-27 00:00:00 -0500",1,99,"B002",164582,,,," ",7,"GLP",8.26,1.03,1.21,8.47,1.53,10.00,,,,,,,"LTR"
"B","27-10-2019","2019-10-27 00:00:00 -0500",1,99,"B002",164581,,,," ",7,"GLP",10.74,1.03,1.21,11.02,1.98,13.00,,,,,,,"LTR"
"B","27-10-2019","2019-10-27 00:00:00 -0500",1,99,"B002",164580,,,," ",7,"GLP",4.13,1.03,1.21,4.24,0.76,5.00,,,,,,,"LTR"
"B","27-10-2019","2019-10-27 00:00:00 -0500",1,99,"B002",164579,,,," ",7,"GLP",4.13,1.03,1.21,4.24,0.76,5.00,,,,,,,"LTR"
"B","27-10-2019","2019-10-27 00:00:00 -0500",1,99,"B002",164578,,,," ",7,"GLP",8.26,1.03,1.21,8.47,1.53,10.00,,,,,,,"LTR"
"B","27-10-2019","2019-10-27 00:00:00 -0500",1,99,"B002",164577,,,," ",7,"GLP",33.47,1.03,1.21,34.32,6.18,40.50,,,,,,,"LTR"
"B","27-10-2019","2019-10-27 00:00:00 -0500",1,99,"B002",164576,,,," ",7,"GLP",6.61,1.03,1.21,6.78,1.22,8.00,,,,,,,"LTR"
"B","27-10-2019","2019-10-27 00:00:00 -0500",1,99,"B002",164575,,,," ",7,"GLP",5.79,1.03,1.21,5.93,1.07,7.00,,,,,,,"LTR"
"B","27-10-2019","2019-10-27 00:00:00 -0500",1,99,"B002",164574,,,," ",7,"GLP",14.88,1.03,1.21,15.26,2.75,18.01,,,,,,,"LTR"
"B","27-10-2019","2019-10-27 00:00:00 -0500",1,99,"B002",164573,,,," ",7,"GLP",23.14,1.03,1.21,23.73,4.27,28.00,,,,,,,"LTR"
"B","27-10-2019","2019-10-27 00:00:00 -0500",1,99,"B002",164572,,,," ",7,"GLP",7.44,1.03,1.21,7.63,1.37,9.00,,,,,,,"LTR"
"B","27-10-2019","2019-10-27 00:00:00 -0500",1,99,"B002",164571,,,," ",7,"GLP",4.96,1.03,1.21,5.08,0.92,6.00,,,,,,,"LTR"
"B","27-10-2019","2019-10-27 00:00:00 -0500",1,99,"B002",164570,,,," ",7,"GLP",8.26,1.03,1.21,8.47,1.53,10.00,,,,,,,"LTR"
"B","27-10-2019","2019-10-27 00:00:00 -0500",1,99,"B002",164569,,,," ",7,"GLP",11.57,1.03,1.21,11.86,2.14,14.00,,,,,,,"LTR"
"B","27-10-2019","2019-10-27 00:00:00 -0500",1,99,"B002",164568,,,," ",7,"GLP",8.26,1.03,1.21,8.47,1.53,10.00,,,,,,,"LTR"
"B","27-10-2019","2019-10-27 00:00:00 -0500",1,99,"B002",164567,,,," ",7,"GLP",7.44,1.03,1.21,7.63,1.37,9.00,,,,,,,"LTR"
"B","27-10-2019","2019-10-27 00:00:00 -0500",1,99,"B002",164566,,,," ",7,"GLP",4.13,1.03,1.21,4.24,0.76,5.00,,,,,,,"LTR"
"B","27-10-2019","2019-10-27 00:00:00 -0500",1,99,"B002",164565,,,," ",7,"GLP",4.13,1.03,1.21,4.24,0.76,5.00,,,,,,,"LTR"
"B","27-10-2019","2019-10-27 00:00:00 -0500",1,99,"B002",164564,,,," ",7,"GLP",3.64,1.03,1.21,3.73,0.67,4.40,,,,,,,"LTR"
"B","27-10-2019","2019-10-27 00:00:00 -0500",1,99,"B002",164563,,,," ",7,"GLP",16.53,1.03,1.21,16.95,3.05,20.00,,,,,,,"LTR"
"B","27-10-2019","2019-10-27 00:00:00 -0500",1,99,"B002",164562,,,," ",7,"GLP",4.96,1.03,1.21,5.08,0.92,6.00,,,,,,,"LTR"
"B","27-10-2019","2019-10-27 00:00:00 -0500",1,99,"B002",164561,,,," ",7,"GLP",16.53,1.03,1.21,16.95,3.05,20.00,,,,,,,"LTR"
"B","27-10-2019","2019-10-27 00:00:00 -0500",1,99,"B002",164560,,,," ",7,"GLP",3.31,1.03,1.21,3.39,0.61,4.00,,,,,,,"LTR"
"B","27-10-2019","2019-10-27 00:00:00 -0500",1,99,"B002",164559,,,," ",4,"Gasohol 98",1.29,13.13,15.49,16.95,3.05,20.00,,,,,,,"GLL"
"B","27-10-2019","2019-10-27 00:00:00 -0500",1,99,"B002",164558,,,," ",2,"Gasohol 90",0.79,10.75,12.69,8.47,1.53,10.00,,,,,,,"GLL"
"B","27-10-2019","2019-10-27 00:00:00 -0500",1,99,"B002",164557,,,," ",7,"GLP",7.31,1.03,1.21,7.50,1.35,8.85,,,,,,,"LTR"
"B","27-10-2019","2019-10-27 00:00:00 -0500",1,99,"B002",164556,,,," ",7,"GLP",8.26,1.03,1.21,8.47,1.53,10.00,,,,,,,"LTR"
"B","27-10-2019","2019-10-27 00:00:00 -0500",1,99,"B002",164555,,,," ",7,"GLP",4.96,1.03,1.21,5.08,0.92,6.00,,,,,,,"LTR"
"B","27-10-2019","2019-10-27 00:00:00 -0500",1,99,"B002",164554,,,," ",7,"GLP",7.2,1.03,1.21,7.38,1.33,8.71,,,,,,,"LTR"
"B","27-10-2019","2019-10-27 00:00:00 -0500",1,99,"B002",164553,,,," ",7,"GLP",16.53,1.03,1.21,16.95,3.05,20.00,,,,,,,"LTR"
"B","27-10-2019","2019-10-27 00:00:00 -0500",1,99,"B002",164552,,,," ",7,"GLP",8.26,1.03,1.21,8.47,1.53,10.00,,,,,,,"LTR"
"B","27-10-2019","2019-10-27 00:00:00 -0500",1,99,"B002",164551,,,," ",7,"GLP",8.26,1.03,1.21,8.47,1.53,10.00,,,,,,,"LTR"
"B","27-10-2019","2019-10-27 00:00:00 -0500",1,99,"B002",164550,,,," ",7,"GLP",12.49,1.03,1.21,12.81,2.30,15.11,,,,,,,"LTR"
"B","27-10-2019","2019-10-27 00:00:00 -0500",1,99,"B002",164549,,,," ",7,"GLP",9.92,1.03,1.21,10.17,1.83,12.00,,,,,,,"LTR"
"B","27-10-2019","2019-10-27 00:00:00 -0500",1,99,"B002",164548,,,," ",7,"GLP",9.92,1.03,1.21,10.17,1.83,12.00,,,,,,,"LTR"
"B","27-10-2019","2019-10-27 00:00:00 -0500",1,99,"B002",164547,,,," ",7,"GLP",4.13,1.03,1.21,4.24,0.76,5.00,,,,,,,"LTR"
"B","27-10-2019","2019-10-27 00:00:00 -0500",1,99,"B002",164546,,,," ",7,"GLP",4.13,1.03,1.21,4.24,0.76,5.00,,,,,,,"LTR"
"B","27-10-2019","2019-10-27 00:00:00 -0500",1,99,"B002",164545,,,," ",7,"GLP",0.02,1.03,1.21,0.02,0.00,0.02,,,,,,,"LTR"
"B","27-10-2019","2019-10-27 00:00:00 -0500",1,99,"B002",164544,,,," ",7,"GLP",4.13,1.03,1.21,4.24,0.76,5.00,,,,,,,"LTR"
"B","27-10-2019","2019-10-27 00:00:00 -0500",1,99,"B002",164543,,,," ",7,"GLP",4.13,1.03,1.21,4.24,0.76,5.00,,,,,,,"LTR"
"B","27-10-2019","2019-10-27 00:00:00 -0500",1,99,"B002",164542,,,," ",7,"GLP",12.4,1.03,1.21,12.71,2.29,15.00,,,,,,,"LTR"
"B","27-10-2019","2019-10-27 00:00:00 -0500",1,99,"B002",164541,,,," ",7,"GLP",12.4,1.03,1.21,12.71,2.29,15.00,,,,,,,"LTR"
"B","27-10-2019","2019-10-27 00:00:00 -0500",1,99,"B002",164540,,,," ",7,"GLP",9.26,1.03,1.21,9.49,1.71,11.20,,,,,,,"LTR"
"B","27-10-2019","2019-10-27 00:00:00 -0500",1,99,"B002",164539,,,," ",7,"GLP",8.26,1.03,1.21,8.47,1.53,10.00,,,,,,,"LTR"
"B","27-10-2019","2019-10-27 00:00:00 -0500",1,99,"B002",164538,,,," ",7,"GLP",4.13,1.03,1.21,4.24,0.76,5.00,,,,,,,"LTR"
"B","27-10-2019","2019-10-27 00:00:00 -0500",1,99,"B002",164537,,,," ",7,"GLP",6.61,1.03,1.21,6.78,1.22,8.00,,,,,,,"LTR"
"B","27-10-2019","2019-10-27 00:00:00 -0500",1,99,"B002",164536,,,," ",7,"GLP",45.62,1.03,1.21,46.78,8.42,55.20,,,,,,,"LTR"
"B","27-10-2019","2019-10-27 00:00:00 -0500",1,99,"B002",164535,,,," ",7,"GLP",8.26,1.03,1.21,8.47,1.53,10.00,,,,,,,"LTR"
"B","27-10-2019","2019-10-27 00:00:00 -0500",1,99,"B002",164534,,,," ",7,"GLP",11.52,1.03,1.21,11.81,2.13,13.94,,,,,,,"LTR"
"B","27-10-2019","2019-10-27 00:00:00 -0500",1,99,"B002",164533,,,," ",7,"GLP",5.79,1.03,1.21,5.93,1.07,7.00,,,,,,,"LTR"
"B","27-10-2019","2019-10-27 00:00:00 -0500",1,99,"B002",164532,,,," ",4,"Gasohol 98",2.58,13.13,15.49,33.90,6.10,40.00,,,,,,,"GLL"
"B","27-10-2019","2019-10-27 00:00:00 -0500",1,99,"B002",164531,,,," ",7,"GLP",16.53,1.03,1.21,16.95,3.05,20.00,,,,,,,"LTR"
"B","27-10-2019","2019-10-27 00:00:00 -0500",1,99,"B002",164530,,,," ",7,"GLP",4.96,1.03,1.21,5.08,0.92,6.00,,,,,,,"LTR"
"B","27-10-2019","2019-10-27 00:00:00 -0500",1,99,"B002",164529,,,," ",7,"GLP",7.85,1.03,1.21,8.05,1.45,9.50,,,,,,,"LTR"
"B","27-10-2019","2019-10-27 00:00:00 -0500",1,99,"B002",164528,,,," ",7,"GLP",3.31,1.03,1.21,3.39,0.61,4.00,,,,,,,"LTR"
"B","27-10-2019","2019-10-27 00:00:00 -0500",1,99,"B002",164527,,,," ",7,"GLP",7.44,1.03,1.21,7.63,1.37,9.00,,,,,,,"LTR"
"B","27-10-2019","2019-10-27 00:00:00 -0500",1,99,"B002",164526,,,," ",7,"GLP",24.79,1.03,1.21,25.42,4.58,30.00,,,,,,,"LTR"
"B","27-10-2019","2019-10-27 00:00:00 -0500",1,99,"B002",164525,,,," ",7,"GLP",6.61,1.03,1.21,6.78,1.22,8.00,,,,,,,"LTR"
"B","27-10-2019","2019-10-27 00:00:00 -0500",1,99,"B002",164524,,,," ",7,"GLP",4.13,1.03,1.21,4.24,0.76,5.00,,,,,,,"LTR"
"B","27-10-2019","2019-10-27 00:00:00 -0500",1,99,"B002",164523,,,," ",7,"GLP",24.79,1.03,1.21,25.42,4.58,30.00,,,,,,,"LTR"
"B","27-10-2019","2019-10-27 00:00:00 -0500",1,99,"B002",164522,,,," ",4,"Gasohol 98",1.29,13.13,15.49,16.95,3.05,20.00,,,,,,,"GLL"
"B","27-10-2019","2019-10-27 00:00:00 -0500",1,99,"B002",164521,,,," ",7,"GLP",34.71,1.03,1.21,35.59,6.41,42.00,,,,,,,"LTR"
"B","27-10-2019","2019-10-27 00:00:00 -0500",1,99,"B002",164520,,,," ",7,"GLP",8.26,1.03,1.21,8.47,1.53,10.00,,,,,,,"LTR"
"B","27-10-2019","2019-10-27 00:00:00 -0500",1,99,"B002",164519,,,," ",7,"GLP",5.79,1.03,1.21,5.93,1.07,7.00,,,,,,,"LTR"
"B","27-10-2019","2019-10-27 00:00:00 -0500",1,99,"B002",164518,,,," ",7,"GLP",4.13,1.03,1.21,4.24,0.76,5.00,,,,,,,"LTR"
"B","27-10-2019","2019-10-27 00:00:00 -0500",1,99,"B002",164517,,,," ",7,"GLP",9.92,1.03,1.21,10.17,1.83,12.00,,,,,,,"LTR"
"B","27-10-2019","2019-10-27 00:00:00 -0500",1,99,"B002",164516,,,," ",7,"GLP",8.26,1.03,1.21,8.47,1.53,10.00,,,,,,,"LTR"
"B","27-10-2019","2019-10-27 00:00:00 -0500",1,99,"B002",164515,,,," ",7,"GLP",8.26,1.03,1.21,8.47,1.53,10.00,,,,,,,"LTR"
"B","27-10-2019","2019-10-27 00:00:00 -0500",1,99,"B002",164514,,,," ",7,"GLP",4.13,1.03,1.21,4.24,0.76,5.00,,,,,,,"LTR"
"B","27-10-2019","2019-10-27 00:00:00 -0500",1,99,"B002",164513,,,," ",7,"GLP",16.53,1.03,1.21,16.95,3.05,20.00,,,,,,,"LTR"
"B","27-10-2019","2019-10-27 00:00:00 -0500",1,99,"B002",164512,,,," ",7,"GLP",16.31,1.03,1.21,16.72,3.01,19.73,,,,,,,"LTR"
"B","27-10-2019","2019-10-27 00:00:00 -0500",1,99,"B002",164511,,,," ",7,"GLP",12.56,1.03,1.21,12.88,2.32,15.20,,,,,,,"LTR"
"B","27-10-2019","2019-10-27 00:00:00 -0500",1,99,"B002",164510,,,," ",7,"GLP",12.4,1.03,1.21,12.71,2.29,15.00,,,,,,,"LTR"
"B","27-10-2019","2019-10-27 00:00:00 -0500",1,99,"B002",164509,,,," ",7,"GLP",9.09,1.03,1.21,9.32,1.68,11.00,,,,,,,"LTR"
"B","27-10-2019","2019-10-27 00:00:00 -0500",1,99,"B002",164508,,,," ",4,"Gasohol 98",6.46,13.13,15.49,84.75,15.25,100.00,,,,,,,"GLL"
"B","27-10-2019","2019-10-27 00:00:00 -0500",1,99,"B002",164507,,,," ",7,"GLP",4.13,1.03,1.21,4.24,0.76,5.00,,,,,,,"LTR"
"B","27-10-2019","2019-10-27 00:00:00 -0500",1,99,"B002",164506,,,," ",7,"GLP",35.37,1.03,1.21,36.27,6.53,42.80,,,,,,,"LTR"
"B","27-10-2019","2019-10-27 00:00:00 -0500",1,99,"B002",164505,,,," ",7,"GLP",8.26,1.03,1.21,8.47,1.53,10.00,,,,,,,"LTR"
"B","27-10-2019","2019-10-27 00:00:00 -0500",1,99,"B002",164504,,,," ",7,"GLP",8.26,1.03,1.21,8.47,1.53,10.00,,,,,,,"LTR"
"B","27-10-2019","2019-10-27 00:00:00 -0500",1,99,"B002",164503,,,," ",7,"GLP",18.17,1.03,1.21,18.63,3.35,21.98,,,,,,,"LTR"
"B","27-10-2019","2019-10-27 00:00:00 -0500",1,99,"B002",164502,,,," ",7,"GLP",16.53,1.03,1.21,16.95,3.05,20.00,,,,,,,"LTR"
"B","27-10-2019","2019-10-27 00:00:00 -0500",1,99,"B002",164501,,,," ",7,"GLP",14.02,1.03,1.21,14.37,2.59,16.96,,,,,,,"LTR"
"B","27-10-2019","2019-10-27 00:00:00 -0500",1,99,"B002",164500,,,," ",7,"GLP",3.31,1.03,1.21,3.39,0.61,4.00,,,,,,,"LTR"
"B","27-10-2019","2019-10-27 00:00:00 -0500",1,99,"B002",164499,,,," ",7,"GLP",8.26,1.03,1.21,8.47,1.53,10.00,,,,,,,"LTR"
"B","27-10-2019","2019-10-27 00:00:00 -0500",1,99,"B002",164498,,,," ",7,"GLP",9.34,1.03,1.21,9.58,1.72,11.30,,,,,,,"LTR"
"B","27-10-2019","2019-10-27 00:00:00 -0500",1,99,"B002",164497,,,," ",7,"GLP",6.61,1.03,1.21,6.78,1.22,8.00,,,,,,,"LTR"
"B","27-10-2019","2019-10-27 00:00:00 -0500",1,99,"B002",164496,,,," ",7,"GLP",4.13,1.03,1.21,4.24,0.76,5.00,,,,,,,"LTR"
"B","27-10-2019","2019-10-27 00:00:00 -0500",1,99,"B002",164495,,,," ",7,"GLP",8.26,1.03,1.21,8.47,1.53,10.00,,,,,,,"LTR"
"B","27-10-2019","2019-10-27 00:00:00 -0500",1,99,"B002",164494,,,," ",7,"GLP",3.31,1.03,1.21,3.40,0.61,4.01,,,,,,,"LTR"
"B","27-10-2019","2019-10-27 00:00:00 -0500",1,99,"B002",164493,,,," ",7,"GLP",8.26,1.03,1.21,8.47,1.53,10.00,,,,,,,"LTR"
"B","27-10-2019","2019-10-27 00:00:00 -0500",1,99,"B002",164492,,,," ",7,"GLP",8.26,1.03,1.21,8.47,1.53,10.00,,,,,,,"LTR"
"B","27-10-2019","2019-10-27 00:00:00 -0500",1,99,"B002",164491,,,," ",7,"GLP",2.48,1.03,1.21,2.54,0.46,3.00,,,,,,,"LTR"
"B","27-10-2019","2019-10-27 00:00:00 -0500",1,99,"B002",164490,,,," ",7,"GLP",2.48,1.03,1.21,2.54,0.46,3.00,,,,,,,"LTR"
"B","27-10-2019","2019-10-27 00:00:00 -0500",1,99,"B002",164489,,,," ",7,"GLP",11.57,1.03,1.21,11.86,2.14,14.00,,,,,,,"LTR"
"B","27-10-2019","2019-10-27 00:00:00 -0500",1,99,"B002",164488,,,," ",7,"GLP",0.84,1.03,1.21,0.86,0.15,1.01,,,,,,,"LTR"
"B","27-10-2019","2019-10-27 00:00:00 -0500",1,99,"B002",164487,,,," ",7,"GLP",4.96,1.03,1.21,5.08,0.92,6.00,,,,,,,"LTR"
"B","27-10-2019","2019-10-27 00:00:00 -0500",1,99,"B002",164486,,,," ",7,"GLP",12.4,1.03,1.21,12.71,2.29,15.00,,,,,,,"LTR"
"B","27-10-2019","2019-10-27 00:00:00 -0500",1,99,"B002",164485,,,," ",7,"GLP",13.8,1.03,1.21,14.15,2.55,16.70,,,,,,,"LTR"
"B","27-10-2019","2019-10-27 00:00:00 -0500",1,99,"B002",164484,,,," ",7,"GLP",20.22,1.03,1.21,20.73,3.73,24.46,,,,,,,"LTR"
"B","27-10-2019","2019-10-27 00:00:00 -0500",1,99,"B002",164483,,,," ",7,"GLP",10.83,1.03,1.21,11.10,2.00,13.10,,,,,,,"LTR"
"B","27-10-2019","2019-10-27 00:00:00 -0500",1,99,"B002",164482,,,," ",7,"GLP",5.79,1.03,1.21,5.93,1.07,7.00,,,,,,,"LTR"
"B","27-10-2019","2019-10-27 00:00:00 -0500",1,99,"B002",164481,,,," ",7,"GLP",5.79,1.03,1.21,5.93,1.07,7.00,,,,,,,"LTR"
"B","27-10-2019","2019-10-27 00:00:00 -0500",1,99,"B002",164480,,,," ",7,"GLP",6.61,1.03,1.21,6.78,1.22,8.00,,,,,,,"LTR"
"B","27-10-2019","2019-10-27 00:00:00 -0500",1,99,"B002",164479,,,," ",7,"GLP",20.66,1.03,1.21,21.19,3.81,25.00,,,,,,,"LTR"
"B","27-10-2019","2019-10-27 00:00:00 -0500",1,99,"B002",164478,,,," ",7,"GLP",8.26,1.03,1.21,8.47,1.53,10.00,,,,,,,"LTR"
"B","27-10-2019","2019-10-27 00:00:00 -0500",1,99,"B002",164477,,,," ",7,"GLP",12.4,1.03,1.21,12.71,2.29,15.00,,,,,,,"LTR"
"B","27-10-2019","2019-10-27 00:00:00 -0500",1,99,"B002",164476,,,," ",7,"GLP",4.13,1.03,1.21,4.24,0.76,5.00,,,,,,,"LTR"
"B","27-10-2019","2019-10-27 00:00:00 -0500",1,99,"B002",164475,,,," ",5,"DieselPro B5 S50 UV",1.27,10.03,11.84,12.71,2.29,15.00,,,,,,,"GLL"
"B","27-10-2019","2019-10-27 00:00:00 -0500",1,99,"B002",164474,,,," ",7,"GLP",4.96,1.03,1.21,5.08,0.92,6.00,,,,,,,"LTR"
"B","27-10-2019","2019-10-27 00:00:00 -0500",1,99,"B002",164473,,,," ",2,"Gasohol 90",1.1,10.75,12.69,11.85,2.13,13.98,,,,,,,"GLL"
"B","27-10-2019","2019-10-27 00:00:00 -0500",1,99,"B002",164472,,,," ",7,"GLP",7.44,1.03,1.21,7.63,1.37,9.00,,,,,,,"LTR"
"B","27-10-2019","2019-10-27 00:00:00 -0500",1,99,"B002",164471,,,," ",7,"GLP",10.74,1.03,1.21,11.02,1.98,13.00,,,,,,,"LTR"
"B","27-10-2019","2019-10-27 00:00:00 -0500",1,99,"B002",164470,,,," ",7,"GLP",5.79,1.03,1.21,5.93,1.07,7.00,,,,,,,"LTR"
"B","27-10-2019","2019-10-27 00:00:00 -0500",1,99,"B002",164469,,,," ",7,"GLP",3.72,1.03,1.21,3.81,0.69,4.50,,,,,,,"LTR"
"B","27-10-2019","2019-10-27 00:00:00 -0500",1,99,"B002",164468,,,," ",7,"GLP",12.43,1.03,1.21,12.75,2.29,15.04,,,,,,,"LTR"
"B","27-10-2019","2019-10-27 00:00:00 -0500",1,99,"B002",164467,,,," ",7,"GLP",4.96,1.03,1.21,5.08,0.92,6.00,,,,,,,"LTR"
"B","27-10-2019","2019-10-27 00:00:00 -0500",1,99,"B002",164466,,,," ",7,"GLP",6.61,1.03,1.21,6.78,1.22,8.00,,,,,,,"LTR"
"B","27-10-2019","2019-10-27 00:00:00 -0500",1,99,"B002",164465,,,," ",7,"GLP",8.27,1.03,1.21,8.48,1.53,10.01,,,,,,,"LTR"
"B","27-10-2019","2019-10-27 00:00:00 -0500",1,99,"B002",164464,,,," ",7,"GLP",8.26,1.03,1.21,8.47,1.53,10.00,,,,,,,"LTR"
"B","27-10-2019","2019-10-27 00:00:00 -0500",1,99,"B002",164463,,,," ",7,"GLP",5.79,1.03,1.21,5.93,1.07,7.00,,,,,,,"LTR"
"B","27-10-2019","2019-10-27 00:00:00 -0500",1,99,"B002",164462,,,," ",7,"GLP",5.79,1.03,1.21,5.93,1.07,7.00,,,,,,,"LTR"
"B","27-10-2019","2019-10-27 00:00:00 -0500",1,99,"B002",164461,,,," ",7,"GLP",7.11,1.03,1.21,7.29,1.31,8.60,,,,,,,"LTR"
"B","27-10-2019","2019-10-27 00:00:00 -0500",1,99,"B002",164460,,,," ",2,"Gasohol 90",0.24,10.75,12.69,2.54,0.46,3.00,,,,,,,"GLL"
"B","27-10-2019","2019-10-27 00:00:00 -0500",1,99,"B002",164459,,,," ",7,"GLP",8.26,1.03,1.21,8.47,1.53,10.00,,,,,,,"LTR"
"B","27-10-2019","2019-10-27 00:00:00 -0500",1,99,"B002",164458,,,," ",7,"GLP",8.26,1.03,1.21,8.47,1.53,10.00,,,,,,,"LTR"
"B","27-10-2019","2019-10-27 00:00:00 -0500",1,99,"B002",164457,,,," ",7,"GLP",8.26,1.03,1.21,8.47,1.53,10.00,,,,,,,"LTR"
"B","27-10-2019","2019-10-27 00:00:00 -0500",1,99,"B002",164456,,,," ",7,"GLP",19.57,1.03,1.21,20.07,3.61,23.68,,,,,,,"LTR"
"B","27-10-2019","2019-10-27 00:00:00 -0500",1,99,"B002",164455,,,," ",7,"GLP",8.26,1.03,1.21,8.47,1.53,10.00,,,,,,,"LTR"
"B","27-10-2019","2019-10-27 00:00:00 -0500",1,99,"B002",164454,,,," ",7,"GLP",4.13,1.03,1.21,4.24,0.76,5.00,,,,,,,"LTR"
"B","27-10-2019","2019-10-27 00:00:00 -0500",1,99,"B002",164453,,,," ",7,"GLP",8.26,1.03,1.21,8.47,1.53,10.00,,,,,,,"LTR"
"B","27-10-2019","2019-10-27 00:00:00 -0500",1,99,"B002",164452,,,," ",7,"GLP",5.54,1.03,1.21,5.68,1.02,6.70,,,,,,,"LTR"
"B","27-10-2019","2019-10-27 00:00:00 -0500",1,99,"B002",164451,,,," ",7,"GLP",16.53,1.03,1.21,16.95,3.05,20.00,,,,,,,"LTR"
"B","27-10-2019","2019-10-27 00:00:00 -0500",1,99,"B002",164450,,,," ",7,"GLP",6.94,1.03,1.21,7.12,1.28,8.40,,,,,,,"LTR"
"B","27-10-2019","2019-10-27 00:00:00 -0500",1,99,"B002",164449,,,," ",7,"GLP",8.26,1.03,1.21,8.47,1.53,10.00,,,,,,,"LTR"
"B","27-10-2019","2019-10-27 00:00:00 -0500",1,99,"B002",164448,,,," ",2,"Gasohol 90",1.58,10.75,12.69,16.95,3.05,20.00,,,,,,,"GLL"
"B","27-10-2019","2019-10-27 00:00:00 -0500",1,99,"B002",164447,,,," ",7,"GLP",6.78,1.03,1.21,6.95,1.25,8.20,,,,,,,"LTR"
"B","27-10-2019","2019-10-27 00:00:00 -0500",1,99,"B002",164446,,,," ",7,"GLP",8.26,1.03,1.21,8.47,1.53,10.00,,,,,,,"LTR"
"B","27-10-2019","2019-10-27 00:00:00 -0500",1,99,"B002",164445,,,," ",7,"GLP",12.4,1.03,1.21,12.71,2.29,15.00,,,,,,,"LTR"
"B","27-10-2019","2019-10-27 00:00:00 -0500",1,99,"B002",164444,,,," ",7,"GLP",4.13,1.03,1.21,4.24,0.76,5.00,,,,,,,"LTR"
"B","27-10-2019","2019-10-27 00:00:00 -0500",1,99,"B002",164443,,,," ",7,"GLP",5.79,1.03,1.21,5.93,1.07,7.00,,,,,,,"LTR"
"B","27-10-2019","2019-10-27 00:00:00 -0500",1,99,"B002",164442,,,," ",7,"GLP",4.13,1.03,1.21,4.24,0.76,5.00,,,,,,,"LTR"
"B","27-10-2019","2019-10-27 00:00:00 -0500",1,99,"B002",164441,,,," ",7,"GLP",4.96,1.03,1.21,5.08,0.92,6.00,,,,,,,"LTR"
"B","27-10-2019","2019-10-27 00:00:00 -0500",1,99,"B002",164440,,,," ",7,"GLP",4.96,1.03,1.21,5.08,0.92,6.00,,,,,,,"LTR"
"B","27-10-2019","2019-10-27 00:00:00 -0500",1,99,"B002",164439,,,," ",7,"GLP",10.74,1.03,1.21,11.02,1.98,13.00,,,,,,,"LTR"
"B","27-10-2019","2019-10-27 00:00:00 -0500",1,99,"B002",164438,,,," ",7,"GLP",27.45,1.03,1.21,28.14,5.07,33.21,,,,,,,"LTR"
"B","27-10-2019","2019-10-27 00:00:00 -0500",1,99,"B002",164437,,,," ",7,"GLP",4.97,1.03,1.21,5.09,0.92,6.01,,,,,,,"LTR"
"B","27-10-2019","2019-10-27 00:00:00 -0500",1,99,"B002",164436,,,," ",7,"GLP",8.26,1.03,1.21,8.47,1.53,10.00,,,,,,,"LTR"
"B","27-10-2019","2019-10-27 00:00:00 -0500",1,99,"B002",164435,,,," ",7,"GLP",4.13,1.03,1.21,4.24,0.76,5.00,,,,,,,"LTR"
"B","27-10-2019","2019-10-27 00:00:00 -0500",1,99,"B002",164434,,,," ",7,"GLP",12.4,1.03,1.21,12.71,2.29,15.00,,,,,,,"LTR"
"B","27-10-2019","2019-10-27 00:00:00 -0500",1,99,"B002",164433,,,," ",7,"GLP",16.53,1.03,1.21,16.95,3.05,20.00,,,,,,,"LTR"
"B","27-10-2019","2019-10-27 00:00:00 -0500",1,99,"B002",164432,,,," ",7,"GLP",4.96,1.03,1.21,5.08,0.92,6.00,,,,,,,"LTR"
"B","27-10-2019","2019-10-27 00:00:00 -0500",1,99,"B002",164431,,,," ",7,"GLP",8.26,1.03,1.21,8.47,1.53,10.00,,,,,,,"LTR"
"B","27-10-2019","2019-10-27 00:00:00 -0500",1,99,"B002",164430,,,," ",7,"GLP",8.26,1.03,1.21,8.47,1.53,10.00,,,,,,,"LTR"
"B","27-10-2019","2019-10-27 00:00:00 -0500",1,99,"B002",164429,,,," ",7,"GLP",4.13,1.03,1.21,4.24,0.76,5.00,,,,,,,"LTR"
"B","27-10-2019","2019-10-27 00:00:00 -0500",1,99,"B002",164428,,,," ",7,"GLP",11.58,1.03,1.21,11.87,2.14,14.01,,,,,,,"LTR"
"B","27-10-2019","2019-10-27 00:00:00 -0500",1,99,"B002",164427,,,," ",7,"GLP",5.79,1.03,1.21,5.93,1.07,7.00,,,,,,,"LTR"
"B","27-10-2019","2019-10-27 00:00:00 -0500",1,99,"B002",164426,,,," ",7,"GLP",8.26,1.03,1.21,8.47,1.53,10.00,,,,,,,"LTR"
"B","27-10-2019","2019-10-27 00:00:00 -0500",1,99,"B002",164425,,,," ",7,"GLP",16.53,1.03,1.21,16.95,3.05,20.00,,,,,,,"LTR"
"B","27-10-2019","2019-10-27 00:00:00 -0500",1,99,"B002",164424,,,," ",7,"GLP",4.13,1.03,1.21,4.24,0.76,5.00,,,,,,,"LTR"
"B","27-10-2019","2019-10-27 00:00:00 -0500",1,99,"B002",164423,,,," ",5,"DieselPro B5 S50 UV",0.34,10.03,11.84,3.39,0.61,4.00,,,,,,,"GLL"
"B","27-10-2019","2019-10-27 00:00:00 -0500",1,99,"B002",164422,,,," ",7,"GLP",4.96,1.03,1.21,5.08,0.92,6.00,,,,,,,"LTR"
"B","27-10-2019","2019-10-27 00:00:00 -0500",1,99,"B002",164421,,,," ",7,"GLP",16.53,1.03,1.21,16.95,3.05,20.00,,,,,,,"LTR"
"B","27-10-2019","2019-10-27 00:00:00 -0500",1,99,"B002",164420,,,," ",7,"GLP",20.66,1.03,1.21,21.19,3.81,25.00,,,,,,,"LTR"
"B","27-10-2019","2019-10-27 00:00:00 -0500",1,99,"B002",164419,,,," ",7,"GLP",4.13,1.03,1.21,4.24,0.76,5.00,,,,,,,"LTR"
"B","27-10-2019","2019-10-27 00:00:00 -0500",1,99,"B002",164418,,,," ",7,"GLP",5.79,1.03,1.21,5.93,1.07,7.00,,,,,,,"LTR"
"B","27-10-2019","2019-10-27 00:00:00 -0500",1,99,"B002",164417,,,," ",7,"GLP",7.44,1.03,1.21,7.63,1.37,9.00,,,,,,,"LTR"
"B","27-10-2019","2019-10-27 00:00:00 -0500",1,99,"B002",164416,,,," ",7,"GLP",4.13,1.03,1.21,4.24,0.76,5.00,,,,,,,"LTR"
"B","27-10-2019","2019-10-27 00:00:00 -0500",1,99,"B002",164415,,,," ",7,"GLP",8.26,1.03,1.21,8.47,1.53,10.00,,,,,,,"LTR"
"B","27-10-2019","2019-10-27 00:00:00 -0500",1,99,"B002",164414,,,," ",7,"GLP",12.4,1.03,1.21,12.71,2.29,15.00,,,,,,,"LTR"
"B","27-10-2019","2019-10-27 00:00:00 -0500",1,99,"B002",164413,,,," ",7,"GLP",6.61,1.03,1.21,6.78,1.22,8.00,,,,,,,"LTR"
"B","27-10-2019","2019-10-27 00:00:00 -0500",1,99,"B002",164412,,,," ",7,"GLP",4.13,1.03,1.21,4.24,0.76,5.00,,,,,,,"LTR"
"B","27-10-2019","2019-10-27 00:00:00 -0500",1,99,"B002",164411,,,," ",7,"GLP",24.79,1.03,1.21,25.42,4.58,30.00,,,,,,,"LTR"
"B","27-10-2019","2019-10-27 00:00:00 -0500",1,99,"B002",164410,,,," ",7,"GLP",9.26,1.03,1.21,9.50,1.71,11.21,,,,,,,"LTR"
"B","27-10-2019","2019-10-27 00:00:00 -0500",1,99,"B002",164409,,,," ",7,"GLP",7.89,1.03,1.21,8.09,1.46,9.55,,,,,,,"LTR"
"B","27-10-2019","2019-10-27 00:00:00 -0500",1,99,"B002",164408,,,," ",7,"GLP",12.4,1.03,1.21,12.71,2.29,15.00,,,,,,,"LTR"
"B","27-10-2019","2019-10-27 00:00:00 -0500",1,99,"B002",164407,,,," ",7,"GLP",12.4,1.03,1.21,12.71,2.29,15.00,,,,,,,"LTR"
"B","27-10-2019","2019-10-27 00:00:00 -0500",1,99,"B002",164406,,,," ",7,"GLP",4.13,1.03,1.21,4.24,0.76,5.00,,,,,,,"LTR"
"B","27-10-2019","2019-10-27 00:00:00 -0500",1,99,"B002",164405,,,," ",7,"GLP",20.66,1.03,1.21,21.19,3.81,25.00,,,,,,,"LTR"
"B","27-10-2019","2019-10-27 00:00:00 -0500",1,99,"B002",164404,,,," ",7,"GLP",11.12,1.03,1.21,11.40,2.05,13.45,,,,,,,"LTR"
"B","27-10-2019","2019-10-27 00:00:00 -0500",1,99,"B002",164403,,,," ",7,"GLP",13.24,1.03,1.21,13.58,2.44,16.02,,,,,,,"LTR"
"B","27-10-2019","2019-10-27 00:00:00 -0500",1,99,"B002",164402,,,," ",4,"Gasohol 98",1,13.13,15.49,13.13,2.36,15.49,,,,,,,"GLL"
"B","27-10-2019","2019-10-27 00:00:00 -0500",1,99,"B002",164401,,,," ",7,"GLP",7.98,1.03,1.21,8.18,1.47,9.65,,,,,,,"LTR"
"B","27-10-2019","2019-10-27 00:00:00 -0500",1,99,"B002",164400,,,," ",7,"GLP",9.92,1.03,1.21,10.17,1.83,12.00,,,,,,,"LTR"
"B","27-10-2019","2019-10-27 00:00:00 -0500",1,99,"B002",164399,,,," ",7,"GLP",8.26,1.03,1.21,8.47,1.53,10.00,,,,,,,"LTR"
"B","27-10-2019","2019-10-27 00:00:00 -0500",1,99,"B002",164398,,,," ",7,"GLP",17.55,1.03,1.21,17.99,3.24,21.23,,,,,,,"LTR"
"B","27-10-2019","2019-10-27 00:00:00 -0500",1,99,"B002",164397,,,," ",7,"GLP",24.79,1.03,1.21,25.42,4.58,30.00,,,,,,,"LTR"
"B","27-10-2019","2019-10-27 00:00:00 -0500",1,99,"B002",164396,,,," ",7,"GLP",8.26,1.03,1.21,8.47,1.53,10.00,,,,,,,"LTR"
"B","27-10-2019","2019-10-27 00:00:00 -0500",1,99,"B002",164395,,,," ",7,"GLP",12.4,1.03,1.21,12.71,2.29,15.00,,,,,,,"LTR"
"B","27-10-2019","2019-10-27 00:00:00 -0500",1,99,"B002",164394,,,," ",2,"Gasohol 90",0.25,10.75,12.69,2.70,0.49,3.19,,,,,,,"GLL"
"B","27-10-2019","2019-10-27 00:00:00 -0500",1,99,"B002",164393,,,," ",7,"GLP",12.4,1.03,1.21,12.71,2.29,15.00,,,,,,,"LTR"
"B","27-10-2019","2019-10-27 00:00:00 -0500",1,99,"B002",164392,,,," ",7,"GLP",3.31,1.03,1.21,3.39,0.61,4.00,,,,,,,"LTR"
"B","27-10-2019","2019-10-27 00:00:00 -0500",1,99,"B002",164391,,,," ",7,"GLP",12.4,1.03,1.21,12.71,2.29,15.00,,,,,,,"LTR"
"B","27-10-2019","2019-10-27 00:00:00 -0500",1,99,"B002",164390,,,," ",7,"GLP",4.13,1.03,1.21,4.24,0.76,5.00,,,,,,,"LTR"
"B","27-10-2019","2019-10-27 00:00:00 -0500",1,99,"B002",164389,,,," ",7,"GLP",4.13,1.03,1.21,4.24,0.76,5.00,,,,,,,"LTR"
"B","27-10-2019","2019-10-27 00:00:00 -0500",1,99,"B002",164388,,,," ",7,"GLP",8.26,1.03,1.21,8.47,1.53,10.00,,,,,,,"LTR"
"B","27-10-2019","2019-10-27 00:00:00 -0500",1,99,"B002",164387,,,," ",7,"GLP",5.79,1.03,1.21,5.93,1.07,7.00,,,,,,,"LTR"
"B","27-10-2019","2019-10-27 00:00:00 -0500",1,99,"B002",164386,,,," ",7,"GLP",4.13,1.03,1.21,4.24,0.76,5.00,,,,,,,"LTR"
"B","27-10-2019","2019-10-27 00:00:00 -0500",1,99,"B002",164385,,,," ",7,"GLP",9.1,1.03,1.21,9.33,1.68,11.01,,,,,,,"LTR"
"B","27-10-2019","2019-10-27 00:00:00 -0500",1,99,"B002",164384,,,," ",7,"GLP",6.12,1.03,1.21,6.27,1.13,7.40,,,,,,,"LTR"
"B","27-10-2019","2019-10-27 00:00:00 -0500",1,99,"B002",164383,,,," ",7,"GLP",16.53,1.03,1.21,16.95,3.05,20.00,,,,,,,"LTR"
"B","27-10-2019","2019-10-27 00:00:00 -0500",1,99,"B002",164382,,,," ",7,"GLP",12.4,1.03,1.21,12.71,2.29,15.00,,,,,,,"LTR"
"B","27-10-2019","2019-10-27 00:00:00 -0500",1,99,"B002",164381,,,," ",7,"GLP",3.31,1.03,1.21,3.39,0.61,4.00,,,,,,,"LTR"
"B","27-10-2019","2019-10-27 00:00:00 -0500",1,99,"B002",164380,,,," ",7,"GLP",5.79,1.03,1.21,5.93,1.07,7.00,,,,,,,"LTR"
"B","27-10-2019","2019-10-27 00:00:00 -0500",1,99,"B002",164379,,,," ",7,"GLP",8.26,1.03,1.21,8.47,1.53,10.00,,,,,,,"LTR"
"B","27-10-2019","2019-10-27 00:00:00 -0500",1,99,"B002",164378,,,," ",7,"GLP",37.19,1.03,1.21,38.14,6.86,45.00,,,,,,,"LTR"
"B","27-10-2019","2019-10-27 00:00:00 -0500",1,99,"B002",164377,,,," ",7,"GLP",4.97,1.03,1.21,5.09,0.92,6.01,,,,,,,"LTR"
"B","27-10-2019","2019-10-27 00:00:00 -0500",1,99,"B002",164376,,,," ",7,"GLP",18.19,1.03,1.21,18.65,3.36,22.01,,,,,,,"LTR"
"B","27-10-2019","2019-10-27 00:00:00 -0500",1,99,"B002",164375,,,," ",7,"GLP",16.53,1.03,1.21,16.95,3.05,20.00,,,,,,,"LTR"
"B","27-10-2019","2019-10-27 00:00:00 -0500",1,99,"B002",164374,,,," ",7,"GLP",10.74,1.03,1.21,11.02,1.98,13.00,,,,,,,"LTR"
"B","27-10-2019","2019-10-27 00:00:00 -0500",1,99,"B002",164373,,,," ",7,"GLP",8.26,1.03,1.21,8.47,1.53,10.00,,,,,,,"LTR"
"B","27-10-2019","2019-10-27 00:00:00 -0500",1,99,"B002",164372,,,," ",7,"GLP",6.61,1.03,1.21,6.78,1.22,8.00,,,,,,,"LTR"
"B","27-10-2019","2019-10-27 00:00:00 -0500",1,99,"B002",164371,,,," ",7,"GLP",4.13,1.03,1.21,4.24,0.76,5.00,,,,,,,"LTR"
"B","27-10-2019","2019-10-27 00:00:00 -0500",1,99,"B002",164370,,,," ",7,"GLP",12.4,1.03,1.21,12.71,2.29,15.00,,,,,,,"LTR"
"B","27-10-2019","2019-10-27 00:00:00 -0500",1,99,"B002",164369,,,," ",7,"GLP",7.93,1.03,1.21,8.14,1.46,9.60,,,,,,,"LTR"
"B","27-10-2019","2019-10-27 00:00:00 -0500",1,99,"B002",164368,,,," ",7,"GLP",5.79,1.03,1.21,5.93,1.07,7.00,,,,,,,"LTR"
"B","27-10-2019","2019-10-27 00:00:00 -0500",1,99,"B002",164367,,,," ",7,"GLP",8.26,1.03,1.21,8.47,1.53,10.00,,,,,,,"LTR"
"B","27-10-2019","2019-10-27 00:00:00 -0500",1,99,"B002",164366,,,," ",7,"GLP",20.64,1.03,1.21,21.16,3.81,24.97,,,,,,,"LTR"
"B","27-10-2019","2019-10-27 00:00:00 -0500",1,99,"B002",164365,,,," ",7,"GLP",8.26,1.03,1.21,8.47,1.53,10.00,,,,,,,"LTR"
"B","27-10-2019","2019-10-27 00:00:00 -0500",1,99,"B002",164364,,,," ",7,"GLP",8.26,1.03,1.21,8.47,1.53,10.00,,,,,,,"LTR"
"B","27-10-2019","2019-10-27 00:00:00 -0500",1,99,"B002",164363,,,," ",7,"GLP",4.13,1.03,1.21,4.24,0.76,5.00,,,,,,,"LTR"
"B","27-10-2019","2019-10-27 00:00:00 -0500",1,99,"B002",164362,,,," ",7,"GLP",9.92,1.03,1.21,10.17,1.83,12.00,,,,,,,"LTR"
"B","27-10-2019","2019-10-27 00:00:00 -0500",1,99,"B002",164361,,,," ",7,"GLP",4.13,1.03,1.21,4.24,0.76,5.00,,,,,,,"LTR"
"B","27-10-2019","2019-10-27 00:00:00 -0500",1,99,"B002",164360,,,," ",7,"GLP",8.26,1.03,1.21,8.47,1.53,10.00,,,,,,,"LTR"
"B","27-10-2019","2019-10-27 00:00:00 -0500",1,99,"B002",164359,,,," ",7,"GLP",8.26,1.03,1.21,8.47,1.53,10.00,,,,,,,"LTR"
"B","27-10-2019","2019-10-27 00:00:00 -0500",1,99,"B002",164358,,,," ",7,"GLP",4.96,1.03,1.21,5.08,0.92,6.00,,,,,,,"LTR"
"B","27-10-2019","2019-10-27 00:00:00 -0500",1,99,"B002",164357,,,," ",7,"GLP",8.26,1.03,1.21,8.47,1.53,10.00,,,,,,,"LTR"
"B","27-10-2019","2019-10-27 00:00:00 -0500",1,99,"B002",164356,,,," ",7,"GLP",4.96,1.03,1.21,5.08,0.92,6.00,,,,,,,"LTR"
"B","27-10-2019","2019-10-27 00:00:00 -0500",1,99,"B002",164355,,,," ",7,"GLP",8.26,1.03,1.21,8.47,1.53,10.00,,,,,,,"LTR"
"B","27-10-2019","2019-10-27 00:00:00 -0500",1,99,"B002",164354,,,," ",7,"GLP",4.3,1.03,1.21,4.41,0.79,5.20,,,,,,,"LTR"
"B","27-10-2019","2019-10-27 00:00:00 -0500",1,99,"B002",164353,,,," ",7,"GLP",11.58,1.03,1.21,11.87,2.14,14.01,,,,,,,"LTR"
"B","27-10-2019","2019-10-27 00:00:00 -0500",1,99,"B002",164352,,,," ",7,"GLP",6.61,1.03,1.21,6.78,1.22,8.00,,,,,,,"LTR"
"B","27-10-2019","2019-10-27 00:00:00 -0500",1,99,"B002",164351,,,," ",7,"GLP",7.84,1.03,1.21,8.04,1.45,9.49,,,,,,,"LTR"
"B","27-10-2019","2019-10-27 00:00:00 -0500",1,99,"B002",164350,,,," ",7,"GLP",4.13,1.03,1.21,4.24,0.76,5.00,,,,,,,"LTR"
"B","27-10-2019","2019-10-27 00:00:00 -0500",1,99,"B002",164349,,,," ",7,"GLP",11.17,1.03,1.21,11.45,2.06,13.51,,,,,,,"LTR"
"B","27-10-2019","2019-10-27 00:00:00 -0500",1,99,"B002",164348,,,," ",7,"GLP",12.4,1.03,1.21,12.71,2.29,15.00,,,,,,,"LTR"
"B","27-10-2019","2019-10-27 00:00:00 -0500",1,99,"B002",164347,,,," ",7,"GLP",14.05,1.03,1.21,14.41,2.59,17.00,,,,,,,"LTR"
"B","27-10-2019","2019-10-27 00:00:00 -0500",1,99,"B002",164346,,,," ",7,"GLP",15.15,1.03,1.21,15.53,2.80,18.33,,,,,,,"LTR"
"B","27-10-2019","2019-10-27 00:00:00 -0500",1,99,"B002",164345,,,," ",7,"GLP",4.83,1.03,1.21,4.95,0.89,5.84,,,,,,,"LTR"
"B","27-10-2019","2019-10-27 00:00:00 -0500",1,99,"B002",164344,,,," ",7,"GLP",8.26,1.03,1.21,8.47,1.53,10.00,,,,,,,"LTR"
"B","27-10-2019","2019-10-27 00:00:00 -0500",1,99,"B002",164343,,,," ",7,"GLP",13.22,1.03,1.21,13.56,2.44,16.00,,,,,,,"LTR"
"B","27-10-2019","2019-10-27 00:00:00 -0500",1,99,"B002",164342,,,," ",7,"GLP",4.13,1.03,1.21,4.24,0.76,5.00,,,,,,,"LTR"
"B","27-10-2019","2019-10-27 00:00:00 -0500",1,99,"B002",164341,,,," ",7,"GLP",5.79,1.03,1.21,5.93,1.07,7.00,,,,,,,"LTR"
"B","27-10-2019","2019-10-27 00:00:00 -0500",1,99,"B002",164340,,,," ",7,"GLP",8.26,1.03,1.21,8.47,1.53,10.00,,,,,,,"LTR"
"B","27-10-2019","2019-10-27 00:00:00 -0500",1,99,"B002",164339,,,," ",7,"GLP",5.79,1.03,1.21,5.93,1.07,7.00,,,,,,,"LTR"
"B","27-10-2019","2019-10-27 00:00:00 -0500",1,99,"B002",164338,,,," ",7,"GLP",11.31,1.03,1.21,11.60,2.09,13.69,,,,,,,"LTR"
"B","27-10-2019","2019-10-27 00:00:00 -0500",1,99,"B002",164337,,,," ",4,"Gasohol 98",0.65,13.13,15.49,8.47,1.53,10.00,,,,,,,"GLL"
"B","27-10-2019","2019-10-27 00:00:00 -0500",1,99,"B002",164336,,,," ",7,"GLP",8.27,1.03,1.21,8.48,1.53,10.01,,,,,,,"LTR"
"B","27-10-2019","2019-10-27 00:00:00 -0500",1,99,"B002",164335,,,," ",7,"GLP",4.13,1.03,1.21,4.24,0.76,5.00,,,,,,,"LTR"
"B","27-10-2019","2019-10-27 00:00:00 -0500",1,99,"B002",164334,,,," ",7,"GLP",8.26,1.03,1.21,8.47,1.53,10.00,,,,,,,"LTR"
"B","27-10-2019","2019-10-27 00:00:00 -0500",1,99,"B002",164333,,,," ",7,"GLP",4.13,1.03,1.21,4.24,0.76,5.00,,,,,,,"LTR"
"B","27-10-2019","2019-10-27 00:00:00 -0500",1,99,"B002",164332,,,," ",7,"GLP",2.48,1.03,1.21,2.54,0.46,3.00,,,,,,,"LTR"
"B","27-10-2019","2019-10-27 00:00:00 -0500",1,99,"B002",164331,,,," ",7,"GLP",8.26,1.03,1.21,8.47,1.53,10.00,,,,,,,"LTR"
"B","27-10-2019","2019-10-27 00:00:00 -0500",1,99,"B002",164330,,,," ",7,"GLP",4.13,1.03,1.21,4.24,0.76,5.00,,,,,,,"LTR"
"B","27-10-2019","2019-10-27 00:00:00 -0500",1,99,"B002",164329,,,," ",7,"GLP",8.26,1.03,1.21,8.47,1.53,10.00,,,,,,,"LTR"
"B","27-10-2019","2019-10-27 00:00:00 -0500",1,99,"B002",164328,,,," ",7,"GLP",16.53,1.03,1.21,16.95,3.05,20.00,,,,,,,"LTR"
"B","27-10-2019","2019-10-27 00:00:00 -0500",1,99,"B002",164327,,,," ",7,"GLP",4.96,1.03,1.21,5.08,0.92,6.00,,,,,,,"LTR"
"B","27-10-2019","2019-10-27 00:00:00 -0500",1,99,"B002",164326,,,," ",7,"GLP",8.26,1.03,1.21,8.47,1.53,10.00,,,,,,,"LTR"
"B","27-10-2019","2019-10-27 00:00:00 -0500",1,99,"B002",164325,,,," ",7,"GLP",8.26,1.03,1.21,8.47,1.53,10.00,,,,,,,"LTR"
"B","27-10-2019","2019-10-27 00:00:00 -0500",1,99,"B002",164324,,,," ",7,"GLP",7.44,1.03,1.21,7.63,1.37,9.00,,,,,,,"LTR"
"B","27-10-2019","2019-10-27 00:00:00 -0500",1,99,"B002",164323,,,," ",7,"GLP",8.26,1.03,1.21,8.47,1.53,10.00,,,,,,,"LTR"
"B","27-10-2019","2019-10-27 00:00:00 -0500",1,99,"B002",164322,,,," ",7,"GLP",8.26,1.03,1.21,8.47,1.53,10.00,,,,,,,"LTR"
"B","27-10-2019","2019-10-27 00:00:00 -0500",1,99,"B002",164321,,,," ",7,"GLP",4.13,1.03,1.21,4.24,0.76,5.00,,,,,,,"LTR"
"B","27-10-2019","2019-10-27 00:00:00 -0500",1,99,"B002",164320,,,," ",7,"GLP",4.13,1.03,1.21,4.24,0.76,5.00,,,,,,,"LTR"
"B","27-10-2019","2019-10-27 00:00:00 -0500",1,99,"B002",164319,,,," ",7,"GLP",7.26,1.03,1.21,7.45,1.34,8.79,,,,,,,"LTR"
"B","27-10-2019","2019-10-27 00:00:00 -0500",1,99,"B002",164318,,,," ",7,"GLP",4.96,1.03,1.21,5.08,0.92,6.00,,,,,,,"LTR"
"B","27-10-2019","2019-10-27 00:00:00 -0500",1,99,"B002",164317,,,," ",7,"GLP",19.34,1.03,1.21,19.83,3.57,23.40,,,,,,,"LTR"
"B","27-10-2019","2019-10-27 00:00:00 -0500",1,99,"B002",164316,,,," ",7,"GLP",11.9,1.03,1.21,12.20,2.20,14.40,,,,,,,"LTR"
"B","27-10-2019","2019-10-27 00:00:00 -0500",1,99,"B002",164315,,,," ",2,"Gasohol 90",9.46,10.75,12.69,101.69,18.31,120.00,,,,,,,"GLL"
"B","27-10-2019","2019-10-27 00:00:00 -0500",1,99,"B002",164314,,,," ",7,"GLP",8.26,1.03,1.21,8.47,1.53,10.00,,,,,,,"LTR"
"B","27-10-2019","2019-10-27 00:00:00 -0500",1,99,"B002",164313,,,," ",7,"GLP",10.74,1.03,1.21,11.02,1.98,13.00,,,,,,,"LTR"
"B","27-10-2019","2019-10-27 00:00:00 -0500",1,99,"B002",164312,,,," ",7,"GLP",4.13,1.03,1.21,4.24,0.76,5.00,,,,,,,"LTR"
"B","27-10-2019","2019-10-27 00:00:00 -0500",1,99,"B002",164311,,,," ",7,"GLP",4.13,1.03,1.21,4.24,0.76,5.00,,,,,,,"LTR"
"B","27-10-2019","2019-10-27 00:00:00 -0500",1,99,"B002",164310,,,," ",7,"GLP",5.71,1.03,1.21,5.86,1.05,6.91,,,,,,,"LTR"
"B","27-10-2019","2019-10-27 00:00:00 -0500",1,99,"B002",164309,,,," ",7,"GLP",16.53,1.03,1.21,16.95,3.05,20.00,,,,,,,"LTR"
"B","27-10-2019","2019-10-27 00:00:00 -0500",1,99,"B002",164308,,,," ",7,"GLP",6.61,1.03,1.21,6.78,1.22,8.00,,,,,,,"LTR"
"B","27-10-2019","2019-10-27 00:00:00 -0500",1,99,"B002",164307,,,," ",7,"GLP",4.13,1.03,1.21,4.24,0.76,5.00,,,,,,,"LTR"
"B","27-10-2019","2019-10-27 00:00:00 -0500",1,99,"B002",164306,,,," ",7,"GLP",12.4,1.03,1.21,12.71,2.29,15.00,,,,,,,"LTR"
"B","27-10-2019","2019-10-27 00:00:00 -0500",1,99,"B002",164305,,,," ",7,"GLP",35.54,1.03,1.21,36.44,6.56,43.00,,,,,,,"LTR"
"B","27-10-2019","2019-10-27 00:00:00 -0500",1,99,"B002",164304,,,," ",7,"GLP",7.44,1.03,1.21,7.63,1.37,9.00,,,,,,,"LTR"
"B","27-10-2019","2019-10-27 00:00:00 -0500",1,99,"B002",164303,,,," ",7,"GLP",7.44,1.03,1.21,7.63,1.37,9.00,,,,,,,"LTR"
"B","27-10-2019","2019-10-27 00:00:00 -0500",1,99,"B002",164302,,,," ",7,"GLP",20.66,1.03,1.21,21.19,3.81,25.00,,,,,,,"LTR"
"B","27-10-2019","2019-10-27 00:00:00 -0500",1,99,"B002",164301,,,," ",7,"GLP",8.26,1.03,1.21,8.47,1.53,10.00,,,,,,,"LTR"
"B","27-10-2019","2019-10-27 00:00:00 -0500",1,99,"B002",164300,,,," ",7,"GLP",8.26,1.03,1.21,8.47,1.53,10.00,,,,,,,"LTR"
"B","27-10-2019","2019-10-27 00:00:00 -0500",1,99,"B002",164299,,,," ",7,"GLP",8.76,1.03,1.21,8.98,1.62,10.60,,,,,,,"LTR"
"B","27-10-2019","2019-10-27 00:00:00 -0500",1,99,"B002",164298,,,," ",7,"GLP",9.92,1.03,1.21,10.17,1.83,12.00,,,,,,,"LTR"
"B","27-10-2019","2019-10-27 00:00:00 -0500",1,99,"B002",164297,,,," ",7,"GLP",4.96,1.03,1.21,5.08,0.92,6.00,,,,,,,"LTR"
"B","27-10-2019","2019-10-27 00:00:00 -0500",1,99,"B002",164296,,,," ",7,"GLP",4.96,1.03,1.21,5.08,0.92,6.00,,,,,,,"LTR"
"B","27-10-2019","2019-10-27 00:00:00 -0500",1,99,"B002",164295,,,," ",7,"GLP",4.96,1.03,1.21,5.08,0.92,6.00,,,,,,,"LTR"
"B","27-10-2019","2019-10-27 00:00:00 -0500",1,99,"B002",164294,,,," ",7,"GLP",9.09,1.03,1.21,9.32,1.68,11.00,,,,,,,"LTR"
"B","27-10-2019","2019-10-27 00:00:00 -0500",1,99,"B002",164293,,,," ",7,"GLP",5.79,1.03,1.21,5.93,1.07,7.00,,,,,,,"LTR"
"B","27-10-2019","2019-10-27 00:00:00 -0500",1,99,"B002",164292,,,," ",7,"GLP",4.13,1.03,1.21,4.24,0.76,5.00,,,,,,,"LTR"
"B","27-10-2019","2019-10-27 00:00:00 -0500",1,99,"B002",164291,,,," ",7,"GLP",8.26,1.03,1.21,8.47,1.53,10.00,,,,,,,"LTR"
"B","27-10-2019","2019-10-27 00:00:00 -0500",1,99,"B002",164290,,,," ",7,"GLP",7.31,1.03,1.21,7.50,1.35,8.85,,,,,,,"LTR"
"B","27-10-2019","2019-10-27 00:00:00 -0500",1,99,"B002",164289,,,," ",7,"GLP",27.05,1.03,1.21,27.74,4.99,32.73,,,,,,,"LTR"
"B","27-10-2019","2019-10-27 00:00:00 -0500",1,99,"B002",164288,,,," ",7,"GLP",6.61,1.03,1.21,6.78,1.22,8.00,,,,,,,"LTR"
"B","27-10-2019","2019-10-27 00:00:00 -0500",1,99,"B002",164287,,,," ",7,"GLP",8.26,1.03,1.21,8.47,1.53,10.00,,,,,,,"LTR"
"B","27-10-2019","2019-10-27 00:00:00 -0500",1,99,"B002",164286,,,," ",7,"GLP",26.44,1.03,1.21,27.11,4.88,31.99,,,,,,,"LTR"
"B","27-10-2019","2019-10-27 00:00:00 -0500",1,99,"B002",164285,,,," ",7,"GLP",6.78,1.03,1.21,6.95,1.25,8.20,,,,,,,"LTR"
"B","27-10-2019","2019-10-27 00:00:00 -0500",1,99,"B002",164284,,,," ",7,"GLP",8.26,1.03,1.21,8.47,1.53,10.00,,,,,,,"LTR"
"B","27-10-2019","2019-10-27 00:00:00 -0500",1,99,"B002",164283,,,," ",7,"GLP",12.4,1.03,1.21,12.71,2.29,15.00,,,,,,,"LTR"
"B","27-10-2019","2019-10-27 00:00:00 -0500",1,99,"B002",164282,,,," ",7,"GLP",11.65,1.03,1.21,11.94,2.15,14.09,,,,,,,"LTR"
"B","27-10-2019","2019-10-27 00:00:00 -0500",1,99,"B002",164281,,,," ",7,"GLP",4.95,1.03,1.21,5.08,0.91,5.99,,,,,,,"LTR"
"B","27-10-2019","2019-10-27 00:00:00 -0500",1,99,"B002",164280,,,," ",4,"Gasohol 98",1,13.13,15.49,13.13,2.36,15.49,,,,,,,"GLL"
"B","27-10-2019","2019-10-27 00:00:00 -0500",1,99,"B002",164279,,,," ",7,"GLP",10.74,1.03,1.21,11.02,1.98,13.00,,,,,,,"LTR"
"B","27-10-2019","2019-10-27 00:00:00 -0500",1,99,"B002",164278,,,," ",7,"GLP",5.79,1.03,1.21,5.93,1.07,7.00,,,,,,,"LTR"
"B","27-10-2019","2019-10-27 00:00:00 -0500",1,99,"B002",164277,,,," ",7,"GLP",4.96,1.03,1.21,5.08,0.92,6.00,,,,,,,"LTR"
"B","27-10-2019","2019-10-27 00:00:00 -0500",1,99,"B002",164276,,,," ",7,"GLP",9.92,1.03,1.21,10.17,1.83,12.00,,,,,,,"LTR"
"B","27-10-2019","2019-10-27 00:00:00 -0500",1,99,"B002",164275,,,," ",7,"GLP",16.53,1.03,1.21,16.95,3.05,20.00,,,,,,,"LTR"
"B","27-10-2019","2019-10-27 00:00:00 -0500",1,99,"B002",164274,,,," ",7,"GLP",11.57,1.03,1.21,11.86,2.14,14.00,,,,,,,"LTR"
"B","27-10-2019","2019-10-27 00:00:00 -0500",1,99,"B002",164273,,,," ",7,"GLP",16.53,1.03,1.21,16.95,3.05,20.00,,,,,,,"LTR"
"B","27-10-2019","2019-10-27 00:00:00 -0500",1,99,"B002",164272,,,," ",2,"Gasohol 90",0.12,10.75,12.69,1.27,0.23,1.50,,,,,,,"GLL"
"B","27-10-2019","2019-10-27 00:00:00 -0500",1,99,"B002",164271,,,," ",7,"GLP",8.26,1.03,1.21,8.47,1.53,10.00,,,,,,,"LTR"
"B","27-10-2019","2019-10-27 00:00:00 -0500",1,99,"B002",164270,,,," ",7,"GLP",6.61,1.03,1.21,6.78,1.22,8.00,,,,,,,"LTR"
"B","27-10-2019","2019-10-27 00:00:00 -0500",1,99,"B002",164269,,,," ",7,"GLP",4.13,1.03,1.21,4.24,0.76,5.00,,,,,,,"LTR"
"B","27-10-2019","2019-10-27 00:00:00 -0500",1,99,"B002",164268,,,," ",7,"GLP",4.79,1.03,1.21,4.91,0.88,5.79,,,,,,,"LTR"
"B","27-10-2019","2019-10-27 00:00:00 -0500",1,99,"B002",164267,,,," ",7,"GLP",8.26,1.03,1.21,8.47,1.53,10.00,,,,,,,"LTR"
"B","27-10-2019","2019-10-27 00:00:00 -0500",1,99,"B002",164266,,,," ",7,"GLP",5.79,1.03,1.21,5.93,1.07,7.00,,,,,,,"LTR"
"B","27-10-2019","2019-10-27 00:00:00 -0500",1,99,"B002",164265,,,," ",7,"GLP",4.13,1.03,1.21,4.24,0.76,5.00,,,,,,,"LTR"
"B","27-10-2019","2019-10-27 00:00:00 -0500",1,99,"B002",164264,,,," ",7,"GLP",16.53,1.03,1.21,16.95,3.05,20.00,,,,,,,"LTR"
"B","27-10-2019","2019-10-27 00:00:00 -0500",1,99,"B002",164263,,,," ",7,"GLP",7.84,1.03,1.21,8.04,1.45,9.49,,,,,,,"LTR"
"B","27-10-2019","2019-10-27 00:00:00 -0500",1,99,"B002",164262,,,," ",7,"GLP",16.93,1.03,1.21,17.36,3.13,20.49,,,,,,,"LTR"
"B","27-10-2019","2019-10-27 00:00:00 -0500",1,99,"B002",164261,,,," ",7,"GLP",5.79,1.03,1.21,5.93,1.07,7.00,,,,,,,"LTR"
"B","27-10-2019","2019-10-27 00:00:00 -0500",1,99,"B002",164260,,,," ",7,"GLP",8.26,1.03,1.21,8.47,1.53,10.00,,,,,,,"LTR"
"B","27-10-2019","2019-10-27 00:00:00 -0500",1,99,"B002",164259,,,," ",7,"GLP",9.34,1.03,1.21,9.58,1.72,11.30,,,,,,,"LTR"
"B","27-10-2019","2019-10-27 00:00:00 -0500",1,99,"B002",164258,,,," ",7,"GLP",4.13,1.03,1.21,4.24,0.76,5.00,,,,,,,"LTR"
"B","27-10-2019","2019-10-27 00:00:00 -0500",1,99,"B002",164257,,,," ",7,"GLP",12.4,1.03,1.21,12.71,2.29,15.00,,,,,,,"LTR"
"B","27-10-2019","2019-10-27 00:00:00 -0500",1,99,"B002",164256,,,," ",7,"GLP",8.26,1.03,1.21,8.47,1.53,10.00,,,,,,,"LTR"
"B","27-10-2019","2019-10-27 00:00:00 -0500",1,99,"B002",164255,,,," ",7,"GLP",8.26,1.03,1.21,8.47,1.53,10.00,,,,,,,"LTR"
"B","27-10-2019","2019-10-27 00:00:00 -0500",1,99,"B002",164254,,,," ",7,"GLP",8.26,1.03,1.21,8.47,1.53,10.00,,,,,,,"LTR"
"B","27-10-2019","2019-10-27 00:00:00 -0500",1,99,"B002",164253,,,," ",7,"GLP",24.79,1.03,1.21,25.42,4.58,30.00,,,,,,,"LTR"
"B","27-10-2019","2019-10-27 00:00:00 -0500",1,99,"B002",164252,,,," ",7,"GLP",4.03,1.03,1.21,4.14,0.74,4.88,,,,,,,"LTR"
"B","27-10-2019","2019-10-27 00:00:00 -0500",1,99,"B002",164251,,,," ",7,"GLP",24.79,1.03,1.21,25.42,4.58,30.00,,,,,,,"LTR"
"B","27-10-2019","2019-10-27 00:00:00 -0500",1,99,"B002",164250,,,," ",7,"GLP",5.79,1.03,1.21,5.93,1.07,7.00,,,,,,,"LTR"
"B","27-10-2019","2019-10-27 00:00:00 -0500",1,99,"B002",164249,,,," ",7,"GLP",2.88,1.03,1.21,2.96,0.53,3.49,,,,,,,"LTR"
"B","27-10-2019","2019-10-27 00:00:00 -0500",1,99,"B002",164248,,,," ",7,"GLP",7.11,1.03,1.21,7.29,1.31,8.60,,,,,,,"LTR"
"B","27-10-2019","2019-10-27 00:00:00 -0500",1,99,"B002",164247,,,," ",7,"GLP",5.8,1.03,1.21,5.95,1.07,7.02,,,,,,,"LTR"
"B","27-10-2019","2019-10-27 00:00:00 -0500",1,99,"B002",164246,,,," ",7,"GLP",4.13,1.03,1.21,4.24,0.76,5.00,,,,,,,"LTR"
"B","27-10-2019","2019-10-27 00:00:00 -0500",1,99,"B002",164245,,,," ",7,"GLP",10.52,1.03,1.21,10.79,1.94,12.73,,,,,,,"LTR"
"B","27-10-2019","2019-10-27 00:00:00 -0500",1,99,"B002",164244,,,," ",7,"GLP",6.61,1.03,1.21,6.78,1.22,8.00,,,,,,,"LTR"
"B","27-10-2019","2019-10-27 00:00:00 -0500",1,99,"B002",164243,,,," ",7,"GLP",8.26,1.03,1.21,8.47,1.53,10.00,,,,,,,"LTR"
"B","27-10-2019","2019-10-27 00:00:00 -0500",1,99,"B002",164242,,,," ",7,"GLP",4.96,1.03,1.21,5.08,0.92,6.00,,,,,,,"LTR"
"B","27-10-2019","2019-10-27 00:00:00 -0500",1,99,"B002",164241,,,," ",7,"GLP",6.61,1.03,1.21,6.78,1.22,8.00,,,,,,,"LTR"
"B","27-10-2019","2019-10-27 00:00:00 -0500",1,99,"B002",164240,,,," ",7,"GLP",8.26,1.03,1.21,8.47,1.53,10.00,,,,,,,"LTR"
"B","27-10-2019","2019-10-27 00:00:00 -0500",1,99,"B002",164239,,,," ",7,"GLP",16.53,1.03,1.21,16.95,3.05,20.00,,,,,,,"LTR"
"B","27-10-2019","2019-10-27 00:00:00 -0500",1,99,"B002",164238,,,," ",7,"GLP",5.79,1.03,1.21,5.93,1.07,7.00,,,,,,,"LTR"
"B","27-10-2019","2019-10-27 00:00:00 -0500",1,99,"B002",164237,,,," ",7,"GLP",8.26,1.03,1.21,8.47,1.53,10.00,,,,,,,"LTR"
"B","27-10-2019","2019-10-27 00:00:00 -0500",1,99,"B002",164236,,,," ",7,"GLP",4.13,1.03,1.21,4.24,0.76,5.00,,,,,,,"LTR"
"B","27-10-2019","2019-10-27 00:00:00 -0500",1,99,"B002",164235,,,," ",7,"GLP",8.26,1.03,1.21,8.47,1.53,10.00,,,,,,,"LTR"
"B","27-10-2019","2019-10-27 00:00:00 -0500",1,99,"B002",164234,,,," ",7,"GLP",2.49,1.03,1.21,2.55,0.46,3.01,,,,,,,"LTR"
"B","27-10-2019","2019-10-27 00:00:00 -0500",1,99,"B002",164233,,,," ",7,"GLP",4.05,1.03,1.21,4.15,0.75,4.90,,,,,,,"LTR"
"B","27-10-2019","2019-10-27 00:00:00 -0500",1,99,"B002",164232,,,," ",7,"GLP",4.96,1.03,1.21,5.08,0.92,6.00,,,,,,,"LTR"
"B","27-10-2019","2019-10-27 00:00:00 -0500",1,99,"B002",164231,,,," ",7,"GLP",19.84,1.03,1.21,20.34,3.66,24.00,,,,,,,"LTR"
"B","27-10-2019","2019-10-27 00:00:00 -0500",1,99,"B002",164230,,,," ",7,"GLP",8.26,1.03,1.21,8.47,1.53,10.00,,,,,,,"LTR"
"B","27-10-2019","2019-10-27 00:00:00 -0500",1,99,"B002",164229,,,," ",7,"GLP",8.26,1.03,1.21,8.47,1.53,10.00,,,,,,,"LTR"
"B","27-10-2019","2019-10-27 00:00:00 -0500",1,99,"B002",164228,,,," ",7,"GLP",4.13,1.03,1.21,4.24,0.76,5.00,,,,,,,"LTR"
"B","27-10-2019","2019-10-27 00:00:00 -0500",1,99,"B002",164227,,,," ",7,"GLP",4.13,1.03,1.21,4.24,0.76,5.00,,,,,,,"LTR"
"B","27-10-2019","2019-10-27 00:00:00 -0500",1,99,"B002",164226,,,," ",7,"GLP",4.96,1.03,1.21,5.08,0.92,6.00,,,,,,,"LTR"
"B","27-10-2019","2019-10-27 00:00:00 -0500",1,99,"B002",164225,,,," ",7,"GLP",3.47,1.03,1.21,3.56,0.64,4.20,,,,,,,"LTR"
"B","27-10-2019","2019-10-27 00:00:00 -0500",1,99,"B002",164224,,,," ",7,"GLP",6.03,1.03,1.21,6.19,1.11,7.30,,,,,,,"LTR"
"B","27-10-2019","2019-10-27 00:00:00 -0500",1,99,"B002",164223,,,," ",7,"GLP",16.53,1.03,1.21,16.95,3.05,20.00,,,,,,,"LTR"
"B","27-10-2019","2019-10-27 00:00:00 -0500",1,99,"B002",164222,,,," ",7,"GLP",4.13,1.03,1.21,4.24,0.76,5.00,,,,,,,"LTR"
"B","27-10-2019","2019-10-27 00:00:00 -0500",1,99,"B002",164221,,,," ",7,"GLP",3.31,1.03,1.21,3.39,0.61,4.00,,,,,,,"LTR"
"B","27-10-2019","2019-10-27 00:00:00 -0500",1,99,"B002",164220,,,," ",7,"GLP",3.31,1.03,1.21,3.39,0.61,4.00,,,,,,,"LTR"
"B","27-10-2019","2019-10-27 00:00:00 -0500",1,99,"B002",164219,,,," ",7,"GLP",36.6,1.03,1.21,37.53,6.76,44.29,,,,,,,"LTR"
"B","27-10-2019","2019-10-27 00:00:00 -0500",1,99,"B002",164218,,,," ",7,"GLP",11.57,1.03,1.21,11.86,2.14,14.00,,,,,,,"LTR"
"B","27-10-2019","2019-10-27 00:00:00 -0500",1,99,"B002",164217,,,," ",7,"GLP",13.69,1.03,1.21,14.03,2.53,16.56,,,,,,,"LTR"
"B","27-10-2019","2019-10-27 00:00:00 -0500",1,99,"B002",164216,,,," ",7,"GLP",8.26,1.03,1.21,8.47,1.53,10.00,,,,,,,"LTR"
"B","27-10-2019","2019-10-27 00:00:00 -0500",1,99,"B002",164215,,,," ",7,"GLP",6.69,1.03,1.21,6.86,1.23,8.09,,,,,,,"LTR"
"B","27-10-2019","2019-10-27 00:00:00 -0500",1,99,"B002",164214,,,," ",7,"GLP",26.8,1.03,1.21,27.48,4.95,32.43,,,,,,,"LTR"
"B","27-10-2019","2019-10-27 00:00:00 -0500",1,99,"B002",164213,,,," ",7,"GLP",12.4,1.03,1.21,12.71,2.29,15.00,,,,,,,"LTR"
"B","27-10-2019","2019-10-27 00:00:00 -0500",1,99,"B002",164212,,,," ",7,"GLP",4.96,1.03,1.21,5.08,0.92,6.00,,,,,,,"LTR"
"B","27-10-2019","2019-10-27 00:00:00 -0500",1,99,"B002",164211,,,," ",7,"GLP",8.26,1.03,1.21,8.47,1.53,10.00,,,,,,,"LTR"
"B","27-10-2019","2019-10-27 00:00:00 -0500",1,99,"B002",164210,,,," ",7,"GLP",10.74,1.03,1.21,11.02,1.98,13.00,,,,,,,"LTR"
"B","27-10-2019","2019-10-27 00:00:00 -0500",1,99,"B002",164209,,,," ",7,"GLP",13.97,1.03,1.21,14.32,2.58,16.90,,,,,,,"LTR"
"B","27-10-2019","2019-10-27 00:00:00 -0500",1,99,"B002",164208,,,," ",7,"GLP",5.37,1.03,1.21,5.51,0.99,6.50,,,,,,,"LTR"
"B","27-10-2019","2019-10-27 00:00:00 -0500",1,99,"B002",164207,,,," ",7,"GLP",6.61,1.03,1.21,6.78,1.22,8.00,,,,,,,"LTR"
"B","27-10-2019","2019-10-27 00:00:00 -0500",1,99,"B002",164206,,,," ",7,"GLP",4.13,1.03,1.21,4.24,0.76,5.00,,,,,,,"LTR"
"B","27-10-2019","2019-10-27 00:00:00 -0500",1,99,"B002",164205,,,," ",7,"GLP",8.26,1.03,1.21,8.47,1.53,10.00,,,,,,,"LTR"
"B","27-10-2019","2019-10-27 00:00:00 -0500",1,99,"B002",164204,,,," ",7,"GLP",16.93,1.03,1.21,17.36,3.13,20.49,,,,,,,"LTR"
"B","27-10-2019","2019-10-27 00:00:00 -0500",1,99,"B002",164203,,,," ",7,"GLP",8.26,1.03,1.21,8.47,1.53,10.00,,,,,,,"LTR"
"B","27-10-2019","2019-10-27 00:00:00 -0500",1,99,"B002",164202,,,," ",7,"GLP",6.07,1.03,1.21,6.22,1.12,7.34,,,,,,,"LTR"
"B","27-10-2019","2019-10-27 00:00:00 -0500",1,99,"B002",164201,,,," ",7,"GLP",7.44,1.03,1.21,7.63,1.37,9.00,,,,,,,"LTR"
"B","27-10-2019","2019-10-27 00:00:00 -0500",1,99,"B002",164200,,,," ",7,"GLP",12.5,1.03,1.21,12.82,2.31,15.13,,,,,,,"LTR"
"B","27-10-2019","2019-10-27 00:00:00 -0500",1,99,"B002",164199,,,," ",7,"GLP",4.13,1.03,1.21,4.24,0.76,5.00,,,,,,,"LTR"
"B","27-10-2019","2019-10-27 00:00:00 -0500",1,99,"B002",164198,,,," ",7,"GLP",11.57,1.03,1.21,11.86,2.14,14.00,,,,,,,"LTR"
"B","27-10-2019","2019-10-27 00:00:00 -0500",1,99,"B002",164197,,,," ",7,"GLP",21.9,1.03,1.21,22.46,4.04,26.50,,,,,,,"LTR"
"B","27-10-2019","2019-10-27 00:00:00 -0500",1,99,"B002",164196,,,," ",7,"GLP",16.53,1.03,1.21,16.95,3.05,20.00,,,,,,,"LTR"
"B","27-10-2019","2019-10-27 00:00:00 -0500",1,99,"B002",164195,,,," ",7,"GLP",6.61,1.03,1.21,6.78,1.22,8.00,,,,,,,"LTR"
"B","27-10-2019","2019-10-27 00:00:00 -0500",1,99,"B002",164194,,,," ",7,"GLP",8.26,1.03,1.21,8.47,1.53,10.00,,,,,,,"LTR"
"B","27-10-2019","2019-10-27 00:00:00 -0500",1,99,"B002",164193,,,," ",2,"Gasohol 90",0.39,10.75,12.69,4.24,0.76,5.00,,,,,,,"GLL"
"B","27-10-2019","2019-10-27 00:00:00 -0500",1,99,"B002",164192,,,," ",2,"Gasohol 90",0.39,10.75,12.69,4.24,0.76,5.00,,,,,,,"GLL"
"B","27-10-2019","2019-10-27 00:00:00 -0500",1,99,"B002",164191,,,," ",7,"GLP",24.79,1.03,1.21,25.42,4.58,30.00,,,,,,,"LTR"
"B","27-10-2019","2019-10-27 00:00:00 -0500",1,99,"B002",164190,,,," ",7,"GLP",8.26,1.03,1.21,8.47,1.53,10.00,,,,,,,"LTR"
"B","27-10-2019","2019-10-27 00:00:00 -0500",1,99,"B002",164189,,,," ",7,"GLP",4.13,1.03,1.21,4.24,0.76,5.00,,,,,,,"LTR"
"B","27-10-2019","2019-10-27 00:00:00 -0500",1,99,"B002",164188,,,," ",5,"DieselPro B5 S50 UV",0.85,10.03,11.84,8.47,1.53,10.00,,,,,,,"GLL"
"B","27-10-2019","2019-10-27 00:00:00 -0500",1,99,"B002",164187,,,," ",7,"GLP",1.65,1.03,1.21,1.69,0.31,2.00,,,,,,,"LTR"
"B","27-10-2019","2019-10-27 00:00:00 -0500",1,99,"B002",164186,,,," ",7,"GLP",8.26,1.03,1.21,8.47,1.53,10.00,,,,,,,"LTR"
"B","27-10-2019","2019-10-27 00:00:00 -0500",1,99,"B002",164185,,,," ",7,"GLP",4.96,1.03,1.21,5.08,0.92,6.00,,,,,,,"LTR"
"B","27-10-2019","2019-10-27 00:00:00 -0500",1,99,"B002",164184,,,," ",7,"GLP",4.96,1.03,1.21,5.08,0.92,6.00,,,,,,,"LTR"
"B","27-10-2019","2019-10-27 00:00:00 -0500",1,99,"B002",164183,,,," ",7,"GLP",4.13,1.03,1.21,4.24,0.76,5.00,,,,,,,"LTR"
"B","27-10-2019","2019-10-27 00:00:00 -0500",1,99,"B002",164182,,,," ",7,"GLP",21.07,1.03,1.21,21.61,3.89,25.50,,,,,,,"LTR"
"B","27-10-2019","2019-10-27 00:00:00 -0500",1,99,"B002",164181,,,," ",7,"GLP",8.26,1.03,1.21,8.47,1.53,10.00,,,,,,,"LTR"
"B","27-10-2019","2019-10-27 00:00:00 -0500",1,99,"B002",164180,,,," ",7,"GLP",10.83,1.03,1.21,11.10,2.00,13.10,,,,,,,"LTR"
"B","27-10-2019","2019-10-27 00:00:00 -0500",1,99,"B002",164179,,,," ",7,"GLP",16.53,1.03,1.21,16.95,3.05,20.00,,,,,,,"LTR"
"B","27-10-2019","2019-10-27 00:00:00 -0500",1,99,"B002",164178,,,," ",7,"GLP",11.9,1.03,1.21,12.20,2.20,14.40,,,,,,,"LTR"
"B","27-10-2019","2019-10-27 00:00:00 -0500",1,99,"B002",164177,,,," ",7,"GLP",8.26,1.03,1.21,8.47,1.53,10.00,,,,,,,"LTR"
"B","27-10-2019","2019-10-27 00:00:00 -0500",1,99,"B101",24481,,,," ",2,"GASOHOL 90",0.47,10.82,12.77,5.08,0.92,6.00,,,,,,,"GLL"
"B","27-10-2019","2019-10-27 00:00:00 -0500",1,99,"B101",24480,,,," ",3,"GASOHOL 95",1.09,11.67,13.77,12.71,2.29,15.00,,,,,,,"GLL"
"B","27-10-2019","2019-10-27 00:00:00 -0500",1,99,"B101",24479,,,," ",2,"GASOHOL 90",0.39,10.82,12.77,4.24,0.76,5.00,,,,,,,"GLL"
"B","27-10-2019","2019-10-27 00:00:00 -0500",1,99,"B101",24478,,,," ",2,"GASOHOL 90",0.78,10.82,12.77,8.47,1.53,10.00,,,,,,,"GLL"
"B","27-10-2019","2019-10-27 00:00:00 -0500",1,99,"B101",24477,,,," ",2,"GASOHOL 90",3.92,10.82,12.77,42.37,7.63,50.00,,,,,,,"GLL"
"B","27-10-2019","2019-10-27 00:00:00 -0500",1,99,"B101",24476,,,," ",2,"GASOHOL 90",0.47,10.82,12.77,5.08,0.92,6.00,,,,,,,"GLL"
"B","27-10-2019","2019-10-27 00:00:00 -0500",1,99,"B101",24475,,,," ",5,"DIESEL PRO B5",0.84,10.08,11.89,8.47,1.53,10.00,,,,,,,"GLL"
"B","27-10-2019","2019-10-27 00:00:00 -0500",1,99,"B101",24474,,,," ",3,"GASOHOL 95",1.45,11.67,13.77,16.95,3.05,20.00,,,,,,,"GLL"
"B","27-10-2019","2019-10-27 00:00:00 -0500",1,99,"B101",24473,,,," ",4,"GASOHOL 98",2.63,12.87,15.19,33.90,6.10,40.00,,,,,,,"GLL"
"B","27-10-2019","2019-10-27 00:00:00 -0500",1,99,"B101",24472,,,," ",5,"DIESEL PRO B5",1.68,10.08,11.89,16.95,3.05,20.00,,,,,,,"GLL"
"B","27-10-2019","2019-10-27 00:00:00 -0500",1,99,"B101",24471,,,," ",4,"GASOHOL 98",0.66,12.87,15.19,8.47,1.53,10.00,,,,,,,"GLL"
"B","27-10-2019","2019-10-27 00:00:00 -0500",1,99,"B101",24470,,,," ",2,"GASOHOL 90",1.57,10.82,12.77,16.95,3.05,20.00,,,,,,,"GLL"
"B","27-10-2019","2019-10-27 00:00:00 -0500",1,99,"B101",24469,,,," ",2,"GASOHOL 90",0.78,10.82,12.77,8.47,1.53,10.00,,,,,,,"GLL"
"B","27-10-2019","2019-10-27 00:00:00 -0500",1,99,"B101",24468,,,," ",5,"DIESEL PRO B5",1.68,10.08,11.89,16.95,3.05,20.00,,,,,,,"GLL"
"B","27-10-2019","2019-10-27 00:00:00 -0500",1,99,"B101",24467,,,," ",3,"GASOHOL 95",0.73,11.67,13.77,8.47,1.53,10.00,,,,,,,"GLL"
"B","27-10-2019","2019-10-27 00:00:00 -0500",1,99,"B101",24466,,,," ",2,"GASOHOL 90",3.92,10.82,12.77,42.37,7.63,50.00,,,,,,,"GLL"
"B","27-10-2019","2019-10-27 00:00:00 -0500",1,99,"B101",24465,,,," ",2,"GASOHOL 90",0.39,10.82,12.77,4.24,0.76,5.00,,,,,,,"GLL"
"B","27-10-2019","2019-10-27 00:00:00 -0500",1,99,"B101",24464,,,," ",2,"GASOHOL 90",0.28,10.82,12.77,3.03,0.55,3.58,,,,,,,"GLL"
"B","27-10-2019","2019-10-27 00:00:00 -0500",1,99,"B101",24463,,,," ",2,"GASOHOL 90",0.39,10.82,12.77,4.24,0.76,5.00,,,,,,,"GLL"
"B","27-10-2019","2019-10-27 00:00:00 -0500",1,99,"B101",24462,,,," ",2,"GASOHOL 90",1.57,10.82,12.77,16.95,3.05,20.00,,,,,,,"GLL"
"B","27-10-2019","2019-10-27 00:00:00 -0500",1,99,"B101",24461,,,," ",2,"GASOHOL 90",0.39,10.82,12.77,4.24,0.76,5.00,,,,,,,"GLL"
"B","27-10-2019","2019-10-27 00:00:00 -0500",1,99,"B101",24460,,,," ",3,"GASOHOL 95",3.63,11.67,13.77,42.37,7.63,50.00,,,,,,,"GLL"
"B","27-10-2019","2019-10-27 00:00:00 -0500",1,99,"B101",24459,,,," ",2,"GASOHOL 90",0.31,10.82,12.77,3.39,0.61,4.00,,,,,,,"GLL"
"B","27-10-2019","2019-10-27 00:00:00 -0500",1,99,"B101",24458,,,," ",3,"GASOHOL 95",4.36,11.67,13.77,50.85,9.15,60.00,,,,,,,"GLL"
"B","27-10-2019","2019-10-27 00:00:00 -0500",1,99,"B101",24457,,,," ",2,"GASOHOL 90",0.39,10.82,12.77,4.24,0.76,5.00,,,,,,,"GLL"
"B","27-10-2019","2019-10-27 00:00:00 -0500",1,99,"B101",24456,,,," ",2,"GASOHOL 90",0.94,10.82,12.77,10.15,1.83,11.98,,,,,,,"GLL"
"B","27-10-2019","2019-10-27 00:00:00 -0500",1,99,"B101",24455,,,," ",5,"DIESEL PRO B5",1.68,10.08,11.89,16.95,3.05,20.00,,,,,,,"GLL"
"B","27-10-2019","2019-10-27 00:00:00 -0500",1,99,"B101",24454,,,," ",3,"GASOHOL 95",1.45,11.67,13.77,16.95,3.05,20.00,,,,,,,"GLL"
"B","27-10-2019","2019-10-27 00:00:00 -0500",1,99,"B101",24453,,,," ",5,"DIESEL PRO B5",2.52,10.08,11.89,25.42,4.58,30.00,,,,,,,"GLL"
"B","27-10-2019","2019-10-27 00:00:00 -0500",1,99,"B101",24452,,,," ",2,"GASOHOL 90",0.39,10.82,12.77,4.24,0.76,5.00,,,,,,,"GLL"
"B","27-10-2019","2019-10-27 00:00:00 -0500",1,99,"B101",24451,,,," ",2,"GASOHOL 90",1.57,10.82,12.77,16.95,3.05,20.00,,,,,,,"GLL"
"B","27-10-2019","2019-10-27 00:00:00 -0500",1,99,"B101",24450,,,," ",5,"DIESEL PRO B5",2.52,10.08,11.89,25.42,4.58,30.00,,,,,,,"GLL"
"B","27-10-2019","2019-10-27 00:00:00 -0500",1,99,"B101",24449,,,," ",2,"GASOHOL 90",0.78,10.82,12.77,8.47,1.53,10.00,,,,,,,"GLL"
"B","27-10-2019","2019-10-27 00:00:00 -0500",1,99,"B101",24448,,,," ",4,"GASOHOL 98",5.27,12.87,15.19,67.80,12.20,80.00,,,,,,,"GLL"
"B","27-10-2019","2019-10-27 00:00:00 -0500",1,99,"B101",24447,,,," ",3,"GASOHOL 95",3.63,11.67,13.77,42.37,7.63,50.00,,,,,,,"GLL"
"B","27-10-2019","2019-10-27 00:00:00 -0500",1,99,"B101",24446,,,," ",5,"DIESEL PRO B5",8.41,10.08,11.89,84.75,15.25,100.00,,,,,,,"GLL"
"B","27-10-2019","2019-10-27 00:00:00 -0500",1,99,"B101",24445,,,," ",5,"DIESEL PRO B5",1.26,10.08,11.89,12.71,2.29,15.00,,,,,,,"GLL"
"B","27-10-2019","2019-10-27 00:00:00 -0500",1,99,"B101",24444,,,," ",2,"GASOHOL 90",0.55,10.82,12.77,5.93,1.07,7.00,,,,,,,"GLL"
"B","27-10-2019","2019-10-27 00:00:00 -0500",1,99,"B101",24443,,,," ",2,"GASOHOL 90",0.39,10.82,12.77,4.24,0.76,5.00,,,,,,,"GLL"
"B","27-10-2019","2019-10-27 00:00:00 -0500",1,99,"B101",24442,,,," ",5,"DIESEL PRO B5",4.21,10.08,11.89,42.37,7.63,50.00,,,,,,,"GLL"
"B","27-10-2019","2019-10-27 00:00:00 -0500",1,99,"B101",24441,,,," ",2,"GASOHOL 90",0.39,10.82,12.77,4.24,0.76,5.00,,,,,,,"GLL"
"B","27-10-2019","2019-10-27 00:00:00 -0500",1,99,"B101",24440,,,," ",4,"GASOHOL 98",3.93,12.87,15.19,50.54,9.10,59.64,,,,,,,"GLL"
"B","27-10-2019","2019-10-27 00:00:00 -0500",1,99,"B101",24439,,,," ",2,"GASOHOL 90",1.57,10.82,12.77,16.95,3.05,20.00,,,,,,,"GLL"
"B","27-10-2019","2019-10-27 00:00:00 -0500",1,99,"B101",24438,,,," ",2,"GASOHOL 90",0.24,10.82,12.77,2.54,0.46,3.00,,,,,,,"GLL"
"B","27-10-2019","2019-10-27 00:00:00 -0500",1,99,"B101",24437,,,," ",2,"GASOHOL 90",1.02,10.82,12.77,11.02,1.98,13.00,,,,,,,"GLL"
"B","27-10-2019","2019-10-27 00:00:00 -0500",1,99,"B101",24436,,,," ",2,"GASOHOL 90",2,10.82,12.77,21.64,3.90,25.54,,,,,,,"GLL"
"B","27-10-2019","2019-10-27 00:00:00 -0500",1,99,"B101",24435,,,," ",3,"GASOHOL 95",0.51,11.67,13.77,5.93,1.07,7.00,,,,,,,"GLL"
"B","27-10-2019","2019-10-27 00:00:00 -0500",1,99,"B101",24434,,,," ",2,"GASOHOL 90",0.63,10.82,12.77,6.78,1.22,8.00,,,,,,,"GLL"
"B","27-10-2019","2019-10-27 00:00:00 -0500",1,99,"B101",24433,,,," ",3,"GASOHOL 95",4.36,11.67,13.77,50.85,9.15,60.00,,,,,,,"GLL"
"B","27-10-2019","2019-10-27 00:00:00 -0500",1,99,"B101",24432,,,," ",2,"GASOHOL 90",0.12,10.82,12.77,1.27,0.23,1.50,,,,,,,"GLL"
"B","27-10-2019","2019-10-27 00:00:00 -0500",1,99,"B101",24431,,,," ",2,"GASOHOL 90",0.39,10.82,12.77,4.24,0.76,5.00,,,,,,,"GLL"
"B","27-10-2019","2019-10-27 00:00:00 -0500",1,99,"B101",24430,,,," ",2,"GASOHOL 90",0.39,10.82,12.77,4.24,0.76,5.00,,,,,,,"GLL"
"B","27-10-2019","2019-10-27 00:00:00 -0500",1,99,"B101",24429,,,," ",4,"GASOHOL 98",6.58,12.87,15.19,84.75,15.25,100.00,,,,,,,"GLL"
"B","27-10-2019","2019-10-27 00:00:00 -0500",1,99,"B101",24428,,,," ",2,"GASOHOL 90",1.57,10.82,12.77,16.95,3.05,20.00,,,,,,,"GLL"
"B","27-10-2019","2019-10-27 00:00:00 -0500",1,99,"B101",24427,,,," ",2,"GASOHOL 90",2.35,10.82,12.77,25.42,4.58,30.00,,,,,,,"GLL"
"B","27-10-2019","2019-10-27 00:00:00 -0500",1,99,"B101",24426,,,," ",3,"GASOHOL 95",1.45,11.67,13.77,16.95,3.05,20.00,,,,,,,"GLL"
"B","27-10-2019","2019-10-27 00:00:00 -0500",1,99,"B101",24425,,,," ",2,"GASOHOL 90",4.95,10.82,12.77,53.61,9.65,63.26,,,,,,,"GLL"
"B","27-10-2019","2019-10-27 00:00:00 -0500",1,99,"B101",24424,,,," ",4,"GASOHOL 98",6.58,12.87,15.19,84.75,15.25,100.00,,,,,,,"GLL"
"B","27-10-2019","2019-10-27 00:00:00 -0500",1,99,"B101",24423,,,," ",3,"GASOHOL 95",1.45,11.67,13.77,16.95,3.05,20.00,,,,,,,"GLL"
"B","27-10-2019","2019-10-27 00:00:00 -0500",1,99,"B101",24422,,,," ",3,"GASOHOL 95",1.45,11.67,13.77,16.95,3.05,20.00,,,,,,,"GLL"
"B","27-10-2019","2019-10-27 00:00:00 -0500",1,99,"B101",24421,,,," ",2,"GASOHOL 90",0.39,10.82,12.77,4.24,0.76,5.00,,,,,,,"GLL"
"B","27-10-2019","2019-10-27 00:00:00 -0500",1,99,"B101",24420,,,," ",2,"GASOHOL 90",0.55,10.82,12.77,5.93,1.07,7.00,,,,,,,"GLL"
"B","27-10-2019","2019-10-27 00:00:00 -0500",1,99,"B101",24419,,,," ",3,"GASOHOL 95",9.97,11.67,13.77,116.36,20.95,137.31,,,,,,,"GLL"
"B","27-10-2019","2019-10-27 00:00:00 -0500",1,99,"B101",24418,,,," ",2,"GASOHOL 90",0.78,10.82,12.77,8.47,1.53,10.00,,,,,,,"GLL"
"B","27-10-2019","2019-10-27 00:00:00 -0500",1,99,"B101",24417,,,," ",2,"GASOHOL 90",0.78,10.82,12.77,8.47,1.53,10.00,,,,,,,"GLL"
"B","27-10-2019","2019-10-27 00:00:00 -0500",1,99,"B101",24416,,,," ",5,"DIESEL PRO B5",8.41,10.08,11.89,84.75,15.25,100.00,,,,,,,"GLL"
"B","27-10-2019","2019-10-27 00:00:00 -0500",1,99,"B101",24415,,,," ",3,"GASOHOL 95",1.45,11.67,13.77,16.95,3.05,20.00,,,,,,,"GLL"
"B","27-10-2019","2019-10-27 00:00:00 -0500",1,99,"B101",24414,,,," ",3,"GASOHOL 95",1.45,11.67,13.77,16.95,3.05,20.00,,,,,,,"GLL"
"B","27-10-2019","2019-10-27 00:00:00 -0500",1,99,"B101",24413,,,," ",5,"DIESEL PRO B5",1.68,10.08,11.89,16.95,3.05,20.00,,,,,,,"GLL"
"B","27-10-2019","2019-10-27 00:00:00 -0500",1,99,"B101",24412,,,," ",5,"DIESEL PRO B5",0.17,10.08,11.89,1.69,0.31,2.00,,,,,,,"GLL"
"B","27-10-2019","2019-10-27 00:00:00 -0500",1,99,"B101",24411,,,," ",4,"GASOHOL 98",1.91,12.87,15.19,24.61,4.43,29.04,,,,,,,"GLL"
"B","27-10-2019","2019-10-27 00:00:00 -0500",1,99,"B101",24410,,,," ",3,"GASOHOL 95",0.73,11.67,13.77,8.47,1.53,10.00,,,,,,,"GLL"
"B","27-10-2019","2019-10-27 00:00:00 -0500",1,99,"B101",24409,,,," ",3,"GASOHOL 95",0.94,11.67,13.77,11.02,1.98,13.00,,,,,,,"GLL"
"B","27-10-2019","2019-10-27 00:00:00 -0500",1,99,"B101",24408,,,," ",3,"GASOHOL 95",1.45,11.67,13.77,16.95,3.05,20.00,,,,,,,"GLL"
"B","27-10-2019","2019-10-27 00:00:00 -0500",1,99,"B101",24407,,,," ",2,"GASOHOL 90",0.39,10.82,12.77,4.24,0.76,5.00,,,,,,,"GLL"
"B","27-10-2019","2019-10-27 00:00:00 -0500",1,99,"B101",24406,,,," ",2,"GASOHOL 90",0.39,10.82,12.77,4.24,0.76,5.00,,,,,,,"GLL"
"B","27-10-2019","2019-10-27 00:00:00 -0500",1,99,"B101",24405,,,," ",2,"GASOHOL 90",0.39,10.82,12.77,4.24,0.76,5.00,,,,,,,"GLL"
"B","27-10-2019","2019-10-27 00:00:00 -0500",1,99,"B101",24404,,,," ",2,"GASOHOL 90",0.94,10.82,12.77,10.17,1.83,12.00,,,,,,,"GLL"
"B","27-10-2019","2019-10-27 00:00:00 -0500",1,99,"B101",24403,,,," ",5,"DIESEL PRO B5",1.68,10.08,11.89,16.95,3.05,20.00,,,,,,,"GLL"
"B","27-10-2019","2019-10-27 00:00:00 -0500",1,99,"B101",24402,,,," ",2,"GASOHOL 90",0.78,10.82,12.77,8.47,1.53,10.00,,,,,,,"GLL"
"B","27-10-2019","2019-10-27 00:00:00 -0500",1,99,"B101",24401,,,," ",3,"GASOHOL 95",1.45,11.67,13.77,16.95,3.05,20.00,,,,,,,"GLL"
"B","27-10-2019","2019-10-27 00:00:00 -0500",1,99,"B101",24400,,,," ",2,"GASOHOL 90",0.39,10.82,12.77,4.24,0.76,5.00,,,,,,,"GLL"
"B","27-10-2019","2019-10-27 00:00:00 -0500",1,99,"B101",24399,,,," ",2,"GASOHOL 90",0.78,10.82,12.77,8.47,1.53,10.00,,,,,,,"GLL"
"B","27-10-2019","2019-10-27 00:00:00 -0500",1,99,"B101",24398,,,," ",2,"GASOHOL 90",0.78,10.82,12.77,8.47,1.53,10.00,,,,,,,"GLL"
"B","27-10-2019","2019-10-27 00:00:00 -0500",1,99,"B101",24397,,,," ",2,"GASOHOL 90",1.57,10.82,12.77,16.95,3.05,20.00,,,,,,,"GLL"
"B","27-10-2019","2019-10-27 00:00:00 -0500",1,99,"B101",24396,,,," ",3,"GASOHOL 95",5.16,11.67,13.77,60.19,10.84,71.03,,,,,,,"GLL"
"B","27-10-2019","2019-10-27 00:00:00 -0500",1,99,"B101",24395,,,," ",2,"GASOHOL 90",0.24,10.82,12.77,2.54,0.46,3.00,,,,,,,"GLL"
"B","27-10-2019","2019-10-27 00:00:00 -0500",1,99,"B101",24394,,,," ",5,"DIESEL PRO B5",1,10.08,11.89,10.08,1.81,11.89,,,,,,,"GLL"
"B","27-10-2019","2019-10-27 00:00:00 -0500",1,99,"B101",24393,,,," ",4,"GASOHOL 98",13.18,12.87,15.19,169.61,30.53,200.14,,,,,,,"GLL"
"B","27-10-2019","2019-10-27 00:00:00 -0500",1,99,"B101",24392,,,," ",2,"GASOHOL 90",0.08,10.82,12.77,0.85,0.15,1.00,,,,,,,"GLL"
"B","27-10-2019","2019-10-27 00:00:00 -0500",1,99,"B101",24391,,,," ",3,"GASOHOL 95",1.09,11.67,13.77,12.71,2.29,15.00,,,,,,,"GLL"
"B","27-10-2019","2019-10-27 00:00:00 -0500",1,99,"B101",24390,,,," ",2,"GASOHOL 90",0.39,10.82,12.77,4.24,0.76,5.00,,,,,,,"GLL"
"B","27-10-2019","2019-10-27 00:00:00 -0500",1,99,"B101",24389,,,," ",3,"GASOHOL 95",3.63,11.67,13.77,42.37,7.63,50.00,,,,,,,"GLL"
"B","27-10-2019","2019-10-27 00:00:00 -0500",1,99,"B101",24388,,,," ",2,"GASOHOL 90",0.78,10.82,12.77,8.47,1.53,10.00,,,,,,,"GLL"
"B","27-10-2019","2019-10-27 00:00:00 -0500",1,99,"B101",24387,,,," ",5,"DIESEL PRO B5",1.68,10.08,11.89,16.95,3.05,20.00,,,,,,,"GLL"
"B","27-10-2019","2019-10-27 00:00:00 -0500",1,99,"B101",24386,,,," ",2,"GASOHOL 90",0.78,10.82,12.77,8.47,1.53,10.00,,,,,,,"GLL"
"B","27-10-2019","2019-10-27 00:00:00 -0500",1,99,"B101",24385,,,," ",5,"DIESEL PRO B5",5.05,10.08,11.89,50.85,9.15,60.00,,,,,,,"GLL"
"B","27-10-2019","2019-10-27 00:00:00 -0500",1,99,"B101",24384,,,," ",2,"GASOHOL 90",0.39,10.82,12.77,4.24,0.76,5.00,,,,,,,"GLL"
"B","27-10-2019","2019-10-27 00:00:00 -0500",1,99,"B101",24383,,,," ",2,"GASOHOL 90",1.57,10.82,12.77,16.95,3.05,20.00,,,,,,,"GLL"
"B","27-10-2019","2019-10-27 00:00:00 -0500",1,99,"B101",24382,,,," ",5,"DIESEL PRO B5",1.68,10.08,11.89,16.95,3.05,20.00,,,,,,,"GLL"
"B","27-10-2019","2019-10-27 00:00:00 -0500",1,99,"B101",24381,,,," ",3,"GASOHOL 95",1.45,11.67,13.77,16.95,3.05,20.00,,,,,,,"GLL"
"B","27-10-2019","2019-10-27 00:00:00 -0500",1,99,"B101",24380,,,," ",5,"DIESEL PRO B5",2.52,10.08,11.89,25.42,4.58,30.00,,,,,,,"GLL"
"B","27-10-2019","2019-10-27 00:00:00 -0500",1,99,"B101",24379,,,," ",2,"GASOHOL 90",0.78,10.82,12.77,8.47,1.53,10.00,,,,,,,"GLL"
"B","27-10-2019","2019-10-27 00:00:00 -0500",1,99,"B101",24378,,,," ",5,"DIESEL PRO B5",6.73,10.08,11.89,67.80,12.20,80.00,,,,,,,"GLL"
"B","27-10-2019","2019-10-27 00:00:00 -0500",1,99,"B101",24377,,,," ",2,"GASOHOL 90",0.78,10.82,12.77,8.47,1.53,10.00,,,,,,,"GLL"
"B","27-10-2019","2019-10-27 00:00:00 -0500",1,99,"B101",24376,,,," ",5,"DIESEL PRO B5",1.68,10.08,11.89,16.95,3.05,20.00,,,,,,,"GLL"
"B","27-10-2019","2019-10-27 00:00:00 -0500",1,99,"B101",24375,,,," ",2,"GASOHOL 90",0.55,10.82,12.77,5.93,1.07,7.00,,,,,,,"GLL"
"B","27-10-2019","2019-10-27 00:00:00 -0500",1,99,"B101",24374,,,," ",2,"GASOHOL 90",0.39,10.82,12.77,4.24,0.76,5.00,,,,,,,"GLL"
"B","27-10-2019","2019-10-27 00:00:00 -0500",1,99,"B101",24373,,,," ",2,"GASOHOL 90",0.78,10.82,12.77,8.47,1.53,10.00,,,,,,,"GLL"
"B","27-10-2019","2019-10-27 00:00:00 -0500",1,99,"B101",24372,,,," ",2,"GASOHOL 90",1.57,10.82,12.77,16.95,3.05,20.00,,,,,,,"GLL"
"B","27-10-2019","2019-10-27 00:00:00 -0500",1,99,"B101",24371,,,," ",2,"GASOHOL 90",0.24,10.82,12.77,2.54,0.46,3.00,,,,,,,"GLL"
"B","27-10-2019","2019-10-27 00:00:00 -0500",1,99,"B101",24370,,,," ",2,"GASOHOL 90",0.39,10.82,12.77,4.24,0.76,5.00,,,,,,,"GLL"
"B","27-10-2019","2019-10-27 00:00:00 -0500",1,99,"B101",24369,,,," ",2,"GASOHOL 90",0.9,10.82,12.77,9.74,1.75,11.49,,,,,,,"GLL"
"B","27-10-2019","2019-10-27 00:00:00 -0500",1,99,"B101",24368,,,," ",5,"DIESEL PRO B5",4.21,10.08,11.89,42.37,7.63,50.00,,,,,,,"GLL"
"B","27-10-2019","2019-10-27 00:00:00 -0500",1,99,"B101",24367,,,," ",3,"GASOHOL 95",1.45,11.67,13.77,16.95,3.05,20.00,,,,,,,"GLL"
"B","27-10-2019","2019-10-27 00:00:00 -0500",1,99,"B101",24366,,,," ",5,"DIESEL PRO B5",1.68,10.08,11.89,16.95,3.05,20.00,,,,,,,"GLL"
"B","27-10-2019","2019-10-27 00:00:00 -0500",1,99,"B101",24365,,,," ",2,"GASOHOL 90",1.96,10.82,12.77,21.19,3.81,25.00,,,,,,,"GLL"
"B","27-10-2019","2019-10-27 00:00:00 -0500",1,99,"B101",24364,,,," ",2,"GASOHOL 90",1.18,10.82,12.77,12.71,2.29,15.00,,,,,,,"GLL"
"B","27-10-2019","2019-10-27 00:00:00 -0500",1,99,"B101",24363,,,," ",3,"GASOHOL 95",0.73,11.67,13.77,8.47,1.53,10.00,,,,,,,"GLL"
"B","27-10-2019","2019-10-27 00:00:00 -0500",1,99,"B101",24362,,,," ",3,"GASOHOL 95",5.81,11.67,13.77,67.80,12.20,80.00,,,,,,,"GLL"
"B","27-10-2019","2019-10-27 00:00:00 -0500",1,99,"B102",7595,,,," ",2,"GASOHOL 90",0.78,10.82,12.77,8.47,1.53,10.00,,,,,,,"GLL"
"B","27-10-2019","2019-10-27 00:00:00 -0500",1,99,"B102",7594,,,," ",2,"GASOHOL 90",0.8,10.82,12.77,8.64,1.55,10.19,,,,,,,"GLL"
"B","27-10-2019","2019-10-27 00:00:00 -0500",1,99,"B102",7593,,,," ",3,"GASOHOL 95",1.45,11.67,13.77,16.95,3.05,20.00,,,,,,,"GLL"
"B","27-10-2019","2019-10-27 00:00:00 -0500",1,99,"B102",7592,,,," ",2,"GASOHOL 90",0.78,10.82,12.77,8.47,1.53,10.00,,,,,,,"GLL"
"B","27-10-2019","2019-10-27 00:00:00 -0500",1,99,"B102",7591,,,," ",2,"GASOHOL 90",0.55,10.82,12.77,5.93,1.07,7.00,,,,,,,"GLL"
"B","27-10-2019","2019-10-27 00:00:00 -0500",1,99,"B102",7590,,,," ",2,"GASOHOL 90",0.55,10.82,12.77,5.93,1.07,7.00,,,,,,,"GLL"
"B","27-10-2019","2019-10-27 00:00:00 -0500",1,99,"B102",7589,,,," ",3,"GASOHOL 95",3.63,11.67,13.77,42.37,7.63,50.00,,,,,,,"GLL"
"B","27-10-2019","2019-10-27 00:00:00 -0500",1,99,"B102",7588,,,," ",2,"GASOHOL 90",3.92,10.82,12.77,42.37,7.63,50.00,,,,,,,"GLL"
"B","27-10-2019","2019-10-27 00:00:00 -0500",1,99,"B102",7587,,,," ",2,"GASOHOL 90",0.67,10.82,12.77,7.30,1.31,8.61,,,,,,,"GLL"
"B","27-10-2019","2019-10-27 00:00:00 -0500",1,99,"B102",7586,,,," ",3,"GASOHOL 95",7.26,11.67,13.77,84.75,15.25,100.00,,,,,,,"GLL"
"B","27-10-2019","2019-10-27 00:00:00 -0500",1,99,"B102",7585,,,," ",3,"GASOHOL 95",2.83,11.67,13.77,32.99,5.94,38.93,,,,,,,"GLL"
"B","27-10-2019","2019-10-27 00:00:00 -0500",1,99,"B102",7584,,,," ",3,"GASOHOL 95",3.4,11.67,13.77,39.66,7.14,46.80,,,,,,,"GLL"
"B","27-10-2019","2019-10-27 00:00:00 -0500",1,99,"B102",7583,,,," ",5,"DIESEL PRO B5",2.52,10.08,11.89,25.42,4.58,30.00,,,,,,,"GLL"
"B","27-10-2019","2019-10-27 00:00:00 -0500",1,99,"B102",7582,,,," ",2,"GASOHOL 90",1.18,10.82,12.77,12.71,2.29,15.00,,,,,,,"GLL"
"B","27-10-2019","2019-10-27 00:00:00 -0500",1,99,"B102",7581,,,," ",2,"GASOHOL 90",1.57,10.82,12.77,16.95,3.05,20.00,,,,,,,"GLL"
"B","27-10-2019","2019-10-27 00:00:00 -0500",1,99,"B102",7580,,,," ",2,"GASOHOL 90",0.78,10.82,12.77,8.47,1.53,10.00,,,,,,,"GLL"
"B","27-10-2019","2019-10-27 00:00:00 -0500",1,99,"B102",7579,,,," ",3,"GASOHOL 95",1.45,11.67,13.77,16.95,3.05,20.00,,,,,,,"GLL"
"B","27-10-2019","2019-10-27 00:00:00 -0500",1,99,"B102",7578,,,," ",3,"GASOHOL 95",3.63,11.67,13.77,42.37,7.63,50.00,,,,,,,"GLL"
"B","27-10-2019","2019-10-27 00:00:00 -0500",1,99,"B102",7577,,,," ",5,"DIESEL PRO B5",4.21,10.08,11.89,42.37,7.63,50.00,,,,,,,"GLL"
"B","27-10-2019","2019-10-27 00:00:00 -0500",1,99,"B102",7576,,,," ",3,"GASOHOL 95",2.91,11.67,13.77,33.90,6.10,40.00,,,,,,,"GLL"
"B","27-10-2019","2019-10-27 00:00:00 -0500",1,99,"B102",7575,,,," ",2,"GASOHOL 90",0.39,10.82,12.77,4.24,0.76,5.00,,,,,,,"GLL"
"B","27-10-2019","2019-10-27 00:00:00 -0500",1,99,"B102",7574,,,," ",2,"GASOHOL 90",0.78,10.82,12.77,8.47,1.53,10.00,,,,,,,"GLL"
"B","27-10-2019","2019-10-27 00:00:00 -0500",1,99,"B102",7573,,,," ",2,"GASOHOL 90",11.75,10.82,12.77,127.12,22.88,150.00,,,,,,,"GLL"
"B","27-10-2019","2019-10-27 00:00:00 -0500",1,99,"B102",7572,,,," ",2,"GASOHOL 90",0.78,10.82,12.77,8.47,1.53,10.00,,,,,,,"GLL"
"B","27-10-2019","2019-10-27 00:00:00 -0500",1,99,"B102",7571,,,," ",2,"GASOHOL 90",1.57,10.82,12.77,16.95,3.05,20.00,,,,,,,"GLL"
"B","27-10-2019","2019-10-27 00:00:00 -0500",1,99,"B102",7570,,,," ",2,"GASOHOL 90",0.78,10.82,12.77,8.47,1.53,10.00,,,,,,,"GLL"
"B","27-10-2019","2019-10-27 00:00:00 -0500",1,99,"B102",7569,,,," ",2,"GASOHOL 90",0.78,10.82,12.77,8.47,1.53,10.00,,,,,,,"GLL"
"B","27-10-2019","2019-10-27 00:00:00 -0500",1,99,"B102",7568,,,," ",2,"GASOHOL 90",0.78,10.82,12.77,8.47,1.53,10.00,,,,,,,"GLL"
"B","27-10-2019","2019-10-27 00:00:00 -0500",1,99,"B102",7567,,,," ",2,"GASOHOL 90",0.78,10.82,12.77,8.47,1.53,10.00,,,,,,,"GLL"
"B","27-10-2019","2019-10-27 00:00:00 -0500",1,99,"B103",19990,,,," ",7,"GLP",17.24,0.98,1.16,16.95,3.05,20.00,,,,,,,"LTR"
"B","27-10-2019","2019-10-27 00:00:00 -0500",1,99,"B103",19989,,,," ",7,"GLP",8.62,0.98,1.16,8.47,1.53,10.00,,,,,,,"LTR"
"B","27-10-2019","2019-10-27 00:00:00 -0500",1,99,"B103",19988,,,," ",7,"GLP",21.72,0.98,1.16,21.35,3.84,25.19,,,,,,,"LTR"
"B","27-10-2019","2019-10-27 00:00:00 -0500",1,99,"B103",19987,,,," ",7,"GLP",8.54,0.98,1.16,8.40,1.51,9.91,,,,,,,"LTR"
"B","27-10-2019","2019-10-27 00:00:00 -0500",1,99,"B103",19986,,,," ",7,"GLP",25.86,0.98,1.16,25.42,4.58,30.00,,,,,,,"LTR"
"B","27-10-2019","2019-10-27 00:00:00 -0500",1,99,"B103",19985,,,," ",7,"GLP",14.89,0.98,1.16,14.64,2.63,17.27,,,,,,,"LTR"
"B","27-10-2019","2019-10-27 00:00:00 -0500",1,99,"B103",19984,,,," ",7,"GLP",8.62,0.98,1.16,8.47,1.53,10.00,,,,,,,"LTR"
"B","27-10-2019","2019-10-27 00:00:00 -0500",1,99,"B103",19983,,,," ",7,"GLP",8.62,0.98,1.16,8.47,1.53,10.00,,,,,,,"LTR"
"B","27-10-2019","2019-10-27 00:00:00 -0500",1,99,"B103",19982,,,," ",7,"GLP",18.1,0.98,1.16,17.80,3.20,21.00,,,,,,,"LTR"
"B","27-10-2019","2019-10-27 00:00:00 -0500",1,99,"B103",19981,,,," ",7,"GLP",17.24,0.98,1.16,16.95,3.05,20.00,,,,,,,"LTR"
"B","27-10-2019","2019-10-27 00:00:00 -0500",1,99,"B103",19980,,,," ",7,"GLP",8.62,0.98,1.16,8.47,1.53,10.00,,,,,,,"LTR"
"B","27-10-2019","2019-10-27 00:00:00 -0500",1,99,"B103",19979,,,," ",7,"GLP",12.93,0.98,1.16,12.71,2.29,15.00,,,,,,,"LTR"
"B","27-10-2019","2019-10-27 00:00:00 -0500",1,99,"B103",19978,,,," ",7,"GLP",10.37,0.98,1.16,10.19,1.84,12.03,,,,,,,"LTR"
"B","27-10-2019","2019-10-27 00:00:00 -0500",1,99,"B103",19977,,,," ",7,"GLP",8.62,0.98,1.16,8.47,1.53,10.00,,,,,,,"LTR"
"B","27-10-2019","2019-10-27 00:00:00 -0500",1,99,"B103",19976,,,," ",7,"GLP",15.44,0.98,1.16,15.18,2.73,17.91,,,,,,,"LTR"
"B","27-10-2019","2019-10-27 00:00:00 -0500",1,99,"B103",19975,,,," ",7,"GLP",8.62,0.98,1.16,8.47,1.53,10.00,,,,,,,"LTR"
"B","27-10-2019","2019-10-27 00:00:00 -0500",1,99,"B103",19974,,,," ",7,"GLP",8.62,0.98,1.16,8.47,1.53,10.00,,,,,,,"LTR"
"B","27-10-2019","2019-10-27 00:00:00 -0500",1,99,"B103",19973,,,," ",7,"GLP",8.62,0.98,1.16,8.47,1.53,10.00,,,,,,,"LTR"
"B","27-10-2019","2019-10-27 00:00:00 -0500",1,99,"B103",19972,,,," ",7,"GLP",5.17,0.98,1.16,5.08,0.92,6.00,,,,,,,"LTR"
"B","27-10-2019","2019-10-27 00:00:00 -0500",1,99,"B103",19971,,,," ",7,"GLP",17.24,0.98,1.16,16.95,3.05,20.00,,,,,,,"LTR"
"B","27-10-2019","2019-10-27 00:00:00 -0500",1,99,"B103",19970,,,," ",7,"GLP",17.24,0.98,1.16,16.95,3.05,20.00,,,,,,,"LTR"
"B","27-10-2019","2019-10-27 00:00:00 -0500",1,99,"B103",19969,,,," ",7,"GLP",12.93,0.98,1.16,12.71,2.29,15.00,,,,,,,"LTR"
"B","27-10-2019","2019-10-27 00:00:00 -0500",1,99,"B103",19968,,,," ",7,"GLP",15.52,0.98,1.16,15.25,2.75,18.00,,,,,,,"LTR"
"B","27-10-2019","2019-10-27 00:00:00 -0500",1,99,"B103",19967,,,," ",7,"GLP",8.62,0.98,1.16,8.47,1.53,10.00,,,,,,,"LTR"
"B","27-10-2019","2019-10-27 00:00:00 -0500",1,99,"B103",19966,,,," ",7,"GLP",25.86,0.98,1.16,25.42,4.58,30.00,,,,,,,"LTR"
"B","27-10-2019","2019-10-27 00:00:00 -0500",1,99,"B103",19965,,,," ",7,"GLP",5.16,0.98,1.16,5.08,0.91,5.99,,,,,,,"LTR"
"B","27-10-2019","2019-10-27 00:00:00 -0500",1,99,"B103",19964,,,," ",7,"GLP",8.62,0.98,1.16,8.47,1.53,10.00,,,,,,,"LTR"
"B","27-10-2019","2019-10-27 00:00:00 -0500",1,99,"B103",19963,,,," ",7,"GLP",8.97,0.98,1.16,8.82,1.59,10.41,,,,,,,"LTR"
"B","27-10-2019","2019-10-27 00:00:00 -0500",1,99,"B103",19962,,,," ",7,"GLP",17.24,0.98,1.16,16.95,3.05,20.00,,,,,,,"LTR"
"B","27-10-2019","2019-10-27 00:00:00 -0500",1,99,"B103",19961,,,," ",7,"GLP",16.82,0.98,1.16,16.53,2.98,19.51,,,,,,,"LTR"
"B","27-10-2019","2019-10-27 00:00:00 -0500",1,99,"B103",19960,,,," ",7,"GLP",22.47,0.98,1.16,22.08,3.98,26.06,,,,,,,"LTR"
"B","27-10-2019","2019-10-27 00:00:00 -0500",1,99,"B103",19959,,,," ",7,"GLP",25.86,0.98,1.16,25.42,4.58,30.00,,,,,,,"LTR"
"B","27-10-2019","2019-10-27 00:00:00 -0500",1,99,"B103",19958,,,," ",7,"GLP",26.46,0.98,1.16,26.01,4.68,30.69,,,,,,,"LTR"
"B","27-10-2019","2019-10-27 00:00:00 -0500",1,99,"B103",19957,,,," ",7,"GLP",8.62,0.98,1.16,8.47,1.53,10.00,,,,,,,"LTR"
"B","27-10-2019","2019-10-27 00:00:00 -0500",1,99,"B103",19956,,,," ",7,"GLP",6.9,0.98,1.16,6.78,1.22,8.00,,,,,,,"LTR"
"B","27-10-2019","2019-10-27 00:00:00 -0500",1,99,"B103",19955,,,," ",7,"GLP",49.02,0.98,1.16,48.19,8.67,56.86,,,,,,,"LTR"
"B","27-10-2019","2019-10-27 00:00:00 -0500",1,99,"B103",19954,,,," ",7,"GLP",17.24,0.98,1.16,16.95,3.05,20.00,,,,,,,"LTR"
"B","27-10-2019","2019-10-27 00:00:00 -0500",1,99,"B103",19953,,,," ",7,"GLP",10.35,0.98,1.16,10.17,1.83,12.00,,,,,,,"LTR"
"B","27-10-2019","2019-10-27 00:00:00 -0500",1,99,"B103",19952,,,," ",7,"GLP",17.24,0.98,1.16,16.95,3.05,20.00,,,,,,,"LTR"
"B","27-10-2019","2019-10-27 00:00:00 -0500",1,99,"B103",19951,,,," ",7,"GLP",8.61,0.98,1.16,8.47,1.52,9.99,,,,,,,"LTR"
"B","27-10-2019","2019-10-27 00:00:00 -0500",1,99,"B103",19950,,,," ",7,"GLP",8.19,0.98,1.16,8.05,1.45,9.50,,,,,,,"LTR"
"B","27-10-2019","2019-10-27 00:00:00 -0500",1,99,"B103",19949,,,," ",7,"GLP",27.23,0.98,1.16,26.77,4.82,31.59,,,,,,,"LTR"
"B","27-10-2019","2019-10-27 00:00:00 -0500",1,99,"B103",19948,,,," ",7,"GLP",8.62,0.98,1.16,8.47,1.53,10.00,,,,,,,"LTR"
"B","27-10-2019","2019-10-27 00:00:00 -0500",1,99,"B103",19947,,,," ",7,"GLP",8.62,0.98,1.16,8.47,1.53,10.00,,,,,,,"LTR"
"B","27-10-2019","2019-10-27 00:00:00 -0500",1,99,"B103",19946,,,," ",7,"GLP",4.31,0.98,1.16,4.24,0.76,5.00,,,,,,,"LTR"
"B","27-10-2019","2019-10-27 00:00:00 -0500",1,99,"B103",19945,,,," ",7,"GLP",8.62,0.98,1.16,8.47,1.53,10.00,,,,,,,"LTR"
"B","27-10-2019","2019-10-27 00:00:00 -0500",1,99,"B103",19944,,,," ",7,"GLP",17.24,0.98,1.16,16.95,3.05,20.00,,,,,,,"LTR"
"B","27-10-2019","2019-10-27 00:00:00 -0500",1,99,"B103",19943,,,," ",7,"GLP",12.93,0.98,1.16,12.71,2.29,15.00,,,,,,,"LTR"
"B","27-10-2019","2019-10-27 00:00:00 -0500",1,99,"B103",19942,,,," ",7,"GLP",10.6,0.98,1.16,10.42,1.88,12.30,,,,,,,"LTR"
"B","27-10-2019","2019-10-27 00:00:00 -0500",1,99,"B103",19941,,,," ",7,"GLP",10.44,0.98,1.16,10.26,1.85,12.11,,,,,,,"LTR"
"B","27-10-2019","2019-10-27 00:00:00 -0500",1,99,"B103",19940,,,," ",7,"GLP",8.62,0.98,1.16,8.47,1.53,10.00,,,,,,,"LTR"
"B","27-10-2019","2019-10-27 00:00:00 -0500",1,99,"B103",19939,,,," ",7,"GLP",17.24,0.98,1.16,16.95,3.05,20.00,,,,,,,"LTR"
"B","27-10-2019","2019-10-27 00:00:00 -0500",1,99,"B103",19938,,,," ",7,"GLP",10.03,0.98,1.16,9.86,1.77,11.63,,,,,,,"LTR"
"B","27-10-2019","2019-10-27 00:00:00 -0500",1,99,"B103",19937,,,," ",7,"GLP",16.81,0.98,1.16,16.53,2.97,19.50,,,,,,,"LTR"
"B","27-10-2019","2019-10-27 00:00:00 -0500",1,99,"B103",19936,,,," ",7,"GLP",26.48,0.98,1.16,26.03,4.69,30.72,,,,,,,"LTR"
"B","27-10-2019","2019-10-27 00:00:00 -0500",1,99,"B103",19935,,,," ",7,"GLP",8.62,0.98,1.16,8.47,1.53,10.00,,,,,,,"LTR"
"B","27-10-2019","2019-10-27 00:00:00 -0500",1,99,"B103",19934,,,," ",7,"GLP",8.62,0.98,1.16,8.47,1.53,10.00,,,,,,,"LTR"
"B","27-10-2019","2019-10-27 00:00:00 -0500",1,99,"B103",19933,,,," ",7,"GLP",12.93,0.98,1.16,12.71,2.29,15.00,,,,,,,"LTR"
"B","27-10-2019","2019-10-27 00:00:00 -0500",1,99,"B103",19932,,,," ",7,"GLP",14.41,0.98,1.16,14.16,2.55,16.71,,,,,,,"LTR"
"B","27-10-2019","2019-10-27 00:00:00 -0500",1,99,"B103",19931,,,," ",7,"GLP",10.36,0.98,1.16,10.19,1.83,12.02,,,,,,,"LTR"
"B","27-10-2019","2019-10-27 00:00:00 -0500",1,99,"B103",19930,,,," ",7,"GLP",10.35,0.98,1.16,10.17,1.83,12.00,,,,,,,"LTR"
"B","27-10-2019","2019-10-27 00:00:00 -0500",1,99,"B103",19929,,,," ",7,"GLP",8.97,0.98,1.16,8.81,1.59,10.40,,,,,,,"LTR"
"B","27-10-2019","2019-10-27 00:00:00 -0500",1,99,"B103",19928,,,," ",7,"GLP",32.65,0.98,1.16,32.09,5.78,37.87,,,,,,,"LTR"
"B","27-10-2019","2019-10-27 00:00:00 -0500",1,99,"B103",19927,,,," ",7,"GLP",23.88,0.98,1.16,23.47,4.23,27.70,,,,,,,"LTR"
"B","27-10-2019","2019-10-27 00:00:00 -0500",1,99,"B103",19926,,,," ",7,"GLP",17.24,0.98,1.16,16.95,3.05,20.00,,,,,,,"LTR"
"B","27-10-2019","2019-10-27 00:00:00 -0500",1,99,"B103",19925,,,," ",7,"GLP",23.74,0.98,1.16,23.34,4.20,27.54,,,,,,,"LTR"
"B","27-10-2019","2019-10-27 00:00:00 -0500",1,99,"B103",19924,,,," ",7,"GLP",34.48,0.98,1.16,33.90,6.10,40.00,,,,,,,"LTR"
"B","27-10-2019","2019-10-27 00:00:00 -0500",1,99,"B103",19923,,,," ",7,"GLP",12.93,0.98,1.16,12.71,2.29,15.00,,,,,,,"LTR"
"B","27-10-2019","2019-10-27 00:00:00 -0500",1,99,"B103",19922,,,," ",7,"GLP",8.62,0.98,1.16,8.47,1.53,10.00,,,,,,,"LTR"
"B","27-10-2019","2019-10-27 00:00:00 -0500",1,99,"B103",19921,,,," ",7,"GLP",29.74,0.98,1.16,29.24,5.26,34.50,,,,,,,"LTR"
"B","27-10-2019","2019-10-27 00:00:00 -0500",1,99,"B103",19920,,,," ",7,"GLP",8.62,0.98,1.16,8.47,1.53,10.00,,,,,,,"LTR"
"B","27-10-2019","2019-10-27 00:00:00 -0500",1,99,"B103",19919,,,," ",7,"GLP",36.21,0.98,1.16,35.59,6.41,42.00,,,,,,,"LTR"
"B","27-10-2019","2019-10-27 00:00:00 -0500",1,99,"B103",19918,,,," ",7,"GLP",5.44,0.98,1.16,5.35,0.96,6.31,,,,,,,"LTR"
"B","27-10-2019","2019-10-27 00:00:00 -0500",1,99,"B103",19917,,,," ",7,"GLP",4.31,0.98,1.16,4.24,0.76,5.00,,,,,,,"LTR"
"B","27-10-2019","2019-10-27 00:00:00 -0500",1,99,"B103",19916,,,," ",7,"GLP",12.93,0.98,1.16,12.71,2.29,15.00,,,,,,,"LTR"
"B","27-10-2019","2019-10-27 00:00:00 -0500",1,99,"B103",19915,,,," ",7,"GLP",8.62,0.98,1.16,8.47,1.53,10.00,,,,,,,"LTR"
"B","27-10-2019","2019-10-27 00:00:00 -0500",1,99,"B103",19914,,,," ",7,"GLP",22.5,0.98,1.16,22.12,3.98,26.10,,,,,,,"LTR"
"B","27-10-2019","2019-10-27 00:00:00 -0500",1,99,"B103",19913,,,," ",7,"GLP",17.28,0.98,1.16,16.99,3.06,20.05,,,,,,,"LTR"
"B","27-10-2019","2019-10-27 00:00:00 -0500",1,99,"B103",19912,,,," ",7,"GLP",31.7,0.98,1.16,31.16,5.61,36.77,,,,,,,"LTR"
"B","27-10-2019","2019-10-27 00:00:00 -0500",1,99,"B103",19911,,,," ",7,"GLP",6.9,0.98,1.16,6.78,1.22,8.00,,,,,,,"LTR"
"B","27-10-2019","2019-10-27 00:00:00 -0500",1,99,"B103",19910,,,," ",7,"GLP",16.66,0.98,1.16,16.37,2.95,19.32,,,,,,,"LTR"
"B","27-10-2019","2019-10-27 00:00:00 -0500",1,99,"B103",19909,,,," ",7,"GLP",17.24,0.98,1.16,16.95,3.05,20.00,,,,,,,"LTR"
"B","27-10-2019","2019-10-27 00:00:00 -0500",1,99,"B103",19908,,,," ",7,"GLP",12.93,0.98,1.16,12.71,2.29,15.00,,,,,,,"LTR"
"B","27-10-2019","2019-10-27 00:00:00 -0500",1,99,"B103",19907,,,," ",7,"GLP",26.9,0.98,1.16,26.44,4.76,31.20,,,,,,,"LTR"
"B","27-10-2019","2019-10-27 00:00:00 -0500",1,99,"B103",19906,,,," ",7,"GLP",8.62,0.98,1.16,8.47,1.53,10.00,,,,,,,"LTR"
"B","27-10-2019","2019-10-27 00:00:00 -0500",1,99,"B103",19905,,,," ",7,"GLP",8.62,0.98,1.16,8.47,1.53,10.00,,,,,,,"LTR"
"B","27-10-2019","2019-10-27 00:00:00 -0500",1,99,"B103",19904,,,," ",7,"GLP",17.24,0.98,1.16,16.95,3.05,20.00,,,,,,,"LTR"
"B","27-10-2019","2019-10-27 00:00:00 -0500",1,99,"B103",19903,,,," ",7,"GLP",17.24,0.98,1.16,16.95,3.05,20.00,,,,,,,"LTR"
"B","27-10-2019","2019-10-27 00:00:00 -0500",1,99,"B103",19902,,,," ",7,"GLP",0.87,0.98,1.16,0.86,0.15,1.01,,,,,,,"LTR"
"B","27-10-2019","2019-10-27 00:00:00 -0500",1,99,"B103",19901,,,," ",7,"GLP",12.93,0.98,1.16,12.71,2.29,15.00,,,,,,,"LTR"
"B","27-10-2019","2019-10-27 00:00:00 -0500",1,99,"B103",19900,,,," ",7,"GLP",17.24,0.98,1.16,16.95,3.05,20.00,,,,,,,"LTR"
"B","27-10-2019","2019-10-27 00:00:00 -0500",1,99,"B103",19899,,,," ",7,"GLP",23.97,0.98,1.16,23.56,4.24,27.80,,,,,,,"LTR"
"B","27-10-2019","2019-10-27 00:00:00 -0500",1,99,"B103",19898,,,," ",7,"GLP",12.93,0.98,1.16,12.71,2.29,15.00,,,,,,,"LTR"
"B","27-10-2019","2019-10-27 00:00:00 -0500",1,99,"B103",19897,,,," ",7,"GLP",25.86,0.98,1.16,25.42,4.58,30.00,,,,,,,"LTR"
"B","27-10-2019","2019-10-27 00:00:00 -0500",1,99,"B103",19896,,,," ",7,"GLP",25.86,0.98,1.16,25.42,4.58,30.00,,,,,,,"LTR"
"B","27-10-2019","2019-10-27 00:00:00 -0500",1,99,"B103",19895,,,," ",7,"GLP",17.24,0.98,1.16,16.95,3.05,20.00,,,,,,,"LTR"
"B","27-10-2019","2019-10-27 00:00:00 -0500",1,99,"B103",19894,,,," ",7,"GLP",21.55,0.98,1.16,21.19,3.81,25.00,,,,,,,"LTR"
"B","27-10-2019","2019-10-27 00:00:00 -0500",1,99,"B103",19893,,,," ",7,"GLP",8.62,0.98,1.16,8.47,1.53,10.00,,,,,,,"LTR"
"B","27-10-2019","2019-10-27 00:00:00 -0500",1,99,"B103",19892,,,," ",7,"GLP",8.62,0.98,1.16,8.47,1.53,10.00,,,,,,,"LTR"
"B","27-10-2019","2019-10-27 00:00:00 -0500",1,99,"B103",19891,,,," ",7,"GLP",8.62,0.98,1.16,8.47,1.53,10.00,,,,,,,"LTR"
"B","27-10-2019","2019-10-27 00:00:00 -0500",1,99,"B103",19890,,,," ",7,"GLP",15.09,0.98,1.16,14.83,2.67,17.50,,,,,,,"LTR"
"B","27-10-2019","2019-10-27 00:00:00 -0500",1,99,"B103",19889,,,," ",7,"GLP",16.38,0.98,1.16,16.10,2.90,19.00,,,,,,,"LTR"
"B","27-10-2019","2019-10-27 00:00:00 -0500",1,99,"B103",19888,,,," ",7,"GLP",9.48,0.98,1.16,9.32,1.68,11.00,,,,,,,"LTR"
"B","27-10-2019","2019-10-27 00:00:00 -0500",1,99,"B103",19887,,,," ",7,"GLP",4.31,0.98,1.16,4.24,0.76,5.00,,,,,,,"LTR"
"B","27-10-2019","2019-10-27 00:00:00 -0500",1,99,"B103",19886,,,," ",7,"GLP",4.31,0.98,1.16,4.24,0.76,5.00,,,,,,,"LTR"
"B","27-10-2019","2019-10-27 00:00:00 -0500",1,99,"B103",19885,,,," ",7,"GLP",8.62,0.98,1.16,8.47,1.53,10.00,,,,,,,"LTR"
"B","27-10-2019","2019-10-27 00:00:00 -0500",1,99,"B103",19884,,,," ",7,"GLP",8.62,0.98,1.16,8.47,1.53,10.00,,,,,,,"LTR"
"B","27-10-2019","2019-10-27 00:00:00 -0500",1,99,"B103",19883,,,," ",7,"GLP",6.9,0.98,1.16,6.78,1.22,8.00,,,,,,,"LTR"
"B","27-10-2019","2019-10-27 00:00:00 -0500",1,99,"B103",19882,,,," ",7,"GLP",21.3,0.98,1.16,20.94,3.77,24.71,,,,,,,"LTR"
"B","27-10-2019","2019-10-27 00:00:00 -0500",1,99,"B103",19881,,,," ",7,"GLP",25.86,0.98,1.16,25.42,4.58,30.00,,,,,,,"LTR"
"B","27-10-2019","2019-10-27 00:00:00 -0500",1,99,"B103",19880,,,," ",7,"GLP",8.62,0.98,1.16,8.47,1.53,10.00,,,,,,,"LTR"
"B","27-10-2019","2019-10-27 00:00:00 -0500",1,99,"B103",19879,,,," ",7,"GLP",12.93,0.98,1.16,12.71,2.29,15.00,,,,,,,"LTR"
"B","27-10-2019","2019-10-27 00:00:00 -0500",1,99,"B103",19878,,,," ",7,"GLP",8.62,0.98,1.16,8.47,1.53,10.00,,,,,,,"LTR"
"B","27-10-2019","2019-10-27 00:00:00 -0500",1,99,"B103",19877,,,," ",7,"GLP",8.62,0.98,1.16,8.47,1.53,10.00,,,,,,,"LTR"
"B","26-10-2019","2019-10-26 00:00:00 -0500",1,99,"B001",27723,,,," ",5,"DieselPro B5 S50 UV",4.22,10.03,11.84,42.37,7.63,50.00,,,,,,,"GLL"
"B","26-10-2019","2019-10-26 00:00:00 -0500",1,99,"B001",27722,,,," ",4,"Gasohol 98",1.29,13.13,15.49,16.95,3.05,20.00,,,,,,,"GLL"
"B","26-10-2019","2019-10-26 00:00:00 -0500",1,99,"B001",27721,,,," ",5,"DieselPro B5 S50 UV",5.08,10.03,11.84,50.98,9.18,60.16,,,,,,,"GLL"
"B","26-10-2019","2019-10-26 00:00:00 -0500",1,99,"B001",27720,,,," ",5,"DieselPro B5 S50 UV",2.37,10.03,11.84,23.73,4.27,28.00,,,,,,,"GLL"
"B","26-10-2019","2019-10-26 00:00:00 -0500",1,99,"B001",27719,,,," ",2,"Gasohol 90",0.79,10.75,12.69,8.47,1.53,10.00,,,,,,,"GLL"
"B","26-10-2019","2019-10-26 00:00:00 -0500",1,99,"B001",27718,,,," ",4,"Gasohol 98",0.65,13.13,15.49,8.47,1.53,10.00,,,,,,,"GLL"
"B","26-10-2019","2019-10-26 00:00:00 -0500",1,99,"B001",27717,,,," ",5,"DieselPro B5 S50 UV",9.39,10.03,11.84,94.21,16.96,111.17,,,,,,,"GLL"
"B","26-10-2019","2019-10-26 00:00:00 -0500",1,99,"B001",27716,,,," ",2,"Gasohol 90",0.47,10.75,12.69,5.10,0.92,6.02,,,,,,,"GLL"
"B","26-10-2019","2019-10-26 00:00:00 -0500",1,99,"B001",27715,,,," ",5,"DieselPro B5 S50 UV",3.38,10.03,11.84,33.90,6.10,40.00,,,,,,,"GLL"
"B","26-10-2019","2019-10-26 00:00:00 -0500",1,99,"B001",27714,,,," ",5,"DieselPro B5 S50 UV",6.33,10.03,11.84,63.56,11.44,75.00,,,,,,,"GLL"
"B","26-10-2019","2019-10-26 00:00:00 -0500",1,99,"B001",27713,,,," ",5,"DieselPro B5 S50 UV",28.16,10.03,11.84,282.58,50.86,333.44,,,,,,,"GLL"
"B","26-10-2019","2019-10-26 00:00:00 -0500",1,99,"B001",27712,,,," ",5,"DieselPro B5 S50 UV",6.76,10.03,11.84,67.80,12.20,80.00,,,,,,,"GLL"
"B","26-10-2019","2019-10-26 00:00:00 -0500",1,99,"B001",27711,,,," ",5,"DieselPro B5 S50 UV",4,10.03,11.84,40.14,7.22,47.36,,,,,,,"GLL"
"B","26-10-2019","2019-10-26 00:00:00 -0500",1,99,"B001",27710,,,," ",5,"DieselPro B5 S50 UV",6.76,10.03,11.84,67.80,12.20,80.00,,,,,,,"GLL"
"B","26-10-2019","2019-10-26 00:00:00 -0500",1,99,"B001",27709,,,," ",5,"DieselPro B5 S50 UV",16.47,10.03,11.84,165.25,29.75,195.00,,,,,,,"GLL"
"B","26-10-2019","2019-10-26 00:00:00 -0500",1,99,"B001",27708,,,," ",5,"DieselPro B5 S50 UV",6,10.03,11.84,60.21,10.84,71.05,,,,,,,"GLL"
"B","26-10-2019","2019-10-26 00:00:00 -0500",1,99,"B001",27707,,,," ",5,"DieselPro B5 S50 UV",11.77,10.03,11.84,118.12,21.26,139.38,,,,,,,"GLL"
"B","26-10-2019","2019-10-26 00:00:00 -0500",1,99,"B001",27706,,,," ",5,"DieselPro B5 S50 UV",3.8,10.03,11.84,38.15,6.87,45.02,,,,,,,"GLL"
"B","26-10-2019","2019-10-26 00:00:00 -0500",1,99,"B001",27705,,,," ",5,"DieselPro B5 S50 UV",13.6,10.03,11.84,136.43,24.56,160.99,,,,,,,"GLL"
"B","26-10-2019","2019-10-26 00:00:00 -0500",1,99,"B001",27704,,,," ",5,"DieselPro B5 S50 UV",14.35,10.03,11.84,143.97,25.91,169.88,,,,,,,"GLL"
"B","26-10-2019","2019-10-26 00:00:00 -0500",1,99,"B001",27703,,,," ",4,"Gasohol 98",10.98,13.13,15.49,144.07,25.93,170.00,,,,,,,"GLL"
"B","26-10-2019","2019-10-26 00:00:00 -0500",1,99,"B001",27702,,,," ",5,"DieselPro B5 S50 UV",5.1,10.03,11.84,51.16,9.21,60.37,,,,,,,"GLL"
"B","26-10-2019","2019-10-26 00:00:00 -0500",1,99,"B001",27701,,,," ",2,"Gasohol 90",2.36,10.75,12.69,25.42,4.58,30.00,,,,,,,"GLL"
"B","26-10-2019","2019-10-26 00:00:00 -0500",1,99,"B001",27700,,,," ",5,"DieselPro B5 S50 UV",6.82,10.03,11.84,68.44,12.32,80.76,,,,,,,"GLL"
"B","26-10-2019","2019-10-26 00:00:00 -0500",1,99,"B001",27699,,,," ",5,"DieselPro B5 S50 UV",13.6,10.03,11.84,136.43,24.56,160.99,,,,,,,"GLL"
"B","26-10-2019","2019-10-26 00:00:00 -0500",1,99,"B001",27698,,,," ",5,"DieselPro B5 S50 UV",11.15,10.03,11.84,111.88,20.14,132.02,,,,,,,"GLL"
"B","26-10-2019","2019-10-26 00:00:00 -0500",1,99,"B001",27697,,,," ",5,"DieselPro B5 S50 UV",12.21,10.03,11.84,122.52,22.05,144.57,,,,,,,"GLL"
"B","26-10-2019","2019-10-26 00:00:00 -0500",1,99,"B001",27696,,,," ",5,"DieselPro B5 S50 UV",7.6,10.03,11.84,76.27,13.73,90.00,,,,,,,"GLL"
"B","26-10-2019","2019-10-26 00:00:00 -0500",1,99,"B001",27695,,,," ",5,"DieselPro B5 S50 UV",6.76,10.03,11.84,67.80,12.20,80.00,,,,,,,"GLL"
"B","26-10-2019","2019-10-26 00:00:00 -0500",1,99,"B001",27694,,,," ",5,"DieselPro B5 S50 UV",18.76,10.03,11.84,188.19,33.88,222.07,,,,,,,"GLL"
"B","26-10-2019","2019-10-26 00:00:00 -0500",1,99,"B001",27693,,,," ",4,"Gasohol 98",0.65,13.13,15.49,8.47,1.53,10.00,,,,,,,"GLL"
"B","26-10-2019","2019-10-26 00:00:00 -0500",1,99,"B001",27692,,,," ",5,"DieselPro B5 S50 UV",13.78,10.03,11.84,138.24,24.88,163.12,,,,,,,"GLL"
"B","26-10-2019","2019-10-26 00:00:00 -0500",1,99,"B001",27691,,,," ",4,"Gasohol 98",4.53,13.13,15.49,59.48,10.71,70.19,,,,,,,"GLL"
"B","26-10-2019","2019-10-26 00:00:00 -0500",1,99,"B001",27690,,,," ",2,"Gasohol 90",1.58,10.75,12.69,16.95,3.05,20.00,,,,,,,"GLL"
"B","26-10-2019","2019-10-26 00:00:00 -0500",1,99,"B001",27689,,,," ",5,"DieselPro B5 S50 UV",4.65,10.03,11.84,46.61,8.39,55.00,,,,,,,"GLL"
"B","26-10-2019","2019-10-26 00:00:00 -0500",1,99,"B001",27688,,,," ",2,"Gasohol 90",1.58,10.75,12.69,16.95,3.05,20.00,,,,,,,"GLL"
"B","26-10-2019","2019-10-26 00:00:00 -0500",1,99,"B001",27687,,,," ",5,"DieselPro B5 S50 UV",1.69,10.03,11.84,16.95,3.05,20.00,,,,,,,"GLL"
"B","26-10-2019","2019-10-26 00:00:00 -0500",1,99,"B001",27686,,,," ",5,"DieselPro B5 S50 UV",4.39,10.03,11.84,44.06,7.93,51.99,,,,,,,"GLL"
"B","26-10-2019","2019-10-26 00:00:00 -0500",1,99,"B001",27685,,,," ",5,"DieselPro B5 S50 UV",11.14,10.03,11.84,111.77,20.12,131.89,,,,,,,"GLL"
"B","26-10-2019","2019-10-26 00:00:00 -0500",1,99,"B001",27684,,,," ",2,"Gasohol 90",0.39,10.75,12.69,4.24,0.76,5.00,,,,,,,"GLL"
"B","26-10-2019","2019-10-26 00:00:00 -0500",1,99,"B001",27683,,,," ",5,"DieselPro B5 S50 UV",5.16,10.03,11.84,51.73,9.31,61.04,,,,,,,"GLL"
"B","26-10-2019","2019-10-26 00:00:00 -0500",1,99,"B001",27682,,,," ",5,"DieselPro B5 S50 UV",2.53,10.03,11.84,25.42,4.58,30.00,,,,,,,"GLL"
"B","26-10-2019","2019-10-26 00:00:00 -0500",1,99,"B001",27681,,,," ",2,"Gasohol 90",0.79,10.75,12.69,8.47,1.53,10.00,,,,,,,"GLL"
"B","26-10-2019","2019-10-26 00:00:00 -0500",1,99,"B001",27680,,,," ",2,"Gasohol 90",1.58,10.75,12.69,16.95,3.05,20.00,,,,,,,"GLL"
"B","26-10-2019","2019-10-26 00:00:00 -0500",1,99,"B001",27679,,,," ",2,"Gasohol 90",0.79,10.75,12.69,8.47,1.53,10.00,,,,,,,"GLL"
"B","26-10-2019","2019-10-26 00:00:00 -0500",1,99,"B001",27678,,,," ",5,"DieselPro B5 S50 UV",1.27,10.03,11.84,12.71,2.29,15.00,,,,,,,"GLL"
"B","26-10-2019","2019-10-26 00:00:00 -0500",1,99,"B001",27677,,,," ",5,"DieselPro B5 S50 UV",5.7,10.03,11.84,57.20,10.30,67.50,,,,,,,"GLL"
"B","26-10-2019","2019-10-26 00:00:00 -0500",1,99,"B001",27676,,,," ",5,"DieselPro B5 S50 UV",8.45,10.03,11.84,84.75,15.25,100.00,,,,,,,"GLL"
"B","26-10-2019","2019-10-26 00:00:00 -0500",1,99,"B001",27675,,,," ",5,"DieselPro B5 S50 UV",7.6,10.03,11.84,76.27,13.73,90.00,,,,,,,"GLL"
"B","26-10-2019","2019-10-26 00:00:00 -0500",1,99,"B001",27674,,,," ",5,"DieselPro B5 S50 UV",1.01,10.03,11.84,10.17,1.83,12.00,,,,,,,"GLL"
"B","26-10-2019","2019-10-26 00:00:00 -0500",1,99,"B001",27673,,,," ",4,"Gasohol 98",3.23,13.13,15.49,42.37,7.63,50.00,,,,,,,"GLL"
"B","26-10-2019","2019-10-26 00:00:00 -0500",1,99,"B001",27672,,,," ",2,"Gasohol 90",0.28,10.75,12.69,2.97,0.53,3.50,,,,,,,"GLL"
"B","26-10-2019","2019-10-26 00:00:00 -0500",1,99,"B001",27671,,,," ",4,"Gasohol 98",2.91,13.13,15.49,38.17,6.87,45.04,,,,,,,"GLL"
"B","26-10-2019","2019-10-26 00:00:00 -0500",1,99,"B001",27670,,,," ",5,"DieselPro B5 S50 UV",5.07,10.03,11.84,50.85,9.15,60.00,,,,,,,"GLL"
"B","26-10-2019","2019-10-26 00:00:00 -0500",1,99,"B001",27669,,,," ",5,"DieselPro B5 S50 UV",6.08,10.03,11.84,61.02,10.98,72.00,,,,,,,"GLL"
"B","26-10-2019","2019-10-26 00:00:00 -0500",1,99,"B001",27668,,,," ",5,"DieselPro B5 S50 UV",8.45,10.03,11.84,84.74,15.25,99.99,,,,,,,"GLL"
"B","26-10-2019","2019-10-26 00:00:00 -0500",1,99,"B001",27667,,,," ",2,"Gasohol 90",0.79,10.75,12.69,8.48,1.53,10.01,,,,,,,"GLL"
"B","26-10-2019","2019-10-26 00:00:00 -0500",1,99,"B001",27666,,,," ",2,"Gasohol 90",1.58,10.75,12.69,16.95,3.05,20.00,,,,,,,"GLL"
"B","26-10-2019","2019-10-26 00:00:00 -0500",1,99,"B001",27665,,,," ",2,"Gasohol 90",0.39,10.75,12.69,4.24,0.76,5.00,,,,,,,"GLL"
"B","26-10-2019","2019-10-26 00:00:00 -0500",1,99,"B001",27664,,,," ",5,"DieselPro B5 S50 UV",4.22,10.03,11.84,42.37,7.63,50.00,,,,,,,"GLL"
"B","26-10-2019","2019-10-26 00:00:00 -0500",1,99,"B001",27663,,,," ",2,"Gasohol 90",1,10.75,12.69,10.75,1.94,12.69,,,,,,,"GLL"
"B","26-10-2019","2019-10-26 00:00:00 -0500",1,99,"B001",27662,,,," ",2,"Gasohol 90",0.39,10.75,12.69,4.24,0.76,5.00,,,,,,,"GLL"
"B","26-10-2019","2019-10-26 00:00:00 -0500",1,99,"B001",27661,,,," ",2,"Gasohol 90",0.79,10.75,12.69,8.47,1.53,10.00,,,,,,,"GLL"
"B","26-10-2019","2019-10-26 00:00:00 -0500",1,99,"B001",27660,,,," ",2,"Gasohol 90",1.58,10.75,12.69,16.95,3.05,20.00,,,,,,,"GLL"
"B","26-10-2019","2019-10-26 00:00:00 -0500",1,99,"B001",27659,,,," ",5,"DieselPro B5 S50 UV",4.22,10.03,11.84,42.37,7.63,50.00,,,,,,,"GLL"
"B","26-10-2019","2019-10-26 00:00:00 -0500",1,99,"B001",27658,,,," ",5,"DieselPro B5 S50 UV",8.87,10.03,11.84,88.98,16.02,105.00,,,,,,,"GLL"
"B","26-10-2019","2019-10-26 00:00:00 -0500",1,99,"B001",27657,,,," ",2,"Gasohol 90",0.79,10.75,12.69,8.47,1.53,10.00,,,,,,,"GLL"
"B","26-10-2019","2019-10-26 00:00:00 -0500",1,99,"B001",27656,,,," ",5,"DieselPro B5 S50 UV",1.69,10.03,11.84,16.95,3.05,20.00,,,,,,,"GLL"
"B","26-10-2019","2019-10-26 00:00:00 -0500",1,99,"B001",27655,,,," ",5,"DieselPro B5 S50 UV",2.11,10.03,11.84,21.19,3.81,25.00,,,,,,,"GLL"
"B","26-10-2019","2019-10-26 00:00:00 -0500",1,99,"B001",27654,,,," ",5,"DieselPro B5 S50 UV",0.51,10.03,11.84,5.08,0.92,6.00,,,,,,,"GLL"
"B","26-10-2019","2019-10-26 00:00:00 -0500",1,99,"B001",27653,,,," ",2,"Gasohol 90",0.22,10.75,12.69,2.33,0.42,2.75,,,,,,,"GLL"
"B","26-10-2019","2019-10-26 00:00:00 -0500",1,99,"B001",27652,,,," ",5,"DieselPro B5 S50 UV",2,10.03,11.84,20.07,3.61,23.68,,,,,,,"GLL"
"B","26-10-2019","2019-10-26 00:00:00 -0500",1,99,"B001",27651,,,," ",5,"DieselPro B5 S50 UV",5.72,10.03,11.84,57.43,10.34,67.77,,,,,,,"GLL"
"B","26-10-2019","2019-10-26 00:00:00 -0500",1,99,"B001",27650,,,," ",2,"Gasohol 90",8.86,10.75,12.69,95.32,17.16,112.48,,,,,,,"GLL"
"B","26-10-2019","2019-10-26 00:00:00 -0500",1,99,"B001",27649,,,," ",2,"Gasohol 90",1.1,10.75,12.69,11.78,2.12,13.90,,,,,,,"GLL"
"B","26-10-2019","2019-10-26 00:00:00 -0500",1,99,"B001",27648,,,," ",5,"DieselPro B5 S50 UV",2.53,10.03,11.84,25.42,4.58,30.00,,,,,,,"GLL"
"B","26-10-2019","2019-10-26 00:00:00 -0500",1,99,"B001",27647,,,," ",2,"Gasohol 90",1.58,10.75,12.69,16.95,3.05,20.00,,,,,,,"GLL"
"B","26-10-2019","2019-10-26 00:00:00 -0500",1,99,"B001",27646,,,," ",2,"Gasohol 90",3.94,10.75,12.69,42.37,7.63,50.00,,,,,,,"GLL"
"B","26-10-2019","2019-10-26 00:00:00 -0500",1,99,"B001",27645,,,," ",2,"Gasohol 90",0.39,10.75,12.69,4.24,0.76,5.00,,,,,,,"GLL"
"B","26-10-2019","2019-10-26 00:00:00 -0500",1,99,"B001",27644,,,," ",2,"Gasohol 90",0.32,10.75,12.69,3.39,0.61,4.00,,,,,,,"GLL"
"B","26-10-2019","2019-10-26 00:00:00 -0500",1,99,"B001",27643,,,," ",5,"DieselPro B5 S50 UV",0.85,10.03,11.84,8.47,1.53,10.00,,,,,,,"GLL"
"B","26-10-2019","2019-10-26 00:00:00 -0500",1,99,"B001",27642,,,," ",2,"Gasohol 90",1,10.75,12.69,10.75,1.94,12.69,,,,,,,"GLL"
"B","26-10-2019","2019-10-26 00:00:00 -0500",1,99,"B001",27641,,,," ",2,"Gasohol 90",0.63,10.75,12.69,6.81,1.22,8.03,,,,,,,"GLL"
"B","26-10-2019","2019-10-26 00:00:00 -0500",1,99,"B001",27640,,,," ",5,"DieselPro B5 S50 UV",3.38,10.03,11.84,33.90,6.10,40.00,,,,,,,"GLL"
"B","26-10-2019","2019-10-26 00:00:00 -0500",1,99,"B001",27639,,,," ",5,"DieselPro B5 S50 UV",2,10.03,11.84,20.07,3.61,23.68,,,,,,,"GLL"
"B","26-10-2019","2019-10-26 00:00:00 -0500",1,99,"B001",27638,,,," ",5,"DieselPro B5 S50 UV",4,10.03,11.84,40.14,7.22,47.36,,,,,,,"GLL"
"B","26-10-2019","2019-10-26 00:00:00 -0500",1,99,"B001",27637,,,," ",2,"Gasohol 90",0.24,10.75,12.69,2.54,0.46,3.00,,,,,,,"GLL"
"B","26-10-2019","2019-10-26 00:00:00 -0500",1,99,"B001",27636,,,," ",2,"Gasohol 90",0.16,10.75,12.69,1.69,0.31,2.00,,,,,,,"GLL"
"B","26-10-2019","2019-10-26 00:00:00 -0500",1,99,"B001",27635,,,," ",2,"Gasohol 90",0.39,10.75,12.69,4.24,0.76,5.00,,,,,,,"GLL"
"B","26-10-2019","2019-10-26 00:00:00 -0500",1,99,"B001",27634,,,," ",2,"Gasohol 90",0.39,10.75,12.69,4.24,0.76,5.00,,,,,,,"GLL"
"B","26-10-2019","2019-10-26 00:00:00 -0500",1,99,"B001",27633,,,," ",5,"DieselPro B5 S50 UV",12.35,10.03,11.84,123.88,22.30,146.18,,,,,,,"GLL"
"B","26-10-2019","2019-10-26 00:00:00 -0500",1,99,"B001",27632,,,," ",5,"DieselPro B5 S50 UV",8.45,10.03,11.84,84.75,15.25,100.00,,,,,,,"GLL"
"B","26-10-2019","2019-10-26 00:00:00 -0500",1,99,"B001",27631,,,," ",5,"DieselPro B5 S50 UV",8.02,10.03,11.84,80.51,14.49,95.00,,,,,,,"GLL"
"B","26-10-2019","2019-10-26 00:00:00 -0500",1,99,"B001",27630,,,," ",2,"Gasohol 90",0.32,10.75,12.69,3.39,0.61,4.00,,,,,,,"GLL"
"B","26-10-2019","2019-10-26 00:00:00 -0500",1,99,"B001",27629,,,," ",2,"Gasohol 90",0.32,10.75,12.69,3.39,0.61,4.00,,,,,,,"GLL"
"B","26-10-2019","2019-10-26 00:00:00 -0500",1,99,"B001",27628,,,," ",5,"DieselPro B5 S50 UV",4.22,10.03,11.84,42.37,7.63,50.00,,,,,,,"GLL"
"B","26-10-2019","2019-10-26 00:00:00 -0500",1,99,"B001",27627,,,," ",5,"DieselPro B5 S50 UV",2.53,10.03,11.84,25.42,4.58,30.00,,,,,,,"GLL"
"B","26-10-2019","2019-10-26 00:00:00 -0500",1,99,"B001",27626,,,," ",5,"DieselPro B5 S50 UV",4.22,10.03,11.84,42.37,7.63,50.00,,,,,,,"GLL"
"B","26-10-2019","2019-10-26 00:00:00 -0500",1,99,"B001",27625,,,," ",5,"DieselPro B5 S50 UV",1.95,10.03,11.84,19.53,3.51,23.04,,,,,,,"GLL"
"B","26-10-2019","2019-10-26 00:00:00 -0500",1,99,"B001",27624,,,," ",5,"DieselPro B5 S50 UV",14.36,10.03,11.84,144.07,25.93,170.00,,,,,,,"GLL"
"B","26-10-2019","2019-10-26 00:00:00 -0500",1,99,"B001",27623,,,," ",5,"DieselPro B5 S50 UV",3.63,10.03,11.84,36.44,6.56,43.00,,,,,,,"GLL"
"B","26-10-2019","2019-10-26 00:00:00 -0500",1,99,"B001",27622,,,," ",2,"Gasohol 90",0.55,10.75,12.69,5.93,1.07,7.00,,,,,,,"GLL"
"B","26-10-2019","2019-10-26 00:00:00 -0500",1,99,"B001",27621,,,," ",5,"DieselPro B5 S50 UV",2.53,10.03,11.84,25.42,4.58,30.00,,,,,,,"GLL"
"B","26-10-2019","2019-10-26 00:00:00 -0500",1,99,"B001",27620,,,," ",5,"DieselPro B5 S50 UV",8.45,10.03,11.84,84.75,15.25,100.00,,,,,,,"GLL"
"B","26-10-2019","2019-10-26 00:00:00 -0500",1,99,"B001",27619,,,," ",5,"DieselPro B5 S50 UV",2.53,10.03,11.84,25.42,4.58,30.00,,,,,,,"GLL"
"B","26-10-2019","2019-10-26 00:00:00 -0500",1,99,"B001",27618,,,," ",2,"Gasohol 90",0.47,10.75,12.69,5.08,0.92,6.00,,,,,,,"GLL"
"B","26-10-2019","2019-10-26 00:00:00 -0500",1,99,"B001",27617,,,," ",2,"Gasohol 90",0.79,10.75,12.69,8.47,1.53,10.00,,,,,,,"GLL"
"B","26-10-2019","2019-10-26 00:00:00 -0500",1,99,"B001",27616,,,," ",2,"Gasohol 90",0.47,10.75,12.69,5.08,0.92,6.00,,,,,,,"GLL"
"B","26-10-2019","2019-10-26 00:00:00 -0500",1,99,"B001",27615,,,," ",2,"Gasohol 90",0.39,10.75,12.69,4.24,0.76,5.00,,,,,,,"GLL"
"B","26-10-2019","2019-10-26 00:00:00 -0500",1,99,"B001",27614,,,," ",2,"Gasohol 90",0.39,10.75,12.69,4.24,0.76,5.00,,,,,,,"GLL"
"B","26-10-2019","2019-10-26 00:00:00 -0500",1,99,"B001",27613,,,," ",2,"Gasohol 90",0.39,10.75,12.69,4.24,0.76,5.00,,,,,,,"GLL"
"B","26-10-2019","2019-10-26 00:00:00 -0500",1,99,"B001",27612,,,," ",5,"DieselPro B5 S50 UV",4.22,10.03,11.84,42.37,7.63,50.00,,,,,,,"GLL"
"B","26-10-2019","2019-10-26 00:00:00 -0500",1,99,"B001",27611,,,," ",5,"DieselPro B5 S50 UV",4.22,10.03,11.84,42.37,7.63,50.00,,,,,,,"GLL"
"B","26-10-2019","2019-10-26 00:00:00 -0500",1,99,"B001",27610,,,," ",5,"DieselPro B5 S50 UV",4.65,10.03,11.84,46.61,8.39,55.00,,,,,,,"GLL"
"B","26-10-2019","2019-10-26 00:00:00 -0500",1,99,"B001",27609,,,," ",5,"DieselPro B5 S50 UV",2.53,10.03,11.84,25.42,4.58,30.00,,,,,,,"GLL"
"B","26-10-2019","2019-10-26 00:00:00 -0500",1,99,"B001",27608,,,," ",2,"Gasohol 90",0.32,10.75,12.69,3.39,0.61,4.00,,,,,,,"GLL"
"B","26-10-2019","2019-10-26 00:00:00 -0500",1,99,"B001",27607,,,," ",2,"Gasohol 90",1.18,10.75,12.69,12.71,2.29,15.00,,,,,,,"GLL"
"B","26-10-2019","2019-10-26 00:00:00 -0500",1,99,"B001",27606,,,," ",2,"Gasohol 90",0.39,10.75,12.69,4.24,0.76,5.00,,,,,,,"GLL"
"B","26-10-2019","2019-10-26 00:00:00 -0500",1,99,"B001",27605,,,," ",5,"DieselPro B5 S50 UV",2.53,10.03,11.84,25.42,4.58,30.00,,,,,,,"GLL"
"B","26-10-2019","2019-10-26 00:00:00 -0500",1,99,"B001",27604,,,," ",5,"DieselPro B5 S50 UV",3.38,10.03,11.84,33.90,6.10,40.00,,,,,,,"GLL"
"B","26-10-2019","2019-10-26 00:00:00 -0500",1,99,"B001",27603,,,," ",5,"DieselPro B5 S50 UV",2.2,10.03,11.84,22.03,3.97,26.00,,,,,,,"GLL"
"B","26-10-2019","2019-10-26 00:00:00 -0500",1,99,"B001",27602,,,," ",5,"DieselPro B5 S50 UV",6.44,10.03,11.84,64.66,11.64,76.30,,,,,,,"GLL"
"B","26-10-2019","2019-10-26 00:00:00 -0500",1,99,"B001",27601,,,," ",2,"Gasohol 90",0.55,10.75,12.69,5.93,1.07,7.00,,,,,,,"GLL"
"B","26-10-2019","2019-10-26 00:00:00 -0500",1,99,"B001",27600,,,," ",5,"DieselPro B5 S50 UV",10.73,10.03,11.84,107.64,19.37,127.01,,,,,,,"GLL"
"B","26-10-2019","2019-10-26 00:00:00 -0500",1,99,"B001",27599,,,," ",5,"DieselPro B5 S50 UV",4.22,10.03,11.84,42.37,7.63,50.00,,,,,,,"GLL"
"B","26-10-2019","2019-10-26 00:00:00 -0500",1,99,"B001",27598,,,," ",5,"DieselPro B5 S50 UV",2.11,10.03,11.84,21.19,3.81,25.00,,,,,,,"GLL"
"B","26-10-2019","2019-10-26 00:00:00 -0500",1,99,"B001",27597,,,," ",2,"Gasohol 90",2.36,10.75,12.69,25.42,4.58,30.00,,,,,,,"GLL"
"B","26-10-2019","2019-10-26 00:00:00 -0500",1,99,"B002",164176,,,," ",7,"GLP",13.23,1.03,1.21,13.57,2.44,16.01,,,,,,,"LTR"
"B","26-10-2019","2019-10-26 00:00:00 -0500",1,99,"B002",164175,,,," ",7,"GLP",11.57,1.03,1.21,11.86,2.14,14.00,,,,,,,"LTR"
"B","26-10-2019","2019-10-26 00:00:00 -0500",1,99,"B002",164174,,,," ",7,"GLP",4.13,1.03,1.21,4.24,0.76,5.00,,,,,,,"LTR"
"B","26-10-2019","2019-10-26 00:00:00 -0500",1,99,"B002",164173,,,," ",7,"GLP",8.26,1.03,1.21,8.47,1.53,10.00,,,,,,,"LTR"
"B","26-10-2019","2019-10-26 00:00:00 -0500",1,99,"B002",164172,,,," ",7,"GLP",5.79,1.03,1.21,5.93,1.07,7.00,,,,,,,"LTR"
"B","26-10-2019","2019-10-26 00:00:00 -0500",1,99,"B002",164171,,,," ",7,"GLP",8.26,1.03,1.21,8.47,1.53,10.00,,,,,,,"LTR"
"B","26-10-2019","2019-10-26 00:00:00 -0500",1,99,"B002",164170,,,," ",5,"DieselPro B5 S50 UV",6.08,10.03,11.84,61.03,10.98,72.01,,,,,,,"GLL"
"B","26-10-2019","2019-10-26 00:00:00 -0500",1,99,"B002",164169,,,," ",7,"GLP",4.13,1.03,1.21,4.24,0.76,5.00,,,,,,,"LTR"
"B","26-10-2019","2019-10-26 00:00:00 -0500",1,99,"B002",164168,,,," ",7,"GLP",16.53,1.03,1.21,16.95,3.05,20.00,,,,,,,"LTR"
"B","26-10-2019","2019-10-26 00:00:00 -0500",1,99,"B002",164167,,,," ",7,"GLP",9.92,1.03,1.21,10.17,1.83,12.00,,,,,,,"LTR"
"B","26-10-2019","2019-10-26 00:00:00 -0500",1,99,"B002",164166,,,," ",2,"Gasohol 90",0.79,10.75,12.69,8.47,1.53,10.00,,,,,,,"GLL"
"B","26-10-2019","2019-10-26 00:00:00 -0500",1,99,"B002",164165,,,," ",7,"GLP",4.96,1.03,1.21,5.08,0.92,6.00,,,,,,,"LTR"
"B","26-10-2019","2019-10-26 00:00:00 -0500",1,99,"B002",164164,,,," ",7,"GLP",1.65,1.03,1.21,1.69,0.31,2.00,,,,,,,"LTR"
"B","26-10-2019","2019-10-26 00:00:00 -0500",1,99,"B002",164163,,,," ",7,"GLP",3.31,1.03,1.21,3.39,0.61,4.00,,,,,,,"LTR"
"B","26-10-2019","2019-10-26 00:00:00 -0500",1,99,"B002",164162,,,," ",7,"GLP",8.08,1.03,1.21,8.29,1.49,9.78,,,,,,,"LTR"
"B","26-10-2019","2019-10-26 00:00:00 -0500",1,99,"B002",164161,,,," ",7,"GLP",5.79,1.03,1.21,5.93,1.07,7.00,,,,,,,"LTR"
"B","26-10-2019","2019-10-26 00:00:00 -0500",1,99,"B002",164160,,,," ",7,"GLP",37.19,1.03,1.21,38.14,6.86,45.00,,,,,,,"LTR"
"B","26-10-2019","2019-10-26 00:00:00 -0500",1,99,"B002",164159,,,," ",7,"GLP",12.4,1.03,1.21,12.71,2.29,15.00,,,,,,,"LTR"
"B","26-10-2019","2019-10-26 00:00:00 -0500",1,99,"B002",164158,,,," ",7,"GLP",16.53,1.03,1.21,16.95,3.05,20.00,,,,,,,"LTR"
"B","26-10-2019","2019-10-26 00:00:00 -0500",1,99,"B002",164157,,,," ",7,"GLP",9.92,1.03,1.21,10.17,1.83,12.00,,,,,,,"LTR"
"B","26-10-2019","2019-10-26 00:00:00 -0500",1,99,"B002",164156,,,," ",7,"GLP",3.31,1.03,1.21,3.39,0.61,4.00,,,,,,,"LTR"
"B","26-10-2019","2019-10-26 00:00:00 -0500",1,99,"B002",164155,,,," ",7,"GLP",6.15,1.03,1.21,6.31,1.13,7.44,,,,,,,"LTR"
"B","26-10-2019","2019-10-26 00:00:00 -0500",1,99,"B002",164154,,,," ",7,"GLP",4.96,1.03,1.21,5.08,0.92,6.00,,,,,,,"LTR"
"B","26-10-2019","2019-10-26 00:00:00 -0500",1,99,"B002",164153,,,," ",7,"GLP",8.26,1.03,1.21,8.47,1.53,10.00,,,,,,,"LTR"
"B","26-10-2019","2019-10-26 00:00:00 -0500",1,99,"B002",164152,,,," ",7,"GLP",4.96,1.03,1.21,5.08,0.92,6.00,,,,,,,"LTR"
"B","26-10-2019","2019-10-26 00:00:00 -0500",1,99,"B002",164151,,,," ",7,"GLP",8.26,1.03,1.21,8.47,1.53,10.00,,,,,,,"LTR"
"B","26-10-2019","2019-10-26 00:00:00 -0500",1,99,"B002",164150,,,," ",7,"GLP",21.5,1.03,1.21,22.04,3.97,26.01,,,,,,,"LTR"
"B","26-10-2019","2019-10-26 00:00:00 -0500",1,99,"B002",164149,,,," ",7,"GLP",8.26,1.03,1.21,8.47,1.53,10.00,,,,,,,"LTR"
"B","26-10-2019","2019-10-26 00:00:00 -0500",1,99,"B002",164148,,,," ",7,"GLP",6.61,1.03,1.21,6.78,1.22,8.00,,,,,,,"LTR"
"B","26-10-2019","2019-10-26 00:00:00 -0500",1,99,"B002",164147,,,," ",7,"GLP",4.13,1.03,1.21,4.24,0.76,5.00,,,,,,,"LTR"
"B","26-10-2019","2019-10-26 00:00:00 -0500",1,99,"B002",164146,,,," ",4,"Gasohol 98",1.94,13.13,15.49,25.42,4.58,30.00,,,,,,,"GLL"
"B","26-10-2019","2019-10-26 00:00:00 -0500",1,99,"B002",164145,,,," ",7,"GLP",4.13,1.03,1.21,4.24,0.76,5.00,,,,,,,"LTR"
"B","26-10-2019","2019-10-26 00:00:00 -0500",1,99,"B002",164144,,,," ",7,"GLP",4.13,1.03,1.21,4.24,0.76,5.00,,,,,,,"LTR"
"B","26-10-2019","2019-10-26 00:00:00 -0500",1,99,"B002",164143,,,," ",7,"GLP",8.26,1.03,1.21,8.47,1.53,10.00,,,,,,,"LTR"
"B","26-10-2019","2019-10-26 00:00:00 -0500",1,99,"B002",164142,,,," ",7,"GLP",54.71,1.03,1.21,56.10,10.10,66.20,,,,,,,"LTR"
"B","26-10-2019","2019-10-26 00:00:00 -0500",1,99,"B002",164141,,,," ",7,"GLP",4.13,1.03,1.21,4.24,0.76,5.00,,,,,,,"LTR"
"B","26-10-2019","2019-10-26 00:00:00 -0500",1,99,"B002",164140,,,," ",7,"GLP",4.96,1.03,1.21,5.08,0.92,6.00,,,,,,,"LTR"
"B","26-10-2019","2019-10-26 00:00:00 -0500",1,99,"B002",164139,,,," ",7,"GLP",4.13,1.03,1.21,4.24,0.76,5.00,,,,,,,"LTR"
"B","26-10-2019","2019-10-26 00:00:00 -0500",1,99,"B002",164138,,,," ",7,"GLP",16.53,1.03,1.21,16.95,3.05,20.00,,,,,,,"LTR"
"B","26-10-2019","2019-10-26 00:00:00 -0500",1,99,"B002",164137,,,," ",7,"GLP",4.13,1.03,1.21,4.24,0.76,5.00,,,,,,,"LTR"
"B","26-10-2019","2019-10-26 00:00:00 -0500",1,99,"B002",164136,,,," ",7,"GLP",5.79,1.03,1.21,5.93,1.07,7.00,,,,,,,"LTR"
"B","26-10-2019","2019-10-26 00:00:00 -0500",1,99,"B002",164135,,,," ",7,"GLP",4.13,1.03,1.21,4.24,0.76,5.00,,,,,,,"LTR"
"B","26-10-2019","2019-10-26 00:00:00 -0500",1,99,"B002",164134,,,," ",7,"GLP",4.96,1.03,1.21,5.08,0.92,6.00,,,,,,,"LTR"
"B","26-10-2019","2019-10-26 00:00:00 -0500",1,99,"B002",164133,,,," ",7,"GLP",8.26,1.03,1.21,8.47,1.53,10.00,,,,,,,"LTR"
"B","26-10-2019","2019-10-26 00:00:00 -0500",1,99,"B002",164132,,,," ",7,"GLP",4.13,1.03,1.21,4.24,0.76,5.00,,,,,,,"LTR"
"B","26-10-2019","2019-10-26 00:00:00 -0500",1,99,"B002",164131,,,," ",7,"GLP",8.26,1.03,1.21,8.47,1.53,10.00,,,,,,,"LTR"
"B","26-10-2019","2019-10-26 00:00:00 -0500",1,99,"B002",164130,,,," ",7,"GLP",8.26,1.03,1.21,8.47,1.53,10.00,,,,,,,"LTR"
"B","26-10-2019","2019-10-26 00:00:00 -0500",1,99,"B002",164129,,,," ",7,"GLP",4.96,1.03,1.21,5.08,0.92,6.00,,,,,,,"LTR"
"B","26-10-2019","2019-10-26 00:00:00 -0500",1,99,"B002",164128,,,," ",2,"Gasohol 90",0.39,10.75,12.69,4.24,0.76,5.00,,,,,,,"GLL"
"B","26-10-2019","2019-10-26 00:00:00 -0500",1,99,"B002",164127,,,," ",7,"GLP",18.22,1.03,1.21,18.68,3.36,22.04,,,,,,,"LTR"
"B","26-10-2019","2019-10-26 00:00:00 -0500",1,99,"B002",164126,,,," ",7,"GLP",8.26,1.03,1.21,8.47,1.53,10.00,,,,,,,"LTR"
"B","26-10-2019","2019-10-26 00:00:00 -0500",1,99,"B002",164125,,,," ",7,"GLP",9.09,1.03,1.21,9.32,1.68,11.00,,,,,,,"LTR"
"B","26-10-2019","2019-10-26 00:00:00 -0500",1,99,"B002",164124,,,," ",7,"GLP",4.13,1.03,1.21,4.24,0.76,5.00,,,,,,,"LTR"
"B","26-10-2019","2019-10-26 00:00:00 -0500",1,99,"B002",164123,,,," ",7,"GLP",4.13,1.03,1.21,4.24,0.76,5.00,,,,,,,"LTR"
"B","26-10-2019","2019-10-26 00:00:00 -0500",1,99,"B002",164122,,,," ",7,"GLP",49.59,1.03,1.21,50.85,9.15,60.00,,,,,,,"LTR"
"B","26-10-2019","2019-10-26 00:00:00 -0500",1,99,"B002",164121,,,," ",7,"GLP",8.26,1.03,1.21,8.47,1.53,10.00,,,,,,,"LTR"
"B","26-10-2019","2019-10-26 00:00:00 -0500",1,99,"B002",164120,,,," ",7,"GLP",6.61,1.03,1.21,6.78,1.22,8.00,,,,,,,"LTR"
"B","26-10-2019","2019-10-26 00:00:00 -0500",1,99,"B002",164119,,,," ",7,"GLP",20.68,1.03,1.21,21.20,3.82,25.02,,,,,,,"LTR"
"B","26-10-2019","2019-10-26 00:00:00 -0500",1,99,"B002",164118,,,," ",7,"GLP",24.79,1.03,1.21,25.42,4.58,30.00,,,,,,,"LTR"
"B","26-10-2019","2019-10-26 00:00:00 -0500",1,99,"B002",164117,,,," ",7,"GLP",5.79,1.03,1.21,5.93,1.07,7.00,,,,,,,"LTR"
"B","26-10-2019","2019-10-26 00:00:00 -0500",1,99,"B002",164116,,,," ",7,"GLP",13.3,1.03,1.21,13.64,2.45,16.09,,,,,,,"LTR"
"B","26-10-2019","2019-10-26 00:00:00 -0500",1,99,"B002",164115,,,," ",7,"GLP",8.26,1.03,1.21,8.47,1.53,10.00,,,,,,,"LTR"
"B","26-10-2019","2019-10-26 00:00:00 -0500",1,99,"B002",164114,,,," ",7,"GLP",3.47,1.03,1.21,3.56,0.64,4.20,,,,,,,"LTR"
"B","26-10-2019","2019-10-26 00:00:00 -0500",1,99,"B002",164113,,,," ",7,"GLP",15.42,1.03,1.21,15.81,2.85,18.66,,,,,,,"LTR"
"B","26-10-2019","2019-10-26 00:00:00 -0500",1,99,"B002",164112,,,," ",5,"DieselPro B5 S50 UV",1.69,10.03,11.84,16.95,3.05,20.00,,,,,,,"GLL"
"B","26-10-2019","2019-10-26 00:00:00 -0500",1,99,"B002",164111,,,," ",7,"GLP",4.13,1.03,1.21,4.24,0.76,5.00,,,,,,,"LTR"
"B","26-10-2019","2019-10-26 00:00:00 -0500",1,99,"B002",164110,,,," ",7,"GLP",8.26,1.03,1.21,8.47,1.53,10.00,,,,,,,"LTR"
"B","26-10-2019","2019-10-26 00:00:00 -0500",1,99,"B002",164109,,,," ",7,"GLP",22.73,1.03,1.21,23.31,4.19,27.50,,,,,,,"LTR"
"B","26-10-2019","2019-10-26 00:00:00 -0500",1,99,"B002",164108,,,," ",7,"GLP",8.69,1.03,1.21,8.92,1.60,10.52,,,,,,,"LTR"
"B","26-10-2019","2019-10-26 00:00:00 -0500",1,99,"B002",164107,,,," ",7,"GLP",14.06,1.03,1.21,14.42,2.59,17.01,,,,,,,"LTR"
"B","26-10-2019","2019-10-26 00:00:00 -0500",1,99,"B002",164106,,,," ",7,"GLP",4.13,1.03,1.21,4.24,0.76,5.00,,,,,,,"LTR"
"B","26-10-2019","2019-10-26 00:00:00 -0500",1,99,"B002",164105,,,," ",7,"GLP",4.96,1.03,1.21,5.08,0.92,6.00,,,,,,,"LTR"
"B","26-10-2019","2019-10-26 00:00:00 -0500",1,99,"B002",164104,,,," ",7,"GLP",8.34,1.03,1.21,8.55,1.54,10.09,,,,,,,"LTR"
"B","26-10-2019","2019-10-26 00:00:00 -0500",1,99,"B002",164103,,,," ",7,"GLP",16.53,1.03,1.21,16.95,3.05,20.00,,,,,,,"LTR"
"B","26-10-2019","2019-10-26 00:00:00 -0500",1,99,"B002",164102,,,," ",7,"GLP",4.96,1.03,1.21,5.08,0.92,6.00,,,,,,,"LTR"
"B","26-10-2019","2019-10-26 00:00:00 -0500",1,99,"B002",164101,,,," ",7,"GLP",16.53,1.03,1.21,16.95,3.05,20.00,,,,,,,"LTR"
"B","26-10-2019","2019-10-26 00:00:00 -0500",1,99,"B002",164100,,,," ",7,"GLP",5.79,1.03,1.21,5.93,1.07,7.00,,,,,,,"LTR"
"B","26-10-2019","2019-10-26 00:00:00 -0500",1,99,"B002",164099,,,," ",7,"GLP",5.79,1.03,1.21,5.93,1.07,7.00,,,,,,,"LTR"
"B","26-10-2019","2019-10-26 00:00:00 -0500",1,99,"B002",164098,,,," ",7,"GLP",20.66,1.03,1.21,21.19,3.81,25.00,,,,,,,"LTR"
"B","26-10-2019","2019-10-26 00:00:00 -0500",1,99,"B002",164097,,,," ",7,"GLP",8.26,1.03,1.21,8.47,1.53,10.00,,,,,,,"LTR"
"B","26-10-2019","2019-10-26 00:00:00 -0500",1,99,"B002",164096,,,," ",7,"GLP",4.13,1.03,1.21,4.24,0.76,5.00,,,,,,,"LTR"
"B","26-10-2019","2019-10-26 00:00:00 -0500",1,99,"B002",164095,,,," ",7,"GLP",16.53,1.03,1.21,16.95,3.05,20.00,,,,,,,"LTR"
"B","26-10-2019","2019-10-26 00:00:00 -0500",1,99,"B002",164094,,,," ",7,"GLP",8.26,1.03,1.21,8.47,1.53,10.00,,,,,,,"LTR"
"B","26-10-2019","2019-10-26 00:00:00 -0500",1,99,"B002",164093,,,," ",7,"GLP",17.07,1.03,1.21,17.50,3.15,20.65,,,,,,,"LTR"
"B","26-10-2019","2019-10-26 00:00:00 -0500",1,99,"B002",164092,,,," ",7,"GLP",5.36,1.03,1.21,5.49,0.99,6.48,,,,,,,"LTR"
"B","26-10-2019","2019-10-26 00:00:00 -0500",1,99,"B002",164091,,,," ",7,"GLP",16.53,1.03,1.21,16.95,3.05,20.00,,,,,,,"LTR"
"B","26-10-2019","2019-10-26 00:00:00 -0500",1,99,"B002",164090,,,," ",7,"GLP",8.26,1.03,1.21,8.47,1.53,10.00,,,,,,,"LTR"
"B","26-10-2019","2019-10-26 00:00:00 -0500",1,99,"B002",164089,,,," ",7,"GLP",4.13,1.03,1.21,4.24,0.76,5.00,,,,,,,"LTR"
"B","26-10-2019","2019-10-26 00:00:00 -0500",1,99,"B002",164088,,,," ",7,"GLP",4.96,1.03,1.21,5.08,0.92,6.00,,,,,,,"LTR"
"B","26-10-2019","2019-10-26 00:00:00 -0500",1,99,"B002",164087,,,," ",7,"GLP",4.13,1.03,1.21,4.24,0.76,5.00,,,,,,,"LTR"
"B","26-10-2019","2019-10-26 00:00:00 -0500",1,99,"B002",164086,,,," ",7,"GLP",3.31,1.03,1.21,3.39,0.61,4.00,,,,,,,"LTR"
"B","26-10-2019","2019-10-26 00:00:00 -0500",1,99,"B002",164085,,,," ",7,"GLP",8.26,1.03,1.21,8.47,1.53,10.00,,,,,,,"LTR"
"B","26-10-2019","2019-10-26 00:00:00 -0500",1,99,"B002",164084,,,," ",7,"GLP",8.26,1.03,1.21,8.47,1.53,10.00,,,,,,,"LTR"
"B","26-10-2019","2019-10-26 00:00:00 -0500",1,99,"B002",164083,,,," ",7,"GLP",12.65,1.03,1.21,12.97,2.33,15.30,,,,,,,"LTR"
"B","26-10-2019","2019-10-26 00:00:00 -0500",1,99,"B002",164082,,,," ",7,"GLP",16.53,1.03,1.21,16.95,3.05,20.00,,,,,,,"LTR"
"B","26-10-2019","2019-10-26 00:00:00 -0500",1,99,"B002",164081,,,," ",2,"Gasohol 90",0.24,10.75,12.69,2.54,0.46,3.00,,,,,,,"GLL"
"B","26-10-2019","2019-10-26 00:00:00 -0500",1,99,"B002",164080,,,," ",7,"GLP",11.57,1.03,1.21,11.86,2.14,14.00,,,,,,,"LTR"
"B","26-10-2019","2019-10-26 00:00:00 -0500",1,99,"B002",164079,,,," ",7,"GLP",4.13,1.03,1.21,4.24,0.76,5.00,,,,,,,"LTR"
"B","26-10-2019","2019-10-26 00:00:00 -0500",1,99,"B002",164078,,,," ",7,"GLP",4.96,1.03,1.21,5.08,0.92,6.00,,,,,,,"LTR"
"B","26-10-2019","2019-10-26 00:00:00 -0500",1,99,"B002",164077,,,," ",7,"GLP",12.39,1.03,1.21,12.70,2.29,14.99,,,,,,,"LTR"
"B","26-10-2019","2019-10-26 00:00:00 -0500",1,99,"B002",164076,,,," ",7,"GLP",8.26,1.03,1.21,8.47,1.53,10.00,,,,,,,"LTR"
"B","26-10-2019","2019-10-26 00:00:00 -0500",1,99,"B002",164075,,,," ",7,"GLP",22.31,1.03,1.21,22.88,4.12,27.00,,,,,,,"LTR"
"B","26-10-2019","2019-10-26 00:00:00 -0500",1,99,"B002",164074,,,," ",7,"GLP",8.26,1.03,1.21,8.47,1.53,10.00,,,,,,,"LTR"
"B","26-10-2019","2019-10-26 00:00:00 -0500",1,99,"B002",164073,,,," ",7,"GLP",5.79,1.03,1.21,5.93,1.07,7.00,,,,,,,"LTR"
"B","26-10-2019","2019-10-26 00:00:00 -0500",1,99,"B002",164072,,,," ",2,"Gasohol 90",1,10.75,12.69,10.75,1.94,12.69,,,,,,,"GLL"
"B","26-10-2019","2019-10-26 00:00:00 -0500",1,99,"B002",164071,,,," ",7,"GLP",11.57,1.03,1.21,11.86,2.14,14.00,,,,,,,"LTR"
"B","26-10-2019","2019-10-26 00:00:00 -0500",1,99,"B002",164070,,,," ",7,"GLP",8.26,1.03,1.21,8.47,1.53,10.00,,,,,,,"LTR"
"B","26-10-2019","2019-10-26 00:00:00 -0500",1,99,"B002",164069,,,," ",7,"GLP",4.13,1.03,1.21,4.24,0.76,5.00,,,,,,,"LTR"
"B","26-10-2019","2019-10-26 00:00:00 -0500",1,99,"B002",164068,,,," ",7,"GLP",26.61,1.03,1.21,27.29,4.91,32.20,,,,,,,"LTR"
"B","26-10-2019","2019-10-26 00:00:00 -0500",1,99,"B002",164067,,,," ",7,"GLP",4.96,1.03,1.21,5.08,0.92,6.00,,,,,,,"LTR"
"B","26-10-2019","2019-10-26 00:00:00 -0500",1,99,"B002",164066,,,," ",2,"Gasohol 90",2.36,10.75,12.69,25.42,4.58,30.00,,,,,,,"GLL"
"B","26-10-2019","2019-10-26 00:00:00 -0500",1,99,"B002",164065,,,," ",7,"GLP",12.4,1.03,1.21,12.71,2.29,15.00,,,,,,,"LTR"
"B","26-10-2019","2019-10-26 00:00:00 -0500",1,99,"B002",164064,,,," ",7,"GLP",3.63,1.03,1.21,3.72,0.67,4.39,,,,,,,"LTR"
"B","26-10-2019","2019-10-26 00:00:00 -0500",1,99,"B002",164063,,,," ",7,"GLP",30.58,1.03,1.21,31.36,5.64,37.00,,,,,,,"LTR"
"B","26-10-2019","2019-10-26 00:00:00 -0500",1,99,"B002",164062,,,," ",5,"DieselPro B5 S50 UV",14.29,10.03,11.84,143.42,25.81,169.23,,,,,,,"GLL"
"B","26-10-2019","2019-10-26 00:00:00 -0500",1,99,"B002",164061,,,," ",7,"GLP",19.83,1.03,1.21,20.33,3.66,23.99,,,,,,,"LTR"
"B","26-10-2019","2019-10-26 00:00:00 -0500",1,99,"B002",164060,,,," ",7,"GLP",8.26,1.03,1.21,8.47,1.53,10.00,,,,,,,"LTR"
"B","26-10-2019","2019-10-26 00:00:00 -0500",1,99,"B002",164059,,,," ",7,"GLP",4.13,1.03,1.21,4.24,0.76,5.00,,,,,,,"LTR"
"B","26-10-2019","2019-10-26 00:00:00 -0500",1,99,"B002",164058,,,," ",7,"GLP",4.13,1.03,1.21,4.24,0.76,5.00,,,,,,,"LTR"
"B","26-10-2019","2019-10-26 00:00:00 -0500",1,99,"B002",164057,,,," ",7,"GLP",4.13,1.03,1.21,4.24,0.76,5.00,,,,,,,"LTR"
"B","26-10-2019","2019-10-26 00:00:00 -0500",1,99,"B002",164056,,,," ",7,"GLP",14.05,1.03,1.21,14.41,2.59,17.00,,,,,,,"LTR"
"B","26-10-2019","2019-10-26 00:00:00 -0500",1,99,"B002",164055,,,," ",7,"GLP",15.54,1.03,1.21,15.93,2.87,18.80,,,,,,,"LTR"
"B","26-10-2019","2019-10-26 00:00:00 -0500",1,99,"B002",164054,,,," ",7,"GLP",12.4,1.03,1.21,12.71,2.29,15.00,,,,,,,"LTR"
"B","26-10-2019","2019-10-26 00:00:00 -0500",1,99,"B002",164053,,,," ",7,"GLP",4.13,1.03,1.21,4.24,0.76,5.00,,,,,,,"LTR"
"B","26-10-2019","2019-10-26 00:00:00 -0500",1,99,"B002",164052,,,," ",7,"GLP",0.02,1.03,1.21,0.02,0.00,0.02,,,,,,,"LTR"
"B","26-10-2019","2019-10-26 00:00:00 -0500",1,99,"B002",164051,,,," ",7,"GLP",5.36,1.03,1.21,5.50,0.99,6.49,,,,,,,"LTR"
"B","26-10-2019","2019-10-26 00:00:00 -0500",1,99,"B002",164050,,,," ",7,"GLP",4.13,1.03,1.21,4.24,0.76,5.00,,,,,,,"LTR"
"B","26-10-2019","2019-10-26 00:00:00 -0500",1,99,"B002",164049,,,," ",7,"GLP",16.28,1.03,1.21,16.69,3.01,19.70,,,,,,,"LTR"
"B","26-10-2019","2019-10-26 00:00:00 -0500",1,99,"B002",164048,,,," ",7,"GLP",6.78,1.03,1.21,6.95,1.25,8.20,,,,,,,"LTR"
"B","26-10-2019","2019-10-26 00:00:00 -0500",1,99,"B002",164047,,,," ",7,"GLP",4.96,1.03,1.21,5.08,0.92,6.00,,,,,,,"LTR"
"B","26-10-2019","2019-10-26 00:00:00 -0500",1,99,"B002",164046,,,," ",7,"GLP",8.26,1.03,1.21,8.47,1.53,10.00,,,,,,,"LTR"
"B","26-10-2019","2019-10-26 00:00:00 -0500",1,99,"B002",164045,,,," ",4,"Gasohol 98",1,13.13,15.49,13.13,2.36,15.49,,,,,,,"GLL"
"B","26-10-2019","2019-10-26 00:00:00 -0500",1,99,"B002",164044,,,," ",7,"GLP",8.26,1.03,1.21,8.47,1.53,10.00,,,,,,,"LTR"
"B","26-10-2019","2019-10-26 00:00:00 -0500",1,99,"B002",164043,,,," ",7,"GLP",4.13,1.03,1.21,4.24,0.76,5.00,,,,,,,"LTR"
"B","26-10-2019","2019-10-26 00:00:00 -0500",1,99,"B002",164042,,,," ",7,"GLP",4.96,1.03,1.21,5.08,0.92,6.00,,,,,,,"LTR"
"B","26-10-2019","2019-10-26 00:00:00 -0500",1,99,"B002",164041,,,," ",7,"GLP",8.36,1.03,1.21,8.57,1.54,10.11,,,,,,,"LTR"
"B","26-10-2019","2019-10-26 00:00:00 -0500",1,99,"B002",164040,,,," ",7,"GLP",10.74,1.03,1.21,11.02,1.98,13.00,,,,,,,"LTR"
"B","26-10-2019","2019-10-26 00:00:00 -0500",1,99,"B002",164039,,,," ",7,"GLP",3.31,1.03,1.21,3.39,0.61,4.00,,,,,,,"LTR"
"B","26-10-2019","2019-10-26 00:00:00 -0500",1,99,"B002",164038,,,," ",7,"GLP",5.79,1.03,1.21,5.93,1.07,7.00,,,,,,,"LTR"
"B","26-10-2019","2019-10-26 00:00:00 -0500",1,99,"B002",164037,,,," ",7,"GLP",6.61,1.03,1.21,6.78,1.22,8.00,,,,,,,"LTR"
"B","26-10-2019","2019-10-26 00:00:00 -0500",1,99,"B002",164036,,,," ",7,"GLP",6.61,1.03,1.21,6.78,1.22,8.00,,,,,,,"LTR"
"B","26-10-2019","2019-10-26 00:00:00 -0500",1,99,"B002",164035,,,," ",7,"GLP",4.13,1.03,1.21,4.24,0.76,5.00,,,,,,,"LTR"
"B","26-10-2019","2019-10-26 00:00:00 -0500",1,99,"B002",164034,,,," ",7,"GLP",4.96,1.03,1.21,5.08,0.92,6.00,,,,,,,"LTR"
"B","26-10-2019","2019-10-26 00:00:00 -0500",1,99,"B002",164033,,,," ",7,"GLP",12.4,1.03,1.21,12.71,2.29,15.00,,,,,,,"LTR"
"B","26-10-2019","2019-10-26 00:00:00 -0500",1,99,"B002",164032,,,," ",7,"GLP",8.26,1.03,1.21,8.47,1.53,10.00,,,,,,,"LTR"
"B","26-10-2019","2019-10-26 00:00:00 -0500",1,99,"B002",164031,,,," ",7,"GLP",8.26,1.03,1.21,8.47,1.53,10.00,,,,,,,"LTR"
"B","26-10-2019","2019-10-26 00:00:00 -0500",1,99,"B002",164030,,,," ",7,"GLP",4.13,1.03,1.21,4.24,0.76,5.00,,,,,,,"LTR"
"B","26-10-2019","2019-10-26 00:00:00 -0500",1,99,"B002",164029,,,," ",7,"GLP",8.26,1.03,1.21,8.47,1.53,10.00,,,,,,,"LTR"
"B","26-10-2019","2019-10-26 00:00:00 -0500",1,99,"B002",164028,,,," ",7,"GLP",19.67,1.03,1.21,20.17,3.63,23.80,,,,,,,"LTR"
"B","26-10-2019","2019-10-26 00:00:00 -0500",1,99,"B002",164027,,,," ",7,"GLP",16.53,1.03,1.21,16.95,3.05,20.00,,,,,,,"LTR"
"B","26-10-2019","2019-10-26 00:00:00 -0500",1,99,"B002",164026,,,," ",7,"GLP",12.4,1.03,1.21,12.71,2.29,15.00,,,,,,,"LTR"
"B","26-10-2019","2019-10-26 00:00:00 -0500",1,99,"B002",164025,,,," ",7,"GLP",5.79,1.03,1.21,5.93,1.07,7.00,,,,,,,"LTR"
"B","26-10-2019","2019-10-26 00:00:00 -0500",1,99,"B002",164024,,,," ",7,"GLP",4.13,1.03,1.21,4.24,0.76,5.00,,,,,,,"LTR"
"B","26-10-2019","2019-10-26 00:00:00 -0500",1,99,"B002",164023,,,," ",7,"GLP",4.96,1.03,1.21,5.08,0.92,6.00,,,,,,,"LTR"
"B","26-10-2019","2019-10-26 00:00:00 -0500",1,99,"B002",164022,,,," ",7,"GLP",22.81,1.03,1.21,23.39,4.21,27.60,,,,,,,"LTR"
"B","26-10-2019","2019-10-26 00:00:00 -0500",1,99,"B002",164021,,,," ",7,"GLP",4.61,1.03,1.21,4.73,0.85,5.58,,,,,,,"LTR"
"B","26-10-2019","2019-10-26 00:00:00 -0500",1,99,"B002",164020,,,," ",7,"GLP",24.79,1.03,1.21,25.42,4.58,30.00,,,,,,,"LTR"
"B","26-10-2019","2019-10-26 00:00:00 -0500",1,99,"B002",164019,,,," ",7,"GLP",5.79,1.03,1.21,5.93,1.07,7.00,,,,,,,"LTR"
"B","26-10-2019","2019-10-26 00:00:00 -0500",1,99,"B002",164018,,,," ",7,"GLP",5.79,1.03,1.21,5.93,1.07,7.00,,,,,,,"LTR"
"B","26-10-2019","2019-10-26 00:00:00 -0500",1,99,"B002",164017,,,," ",7,"GLP",8.26,1.03,1.21,8.47,1.53,10.00,,,,,,,"LTR"
"B","26-10-2019","2019-10-26 00:00:00 -0500",1,99,"B002",164016,,,," ",7,"GLP",11.57,1.03,1.21,11.86,2.14,14.00,,,,,,,"LTR"
"B","26-10-2019","2019-10-26 00:00:00 -0500",1,99,"B002",164015,,,," ",7,"GLP",8.26,1.03,1.21,8.47,1.53,10.00,,,,,,,"LTR"
"B","26-10-2019","2019-10-26 00:00:00 -0500",1,99,"B002",164014,,,," ",7,"GLP",16.53,1.03,1.21,16.95,3.05,20.00,,,,,,,"LTR"
"B","26-10-2019","2019-10-26 00:00:00 -0500",1,99,"B002",164013,,,," ",7,"GLP",5.79,1.03,1.21,5.93,1.07,7.00,,,,,,,"LTR"
"B","26-10-2019","2019-10-26 00:00:00 -0500",1,99,"B002",164012,,,," ",7,"GLP",15.26,1.03,1.21,15.64,2.82,18.46,,,,,,,"LTR"
"B","26-10-2019","2019-10-26 00:00:00 -0500",1,99,"B002",164011,,,," ",7,"GLP",4.53,1.03,1.21,4.64,0.84,5.48,,,,,,,"LTR"
"B","26-10-2019","2019-10-26 00:00:00 -0500",1,99,"B002",164010,,,," ",7,"GLP",4.96,1.03,1.21,5.08,0.92,6.00,,,,,,,"LTR"
"B","26-10-2019","2019-10-26 00:00:00 -0500",1,99,"B002",164009,,,," ",7,"GLP",4.13,1.03,1.21,4.24,0.76,5.00,,,,,,,"LTR"
"B","26-10-2019","2019-10-26 00:00:00 -0500",1,99,"B002",164008,,,," ",7,"GLP",6.61,1.03,1.21,6.78,1.22,8.00,,,,,,,"LTR"
"B","26-10-2019","2019-10-26 00:00:00 -0500",1,99,"B002",164007,,,," ",7,"GLP",4.96,1.03,1.21,5.08,0.92,6.00,,,,,,,"LTR"
"B","26-10-2019","2019-10-26 00:00:00 -0500",1,99,"B002",164006,,,," ",7,"GLP",11.57,1.03,1.21,11.86,2.14,14.00,,,,,,,"LTR"
"B","26-10-2019","2019-10-26 00:00:00 -0500",1,99,"B002",164005,,,," ",7,"GLP",9.34,1.03,1.21,9.58,1.72,11.30,,,,,,,"LTR"
"B","26-10-2019","2019-10-26 00:00:00 -0500",1,99,"B002",164004,,,," ",7,"GLP",2.48,1.03,1.21,2.54,0.46,3.00,,,,,,,"LTR"
"B","26-10-2019","2019-10-26 00:00:00 -0500",1,99,"B002",164003,,,," ",7,"GLP",8.26,1.03,1.21,8.47,1.53,10.00,,,,,,,"LTR"
"B","26-10-2019","2019-10-26 00:00:00 -0500",1,99,"B002",164002,,,," ",7,"GLP",7.44,1.03,1.21,7.63,1.37,9.00,,,,,,,"LTR"
"B","26-10-2019","2019-10-26 00:00:00 -0500",1,99,"B002",164001,,,," ",7,"GLP",26.93,1.03,1.21,27.62,4.97,32.59,,,,,,,"LTR"
"B","26-10-2019","2019-10-26 00:00:00 -0500",1,99,"B002",164000,,,," ",7,"GLP",8.93,1.03,1.21,9.15,1.65,10.80,,,,,,,"LTR"
"B","26-10-2019","2019-10-26 00:00:00 -0500",1,99,"B002",163999,,,," ",7,"GLP",7.26,1.03,1.21,7.45,1.34,8.79,,,,,,,"LTR"
"B","26-10-2019","2019-10-26 00:00:00 -0500",1,99,"B002",163998,,,," ",7,"GLP",7.86,1.03,1.21,8.06,1.45,9.51,,,,,,,"LTR"
"B","26-10-2019","2019-10-26 00:00:00 -0500",1,99,"B002",163997,,,," ",7,"GLP",8.26,1.03,1.21,8.47,1.53,10.00,,,,,,,"LTR"
"B","26-10-2019","2019-10-26 00:00:00 -0500",1,99,"B002",163996,,,," ",7,"GLP",6.61,1.03,1.21,6.78,1.22,8.00,,,,,,,"LTR"
"B","26-10-2019","2019-10-26 00:00:00 -0500",1,99,"B002",163995,,,," ",7,"GLP",8.26,1.03,1.21,8.47,1.53,10.00,,,,,,,"LTR"
"B","26-10-2019","2019-10-26 00:00:00 -0500",1,99,"B002",163994,,,," ",7,"GLP",8.43,1.03,1.21,8.64,1.56,10.20,,,,,,,"LTR"
"B","26-10-2019","2019-10-26 00:00:00 -0500",1,99,"B002",163993,,,," ",7,"GLP",8.26,1.03,1.21,8.47,1.53,10.00,,,,,,,"LTR"
"B","26-10-2019","2019-10-26 00:00:00 -0500",1,99,"B002",163992,,,," ",7,"GLP",0.83,1.03,1.21,0.85,0.15,1.00,,,,,,,"LTR"
"B","26-10-2019","2019-10-26 00:00:00 -0500",1,99,"B002",163991,,,," ",7,"GLP",12.4,1.03,1.21,12.71,2.29,15.00,,,,,,,"LTR"
"B","26-10-2019","2019-10-26 00:00:00 -0500",1,99,"B002",163990,,,," ",7,"GLP",4.96,1.03,1.21,5.08,0.92,6.00,,,,,,,"LTR"
"B","26-10-2019","2019-10-26 00:00:00 -0500",1,99,"B002",163989,,,," ",7,"GLP",6.61,1.03,1.21,6.78,1.22,8.00,,,,,,,"LTR"
"B","26-10-2019","2019-10-26 00:00:00 -0500",1,99,"B002",163988,,,," ",4,"Gasohol 98",1.94,13.13,15.49,25.42,4.58,30.00,,,,,,,"GLL"
"B","26-10-2019","2019-10-26 00:00:00 -0500",1,99,"B002",163987,,,," ",7,"GLP",8.26,1.03,1.21,8.47,1.53,10.00,,,,,,,"LTR"
"B","26-10-2019","2019-10-26 00:00:00 -0500",1,99,"B002",163986,,,," ",7,"GLP",8.26,1.03,1.21,8.47,1.53,10.00,,,,,,,"LTR"
"B","26-10-2019","2019-10-26 00:00:00 -0500",1,99,"B002",163985,,,," ",7,"GLP",8.26,1.03,1.21,8.47,1.53,10.00,,,,,,,"LTR"
"B","26-10-2019","2019-10-26 00:00:00 -0500",1,99,"B002",163984,,,," ",7,"GLP",4.13,1.03,1.21,4.24,0.76,5.00,,,,,,,"LTR"
"B","26-10-2019","2019-10-26 00:00:00 -0500",1,99,"B002",163983,,,," ",7,"GLP",4.13,1.03,1.21,4.24,0.76,5.00,,,,,,,"LTR"
"B","26-10-2019","2019-10-26 00:00:00 -0500",1,99,"B002",163982,,,," ",7,"GLP",12.4,1.03,1.21,12.71,2.29,15.00,,,,,,,"LTR"
"B","26-10-2019","2019-10-26 00:00:00 -0500",1,99,"B002",163981,,,," ",7,"GLP",7.44,1.03,1.21,7.63,1.37,9.00,,,,,,,"LTR"
"B","26-10-2019","2019-10-26 00:00:00 -0500",1,99,"B002",163980,,,," ",7,"GLP",7.39,1.03,1.21,7.58,1.36,8.94,,,,,,,"LTR"
"B","26-10-2019","2019-10-26 00:00:00 -0500",1,99,"B002",163979,,,," ",7,"GLP",21.24,1.03,1.21,21.78,3.92,25.70,,,,,,,"LTR"
"B","26-10-2019","2019-10-26 00:00:00 -0500",1,99,"B002",163978,,,," ",7,"GLP",8.26,1.03,1.21,8.47,1.53,10.00,,,,,,,"LTR"
"B","26-10-2019","2019-10-26 00:00:00 -0500",1,99,"B002",163977,,,," ",7,"GLP",12.39,1.03,1.21,12.70,2.29,14.99,,,,,,,"LTR"
"B","26-10-2019","2019-10-26 00:00:00 -0500",1,99,"B002",163976,,,," ",7,"GLP",16.53,1.03,1.21,16.95,3.05,20.00,,,,,,,"LTR"
"B","26-10-2019","2019-10-26 00:00:00 -0500",1,99,"B002",163975,,,," ",7,"GLP",8.26,1.03,1.21,8.47,1.53,10.00,,,,,,,"LTR"
"B","26-10-2019","2019-10-26 00:00:00 -0500",1,99,"B002",163974,,,," ",7,"GLP",16.53,1.03,1.21,16.95,3.05,20.00,,,,,,,"LTR"
"B","26-10-2019","2019-10-26 00:00:00 -0500",1,99,"B002",163973,,,," ",7,"GLP",16.53,1.03,1.21,16.95,3.05,20.00,,,,,,,"LTR"
"B","26-10-2019","2019-10-26 00:00:00 -0500",1,99,"B002",163972,,,," ",7,"GLP",16.53,1.03,1.21,16.95,3.05,20.00,,,,,,,"LTR"
"B","26-10-2019","2019-10-26 00:00:00 -0500",1,99,"B002",163971,,,," ",7,"GLP",8.53,1.03,1.21,8.75,1.57,10.32,,,,,,,"LTR"
"B","26-10-2019","2019-10-26 00:00:00 -0500",1,99,"B002",163970,,,," ",7,"GLP",5.79,1.03,1.21,5.93,1.07,7.00,,,,,,,"LTR"
"B","26-10-2019","2019-10-26 00:00:00 -0500",1,99,"B002",163969,,,," ",7,"GLP",10.33,1.03,1.21,10.59,1.91,12.50,,,,,,,"LTR"
"B","26-10-2019","2019-10-26 00:00:00 -0500",1,99,"B002",163968,,,," ",7,"GLP",8.26,1.03,1.21,8.47,1.53,10.00,,,,,,,"LTR"
"B","26-10-2019","2019-10-26 00:00:00 -0500",1,99,"B002",163967,,,," ",7,"GLP",8.26,1.03,1.21,8.47,1.53,10.00,,,,,,,"LTR"
"B","26-10-2019","2019-10-26 00:00:00 -0500",1,99,"B002",163966,,,," ",7,"GLP",8.26,1.03,1.21,8.47,1.53,10.00,,,,,,,"LTR"
"B","26-10-2019","2019-10-26 00:00:00 -0500",1,99,"B002",163965,,,," ",7,"GLP",8.26,1.03,1.21,8.47,1.53,10.00,,,,,,,"LTR"
"B","26-10-2019","2019-10-26 00:00:00 -0500",1,99,"B002",163964,,,," ",7,"GLP",8.26,1.03,1.21,8.47,1.53,10.00,,,,,,,"LTR"
"B","26-10-2019","2019-10-26 00:00:00 -0500",1,99,"B002",163963,,,," ",7,"GLP",8.26,1.03,1.21,8.47,1.53,10.00,,,,,,,"LTR"
"B","26-10-2019","2019-10-26 00:00:00 -0500",1,99,"B002",163962,,,," ",7,"GLP",4.96,1.03,1.21,5.08,0.92,6.00,,,,,,,"LTR"
"B","26-10-2019","2019-10-26 00:00:00 -0500",1,99,"B002",163961,,,," ",7,"GLP",9.07,1.03,1.21,9.31,1.67,10.98,,,,,,,"LTR"
"B","26-10-2019","2019-10-26 00:00:00 -0500",1,99,"B002",163960,,,," ",7,"GLP",5.79,1.03,1.21,5.93,1.07,7.00,,,,,,,"LTR"
"B","26-10-2019","2019-10-26 00:00:00 -0500",1,99,"B002",163959,,,," ",7,"GLP",16.53,1.03,1.21,16.95,3.05,20.00,,,,,,,"LTR"
"B","26-10-2019","2019-10-26 00:00:00 -0500",1,99,"B002",163958,,,," ",7,"GLP",8.26,1.03,1.21,8.47,1.53,10.00,,,,,,,"LTR"
"B","26-10-2019","2019-10-26 00:00:00 -0500",1,99,"B002",163957,,,," ",7,"GLP",6.36,1.03,1.21,6.53,1.17,7.70,,,,,,,"LTR"
"B","26-10-2019","2019-10-26 00:00:00 -0500",1,99,"B002",163956,,,," ",7,"GLP",5.79,1.03,1.21,5.93,1.07,7.00,,,,,,,"LTR"
"B","26-10-2019","2019-10-26 00:00:00 -0500",1,99,"B002",163955,,,," ",7,"GLP",4.96,1.03,1.21,5.08,0.92,6.00,,,,,,,"LTR"
"B","26-10-2019","2019-10-26 00:00:00 -0500",1,99,"B002",163954,,,," ",7,"GLP",5.46,1.03,1.21,5.59,1.01,6.60,,,,,,,"LTR"
"B","26-10-2019","2019-10-26 00:00:00 -0500",1,99,"B002",163953,,,," ",7,"GLP",8.26,1.03,1.21,8.47,1.53,10.00,,,,,,,"LTR"
"B","26-10-2019","2019-10-26 00:00:00 -0500",1,99,"B002",163952,,,," ",7,"GLP",16.53,1.03,1.21,16.95,3.05,20.00,,,,,,,"LTR"
"B","26-10-2019","2019-10-26 00:00:00 -0500",1,99,"B002",163951,,,," ",7,"GLP",11.57,1.03,1.21,11.86,2.14,14.00,,,,,,,"LTR"
"B","26-10-2019","2019-10-26 00:00:00 -0500",1,99,"B002",163950,,,," ",7,"GLP",4.13,1.03,1.21,4.24,0.76,5.00,,,,,,,"LTR"
"B","26-10-2019","2019-10-26 00:00:00 -0500",1,99,"B002",163949,,,," ",7,"GLP",8.26,1.03,1.21,8.47,1.53,10.00,,,,,,,"LTR"
"B","26-10-2019","2019-10-26 00:00:00 -0500",1,99,"B002",163948,,,," ",7,"GLP",4.13,1.03,1.21,4.24,0.76,5.00,,,,,,,"LTR"
"B","26-10-2019","2019-10-26 00:00:00 -0500",1,99,"B002",163947,,,," ",7,"GLP",6.74,1.03,1.21,6.91,1.24,8.15,,,,,,,"LTR"
"B","26-10-2019","2019-10-26 00:00:00 -0500",1,99,"B002",163946,,,," ",7,"GLP",4.13,1.03,1.21,4.24,0.76,5.00,,,,,,,"LTR"
"B","26-10-2019","2019-10-26 00:00:00 -0500",1,99,"B002",163945,,,," ",7,"GLP",9.09,1.03,1.21,9.32,1.68,11.00,,,,,,,"LTR"
"B","26-10-2019","2019-10-26 00:00:00 -0500",1,99,"B002",163944,,,," ",7,"GLP",4.13,1.03,1.21,4.24,0.76,5.00,,,,,,,"LTR"
"B","26-10-2019","2019-10-26 00:00:00 -0500",1,99,"B002",163943,,,," ",7,"GLP",8.26,1.03,1.21,8.47,1.53,10.00,,,,,,,"LTR"
"B","26-10-2019","2019-10-26 00:00:00 -0500",1,99,"B002",163942,,,," ",7,"GLP",9.71,1.03,1.21,9.96,1.79,11.75,,,,,,,"LTR"
"B","26-10-2019","2019-10-26 00:00:00 -0500",1,99,"B002",163941,,,," ",7,"GLP",4.13,1.03,1.21,4.24,0.76,5.00,,,,,,,"LTR"
"B","26-10-2019","2019-10-26 00:00:00 -0500",1,99,"B002",163940,,,," ",7,"GLP",13.55,1.03,1.21,13.89,2.50,16.39,,,,,,,"LTR"
"B","26-10-2019","2019-10-26 00:00:00 -0500",1,99,"B002",163939,,,," ",7,"GLP",5.79,1.03,1.21,5.93,1.07,7.00,,,,,,,"LTR"
"B","26-10-2019","2019-10-26 00:00:00 -0500",1,99,"B002",163938,,,," ",7,"GLP",5.79,1.03,1.21,5.93,1.07,7.00,,,,,,,"LTR"
"B","26-10-2019","2019-10-26 00:00:00 -0500",1,99,"B002",163937,,,," ",7,"GLP",9.92,1.03,1.21,10.17,1.83,12.00,,,,,,,"LTR"
"B","26-10-2019","2019-10-26 00:00:00 -0500",1,99,"B002",163936,,,," ",7,"GLP",4.13,1.03,1.21,4.24,0.76,5.00,,,,,,,"LTR"
"B","26-10-2019","2019-10-26 00:00:00 -0500",1,99,"B002",163935,,,," ",7,"GLP",8.26,1.03,1.21,8.47,1.53,10.00,,,,,,,"LTR"
"B","26-10-2019","2019-10-26 00:00:00 -0500",1,99,"B002",163934,,,," ",7,"GLP",8.26,1.03,1.21,8.47,1.53,10.00,,,,,,,"LTR"
"B","26-10-2019","2019-10-26 00:00:00 -0500",1,99,"B002",163933,,,," ",7,"GLP",12.4,1.03,1.21,12.71,2.29,15.00,,,,,,,"LTR"
"B","26-10-2019","2019-10-26 00:00:00 -0500",1,99,"B002",163932,,,," ",7,"GLP",24.79,1.03,1.21,25.42,4.58,30.00,,,,,,,"LTR"
"B","26-10-2019","2019-10-26 00:00:00 -0500",1,99,"B002",163931,,,," ",7,"GLP",8.26,1.03,1.21,8.47,1.53,10.00,,,,,,,"LTR"
"B","26-10-2019","2019-10-26 00:00:00 -0500",1,99,"B002",163930,,,," ",7,"GLP",4.13,1.03,1.21,4.24,0.76,5.00,,,,,,,"LTR"
"B","26-10-2019","2019-10-26 00:00:00 -0500",1,99,"B002",163929,,,," ",7,"GLP",16.53,1.03,1.21,16.95,3.05,20.00,,,,,,,"LTR"
"B","26-10-2019","2019-10-26 00:00:00 -0500",1,99,"B002",163928,,,," ",7,"GLP",6.96,1.03,1.21,7.14,1.28,8.42,,,,,,,"LTR"
"B","26-10-2019","2019-10-26 00:00:00 -0500",1,99,"B002",163927,,,," ",7,"GLP",8.26,1.03,1.21,8.47,1.53,10.00,,,,,,,"LTR"
"B","26-10-2019","2019-10-26 00:00:00 -0500",1,99,"B002",163926,,,," ",7,"GLP",8.26,1.03,1.21,8.47,1.53,10.00,,,,,,,"LTR"
"B","26-10-2019","2019-10-26 00:00:00 -0500",1,99,"B002",163925,,,," ",7,"GLP",6.61,1.03,1.21,6.78,1.22,8.00,,,,,,,"LTR"
"B","26-10-2019","2019-10-26 00:00:00 -0500",1,99,"B002",163924,,,," ",7,"GLP",5.79,1.03,1.21,5.93,1.07,7.00,,,,,,,"LTR"
"B","26-10-2019","2019-10-26 00:00:00 -0500",1,99,"B002",163923,,,," ",7,"GLP",21.51,1.03,1.21,22.06,3.97,26.03,,,,,,,"LTR"
"B","26-10-2019","2019-10-26 00:00:00 -0500",1,99,"B002",163922,,,," ",7,"GLP",7.44,1.03,1.21,7.63,1.37,9.00,,,,,,,"LTR"
"B","26-10-2019","2019-10-26 00:00:00 -0500",1,99,"B002",163921,,,," ",7,"GLP",4.96,1.03,1.21,5.08,0.92,6.00,,,,,,,"LTR"
"B","26-10-2019","2019-10-26 00:00:00 -0500",1,99,"B002",163920,,,," ",7,"GLP",4.13,1.03,1.21,4.24,0.76,5.00,,,,,,,"LTR"
"B","26-10-2019","2019-10-26 00:00:00 -0500",1,99,"B002",163919,,,," ",7,"GLP",34.97,1.03,1.21,35.86,6.45,42.31,,,,,,,"LTR"
"B","26-10-2019","2019-10-26 00:00:00 -0500",1,99,"B002",163918,,,," ",7,"GLP",4.13,1.03,1.21,4.24,0.76,5.00,,,,,,,"LTR"
"B","26-10-2019","2019-10-26 00:00:00 -0500",1,99,"B002",163917,,,," ",7,"GLP",11.16,1.03,1.21,11.44,2.06,13.50,,,,,,,"LTR"
"B","26-10-2019","2019-10-26 00:00:00 -0500",1,99,"B002",163916,,,," ",7,"GLP",8.26,1.03,1.21,8.47,1.53,10.00,,,,,,,"LTR"
"B","26-10-2019","2019-10-26 00:00:00 -0500",1,99,"B002",163915,,,," ",7,"GLP",4.13,1.03,1.21,4.24,0.76,5.00,,,,,,,"LTR"
"B","26-10-2019","2019-10-26 00:00:00 -0500",1,99,"B002",163914,,,," ",7,"GLP",8.26,1.03,1.21,8.47,1.53,10.00,,,,,,,"LTR"
"B","26-10-2019","2019-10-26 00:00:00 -0500",1,99,"B002",163913,,,," ",7,"GLP",4.13,1.03,1.21,4.24,0.76,5.00,,,,,,,"LTR"
"B","26-10-2019","2019-10-26 00:00:00 -0500",1,99,"B002",163912,,,," ",7,"GLP",13.71,1.03,1.21,14.06,2.53,16.59,,,,,,,"LTR"
"B","26-10-2019","2019-10-26 00:00:00 -0500",1,99,"B002",163911,,,," ",7,"GLP",4.13,1.03,1.21,4.24,0.76,5.00,,,,,,,"LTR"
"B","26-10-2019","2019-10-26 00:00:00 -0500",1,99,"B002",163910,,,," ",7,"GLP",5.79,1.03,1.21,5.93,1.07,7.00,,,,,,,"LTR"
"B","26-10-2019","2019-10-26 00:00:00 -0500",1,99,"B002",163909,,,," ",7,"GLP",4.13,1.03,1.21,4.24,0.76,5.00,,,,,,,"LTR"
"B","26-10-2019","2019-10-26 00:00:00 -0500",1,99,"B002",163908,,,," ",7,"GLP",9.92,1.03,1.21,10.17,1.83,12.00,,,,,,,"LTR"
"B","26-10-2019","2019-10-26 00:00:00 -0500",1,99,"B002",163907,,,," ",7,"GLP",8.26,1.03,1.21,8.47,1.53,10.00,,,,,,,"LTR"
"B","26-10-2019","2019-10-26 00:00:00 -0500",1,99,"B002",163906,,,," ",7,"GLP",16.53,1.03,1.21,16.95,3.05,20.00,,,,,,,"LTR"
"B","26-10-2019","2019-10-26 00:00:00 -0500",1,99,"B002",163905,,,," ",7,"GLP",8.26,1.03,1.21,8.47,1.53,10.00,,,,,,,"LTR"
"B","26-10-2019","2019-10-26 00:00:00 -0500",1,99,"B002",163904,,,," ",7,"GLP",5.79,1.03,1.21,5.94,1.07,7.01,,,,,,,"LTR"
"B","26-10-2019","2019-10-26 00:00:00 -0500",1,99,"B002",163903,,,," ",7,"GLP",6.94,1.03,1.21,7.12,1.28,8.40,,,,,,,"LTR"
"B","26-10-2019","2019-10-26 00:00:00 -0500",1,99,"B002",163902,,,," ",7,"GLP",8.26,1.03,1.21,8.47,1.53,10.00,,,,,,,"LTR"
"B","26-10-2019","2019-10-26 00:00:00 -0500",1,99,"B002",163901,,,," ",7,"GLP",4.13,1.03,1.21,4.24,0.76,5.00,,,,,,,"LTR"
"B","26-10-2019","2019-10-26 00:00:00 -0500",1,99,"B002",163900,,,," ",7,"GLP",5.79,1.03,1.21,5.93,1.07,7.00,,,,,,,"LTR"
"B","26-10-2019","2019-10-26 00:00:00 -0500",1,99,"B002",163899,,,," ",7,"GLP",31.4,1.03,1.21,32.19,5.80,37.99,,,,,,,"LTR"
"B","26-10-2019","2019-10-26 00:00:00 -0500",1,99,"B002",163898,,,," ",7,"GLP",8.26,1.03,1.21,8.47,1.53,10.00,,,,,,,"LTR"
"B","26-10-2019","2019-10-26 00:00:00 -0500",1,99,"B002",163897,,,," ",7,"GLP",8.26,1.03,1.21,8.47,1.53,10.00,,,,,,,"LTR"
"B","26-10-2019","2019-10-26 00:00:00 -0500",1,99,"B002",163896,,,," ",7,"GLP",4.13,1.03,1.21,4.24,0.76,5.00,,,,,,,"LTR"
"B","26-10-2019","2019-10-26 00:00:00 -0500",1,99,"B002",163895,,,," ",7,"GLP",14.46,1.03,1.21,14.83,2.67,17.50,,,,,,,"LTR"
"B","26-10-2019","2019-10-26 00:00:00 -0500",1,99,"B002",163894,,,," ",7,"GLP",13.8,1.03,1.21,14.15,2.55,16.70,,,,,,,"LTR"
"B","26-10-2019","2019-10-26 00:00:00 -0500",1,99,"B002",163893,,,," ",7,"GLP",8.26,1.03,1.21,8.47,1.53,10.00,,,,,,,"LTR"
"B","26-10-2019","2019-10-26 00:00:00 -0500",1,99,"B002",163892,,,," ",7,"GLP",33.88,1.03,1.21,34.74,6.25,40.99,,,,,,,"LTR"
"B","26-10-2019","2019-10-26 00:00:00 -0500",1,99,"B002",163891,,,," ",7,"GLP",7.45,1.03,1.21,7.64,1.37,9.01,,,,,,,"LTR"
"B","26-10-2019","2019-10-26 00:00:00 -0500",1,99,"B002",163890,,,," ",7,"GLP",8.26,1.03,1.21,8.47,1.53,10.00,,,,,,,"LTR"
"B","26-10-2019","2019-10-26 00:00:00 -0500",1,99,"B002",163889,,,," ",7,"GLP",12.4,1.03,1.21,12.71,2.29,15.00,,,,,,,"LTR"
"B","26-10-2019","2019-10-26 00:00:00 -0500",1,99,"B002",163888,,,," ",7,"GLP",6.61,1.03,1.21,6.78,1.22,8.00,,,,,,,"LTR"
"B","26-10-2019","2019-10-26 00:00:00 -0500",1,99,"B002",163887,,,," ",7,"GLP",12.37,1.03,1.21,12.69,2.28,14.97,,,,,,,"LTR"
"B","26-10-2019","2019-10-26 00:00:00 -0500",1,99,"B002",163886,,,," ",7,"GLP",21.5,1.03,1.21,22.05,3.97,26.02,,,,,,,"LTR"
"B","26-10-2019","2019-10-26 00:00:00 -0500",1,99,"B002",163885,,,," ",7,"GLP",19.17,1.03,1.21,19.66,3.54,23.20,,,,,,,"LTR"
"B","26-10-2019","2019-10-26 00:00:00 -0500",1,99,"B002",163884,,,," ",7,"GLP",4.54,1.03,1.21,4.65,0.84,5.49,,,,,,,"LTR"
"B","26-10-2019","2019-10-26 00:00:00 -0500",1,99,"B002",163883,,,," ",7,"GLP",9.09,1.03,1.21,9.32,1.68,11.00,,,,,,,"LTR"
"B","26-10-2019","2019-10-26 00:00:00 -0500",1,99,"B002",163882,,,," ",7,"GLP",6.12,1.03,1.21,6.27,1.13,7.40,,,,,,,"LTR"
"B","26-10-2019","2019-10-26 00:00:00 -0500",1,99,"B002",163881,,,," ",7,"GLP",8.26,1.03,1.21,8.47,1.53,10.00,,,,,,,"LTR"
"B","26-10-2019","2019-10-26 00:00:00 -0500",1,99,"B002",163880,,,," ",7,"GLP",26.86,1.03,1.21,27.54,4.96,32.50,,,,,,,"LTR"
"B","26-10-2019","2019-10-26 00:00:00 -0500",1,99,"B002",163879,,,," ",7,"GLP",5.79,1.03,1.21,5.93,1.07,7.00,,,,,,,"LTR"
"B","26-10-2019","2019-10-26 00:00:00 -0500",1,99,"B002",163878,,,," ",7,"GLP",0.45,1.03,1.21,0.46,0.08,0.54,,,,,,,"LTR"
"B","26-10-2019","2019-10-26 00:00:00 -0500",1,99,"B002",163877,,,," ",7,"GLP",5.79,1.03,1.21,5.93,1.07,7.00,,,,,,,"LTR"
"B","26-10-2019","2019-10-26 00:00:00 -0500",1,99,"B002",163876,,,," ",7,"GLP",16.53,1.03,1.21,16.95,3.05,20.00,,,,,,,"LTR"
"B","26-10-2019","2019-10-26 00:00:00 -0500",1,99,"B002",163875,,,," ",7,"GLP",4.13,1.03,1.21,4.24,0.76,5.00,,,,,,,"LTR"
"B","26-10-2019","2019-10-26 00:00:00 -0500",1,99,"B002",163874,,,," ",5,"DieselPro B5 S50 UV",7.6,10.03,11.84,76.27,13.73,90.00,,,,,,,"GLL"
"B","26-10-2019","2019-10-26 00:00:00 -0500",1,99,"B002",163873,,,," ",7,"GLP",26.04,1.03,1.21,26.70,4.81,31.51,,,,,,,"LTR"
"B","26-10-2019","2019-10-26 00:00:00 -0500",1,99,"B002",163872,,,," ",7,"GLP",8.26,1.03,1.21,8.47,1.53,10.00,,,,,,,"LTR"
"B","26-10-2019","2019-10-26 00:00:00 -0500",1,99,"B002",163871,,,," ",7,"GLP",23.03,1.03,1.21,23.62,4.25,27.87,,,,,,,"LTR"
"B","26-10-2019","2019-10-26 00:00:00 -0500",1,99,"B002",163870,,,," ",7,"GLP",4.13,1.03,1.21,4.24,0.76,5.00,,,,,,,"LTR"
"B","26-10-2019","2019-10-26 00:00:00 -0500",1,99,"B002",163869,,,," ",7,"GLP",6.61,1.03,1.21,6.78,1.22,8.00,,,,,,,"LTR"
"B","26-10-2019","2019-10-26 00:00:00 -0500",1,99,"B002",163868,,,," ",7,"GLP",8.03,1.03,1.21,8.23,1.48,9.71,,,,,,,"LTR"
"B","26-10-2019","2019-10-26 00:00:00 -0500",1,99,"B002",163867,,,," ",7,"GLP",8.26,1.03,1.21,8.47,1.53,10.00,,,,,,,"LTR"
"B","26-10-2019","2019-10-26 00:00:00 -0500",1,99,"B002",163866,,,," ",7,"GLP",11.57,1.03,1.21,11.86,2.14,14.00,,,,,,,"LTR"
"B","26-10-2019","2019-10-26 00:00:00 -0500",1,99,"B002",163865,,,," ",7,"GLP",6.85,1.03,1.21,7.03,1.26,8.29,,,,,,,"LTR"
"B","26-10-2019","2019-10-26 00:00:00 -0500",1,99,"B002",163864,,,," ",7,"GLP",28.93,1.03,1.21,29.67,5.34,35.01,,,,,,,"LTR"
"B","26-10-2019","2019-10-26 00:00:00 -0500",1,99,"B002",163863,,,," ",7,"GLP",4.13,1.03,1.21,4.24,0.76,5.00,,,,,,,"LTR"
"B","26-10-2019","2019-10-26 00:00:00 -0500",1,99,"B002",163862,,,," ",7,"GLP",11.57,1.03,1.21,11.86,2.14,14.00,,,,,,,"LTR"
"B","26-10-2019","2019-10-26 00:00:00 -0500",1,99,"B002",163861,,,," ",7,"GLP",18.86,1.03,1.21,19.34,3.48,22.82,,,,,,,"LTR"
"B","26-10-2019","2019-10-26 00:00:00 -0500",1,99,"B002",163860,,,," ",7,"GLP",6.94,1.03,1.21,7.12,1.28,8.40,,,,,,,"LTR"
"B","26-10-2019","2019-10-26 00:00:00 -0500",1,99,"B002",163859,,,," ",4,"Gasohol 98",2,13.13,15.49,26.25,4.73,30.98,,,,,,,"GLL"
"B","26-10-2019","2019-10-26 00:00:00 -0500",1,99,"B002",163858,,,," ",7,"GLP",4.96,1.03,1.21,5.08,0.92,6.00,,,,,,,"LTR"
"B","26-10-2019","2019-10-26 00:00:00 -0500",1,99,"B002",163857,,,," ",7,"GLP",7.85,1.03,1.21,8.05,1.45,9.50,,,,,,,"LTR"
"B","26-10-2019","2019-10-26 00:00:00 -0500",1,99,"B002",163856,,,," ",7,"GLP",8.17,1.03,1.21,8.38,1.51,9.89,,,,,,,"LTR"
"B","26-10-2019","2019-10-26 00:00:00 -0500",1,99,"B002",163855,,,," ",7,"GLP",8.51,1.03,1.21,8.73,1.57,10.30,,,,,,,"LTR"
"B","26-10-2019","2019-10-26 00:00:00 -0500",1,99,"B002",163854,,,," ",7,"GLP",4.96,1.03,1.21,5.08,0.92,6.00,,,,,,,"LTR"
"B","26-10-2019","2019-10-26 00:00:00 -0500",1,99,"B002",163853,,,," ",7,"GLP",8.26,1.03,1.21,8.47,1.53,10.00,,,,,,,"LTR"
"B","26-10-2019","2019-10-26 00:00:00 -0500",1,99,"B002",163852,,,," ",7,"GLP",6.61,1.03,1.21,6.78,1.22,8.00,,,,,,,"LTR"
"B","26-10-2019","2019-10-26 00:00:00 -0500",1,99,"B002",163851,,,," ",7,"GLP",4.13,1.03,1.21,4.24,0.76,5.00,,,,,,,"LTR"
"B","26-10-2019","2019-10-26 00:00:00 -0500",1,99,"B002",163850,,,," ",7,"GLP",8.68,1.03,1.21,8.90,1.60,10.50,,,,,,,"LTR"
"B","26-10-2019","2019-10-26 00:00:00 -0500",1,99,"B002",163849,,,," ",7,"GLP",8.26,1.03,1.21,8.47,1.53,10.00,,,,,,,"LTR"
"B","26-10-2019","2019-10-26 00:00:00 -0500",1,99,"B002",163848,,,," ",7,"GLP",6.61,1.03,1.21,6.78,1.22,8.00,,,,,,,"LTR"
"B","26-10-2019","2019-10-26 00:00:00 -0500",1,99,"B002",163847,,,," ",7,"GLP",10.74,1.03,1.21,11.02,1.98,13.00,,,,,,,"LTR"
"B","26-10-2019","2019-10-26 00:00:00 -0500",1,99,"B002",163846,,,," ",7,"GLP",3.31,1.03,1.21,3.39,0.61,4.00,,,,,,,"LTR"
"B","26-10-2019","2019-10-26 00:00:00 -0500",1,99,"B002",163845,,,," ",7,"GLP",16.53,1.03,1.21,16.95,3.05,20.00,,,,,,,"LTR"
"B","26-10-2019","2019-10-26 00:00:00 -0500",1,99,"B002",163844,,,," ",7,"GLP",8.26,1.03,1.21,8.47,1.53,10.00,,,,,,,"LTR"
"B","26-10-2019","2019-10-26 00:00:00 -0500",1,99,"B002",163843,,,," ",7,"GLP",4.13,1.03,1.21,4.24,0.76,5.00,,,,,,,"LTR"
"B","26-10-2019","2019-10-26 00:00:00 -0500",1,99,"B002",163842,,,," ",7,"GLP",24.79,1.03,1.21,25.42,4.58,30.00,,,,,,,"LTR"
"B","26-10-2019","2019-10-26 00:00:00 -0500",1,99,"B002",163841,,,," ",7,"GLP",10.34,1.03,1.21,10.60,1.91,12.51,,,,,,,"LTR"
"B","26-10-2019","2019-10-26 00:00:00 -0500",1,99,"B002",163840,,,," ",7,"GLP",4.13,1.03,1.21,4.24,0.76,5.00,,,,,,,"LTR"
"B","26-10-2019","2019-10-26 00:00:00 -0500",1,99,"B002",163839,,,," ",7,"GLP",4.13,1.03,1.21,4.24,0.76,5.00,,,,,,,"LTR"
"B","26-10-2019","2019-10-26 00:00:00 -0500",1,99,"B002",163838,,,," ",7,"GLP",7.43,1.03,1.21,7.62,1.37,8.99,,,,,,,"LTR"
"B","26-10-2019","2019-10-26 00:00:00 -0500",1,99,"B002",163837,,,," ",7,"GLP",6.61,1.03,1.21,6.78,1.22,8.00,,,,,,,"LTR"
"B","26-10-2019","2019-10-26 00:00:00 -0500",1,99,"B002",163836,,,," ",7,"GLP",11.57,1.03,1.21,11.86,2.14,14.00,,,,,,,"LTR"
"B","26-10-2019","2019-10-26 00:00:00 -0500",1,99,"B002",163835,,,," ",7,"GLP",11.57,1.03,1.21,11.86,2.14,14.00,,,,,,,"LTR"
"B","26-10-2019","2019-10-26 00:00:00 -0500",1,99,"B002",163834,,,," ",7,"GLP",8.26,1.03,1.21,8.47,1.53,10.00,,,,,,,"LTR"
"B","26-10-2019","2019-10-26 00:00:00 -0500",1,99,"B002",163833,,,," ",7,"GLP",33.06,1.03,1.21,33.90,6.10,40.00,,,,,,,"LTR"
"B","26-10-2019","2019-10-26 00:00:00 -0500",1,99,"B002",163832,,,," ",7,"GLP",20.66,1.03,1.21,21.19,3.81,25.00,,,,,,,"LTR"
"B","26-10-2019","2019-10-26 00:00:00 -0500",1,99,"B002",163831,,,," ",7,"GLP",8.26,1.03,1.21,8.47,1.53,10.00,,,,,,,"LTR"
"B","26-10-2019","2019-10-26 00:00:00 -0500",1,99,"B002",163830,,,," ",7,"GLP",16.53,1.03,1.21,16.95,3.05,20.00,,,,,,,"LTR"
"B","26-10-2019","2019-10-26 00:00:00 -0500",1,99,"B002",163829,,,," ",7,"GLP",4.13,1.03,1.21,4.24,0.76,5.00,,,,,,,"LTR"
"B","26-10-2019","2019-10-26 00:00:00 -0500",1,99,"B002",163828,,,," ",7,"GLP",8.26,1.03,1.21,8.47,1.53,10.00,,,,,,,"LTR"
"B","26-10-2019","2019-10-26 00:00:00 -0500",1,99,"B002",163827,,,," ",7,"GLP",4.13,1.03,1.21,4.24,0.76,5.00,,,,,,,"LTR"
"B","26-10-2019","2019-10-26 00:00:00 -0500",1,99,"B002",163826,,,," ",7,"GLP",6.61,1.03,1.21,6.78,1.22,8.00,,,,,,,"LTR"
"B","26-10-2019","2019-10-26 00:00:00 -0500",1,99,"B002",163825,,,," ",7,"GLP",4.55,1.03,1.21,4.67,0.84,5.51,,,,,,,"LTR"
"B","26-10-2019","2019-10-26 00:00:00 -0500",1,99,"B002",163824,,,," ",7,"GLP",3.72,1.03,1.21,3.81,0.69,4.50,,,,,,,"LTR"
"B","26-10-2019","2019-10-26 00:00:00 -0500",1,99,"B002",163823,,,," ",7,"GLP",8.26,1.03,1.21,8.47,1.53,10.00,,,,,,,"LTR"
"B","26-10-2019","2019-10-26 00:00:00 -0500",1,99,"B002",163822,,,," ",7,"GLP",9.92,1.03,1.21,10.17,1.83,12.00,,,,,,,"LTR"
"B","26-10-2019","2019-10-26 00:00:00 -0500",1,99,"B002",163821,,,," ",7,"GLP",5.79,1.03,1.21,5.93,1.07,7.00,,,,,,,"LTR"
"B","26-10-2019","2019-10-26 00:00:00 -0500",1,99,"B002",163820,,,," ",2,"Gasohol 90",1.58,10.75,12.69,16.95,3.05,20.00,,,,,,,"GLL"
"B","26-10-2019","2019-10-26 00:00:00 -0500",1,99,"B002",163819,,,," ",7,"GLP",8.26,1.03,1.21,8.47,1.53,10.00,,,,,,,"LTR"
"B","26-10-2019","2019-10-26 00:00:00 -0500",1,99,"B002",163818,,,," ",7,"GLP",4.13,1.03,1.21,4.24,0.76,5.00,,,,,,,"LTR"
"B","26-10-2019","2019-10-26 00:00:00 -0500",1,99,"B002",163817,,,," ",7,"GLP",8.26,1.03,1.21,8.47,1.53,10.00,,,,,,,"LTR"
"B","26-10-2019","2019-10-26 00:00:00 -0500",1,99,"B002",163816,,,," ",7,"GLP",20.66,1.03,1.21,21.19,3.81,25.00,,,,,,,"LTR"
"B","26-10-2019","2019-10-26 00:00:00 -0500",1,99,"B002",163815,,,," ",7,"GLP",5.79,1.03,1.21,5.93,1.07,7.00,,,,,,,"LTR"
"B","26-10-2019","2019-10-26 00:00:00 -0500",1,99,"B002",163814,,,," ",7,"GLP",1.31,1.03,1.21,1.35,0.24,1.59,,,,,,,"LTR"
"B","26-10-2019","2019-10-26 00:00:00 -0500",1,99,"B002",163813,,,," ",7,"GLP",8.26,1.03,1.21,8.47,1.53,10.00,,,,,,,"LTR"
"B","26-10-2019","2019-10-26 00:00:00 -0500",1,99,"B002",163812,,,," ",7,"GLP",8.26,1.03,1.21,8.47,1.53,10.00,,,,,,,"LTR"
"B","26-10-2019","2019-10-26 00:00:00 -0500",1,99,"B002",163811,,,," ",7,"GLP",8.26,1.03,1.21,8.47,1.53,10.00,,,,,,,"LTR"
"B","26-10-2019","2019-10-26 00:00:00 -0500",1,99,"B002",163810,,,," ",2,"Gasohol 90",3.94,10.75,12.69,42.37,7.63,50.00,,,,,,,"GLL"
"B","26-10-2019","2019-10-26 00:00:00 -0500",1,99,"B002",163809,,,," ",7,"GLP",8.84,1.03,1.21,9.07,1.63,10.70,,,,,,,"LTR"
"B","26-10-2019","2019-10-26 00:00:00 -0500",1,99,"B002",163808,,,," ",7,"GLP",4.13,1.03,1.21,4.24,0.76,5.00,,,,,,,"LTR"
"B","26-10-2019","2019-10-26 00:00:00 -0500",1,99,"B002",163807,,,," ",7,"GLP",6.61,1.03,1.21,6.78,1.22,8.00,,,,,,,"LTR"
"B","26-10-2019","2019-10-26 00:00:00 -0500",1,99,"B002",163806,,,," ",7,"GLP",8.84,1.03,1.21,9.07,1.63,10.70,,,,,,,"LTR"
"B","26-10-2019","2019-10-26 00:00:00 -0500",1,99,"B002",163805,,,," ",7,"GLP",9.26,1.03,1.21,9.50,1.71,11.21,,,,,,,"LTR"
"B","26-10-2019","2019-10-26 00:00:00 -0500",1,99,"B002",163804,,,," ",7,"GLP",8.26,1.03,1.21,8.47,1.53,10.00,,,,,,,"LTR"
"B","26-10-2019","2019-10-26 00:00:00 -0500",1,99,"B002",163803,,,," ",7,"GLP",5.79,1.03,1.21,5.93,1.07,7.00,,,,,,,"LTR"
"B","26-10-2019","2019-10-26 00:00:00 -0500",1,99,"B002",163802,,,," ",7,"GLP",8.26,1.03,1.21,8.47,1.53,10.00,,,,,,,"LTR"
"B","26-10-2019","2019-10-26 00:00:00 -0500",1,99,"B002",163801,,,," ",7,"GLP",31.49,1.03,1.21,32.29,5.81,38.10,,,,,,,"LTR"
"B","26-10-2019","2019-10-26 00:00:00 -0500",1,99,"B002",163800,,,," ",7,"GLP",9.92,1.03,1.21,10.17,1.83,12.00,,,,,,,"LTR"
"B","26-10-2019","2019-10-26 00:00:00 -0500",1,99,"B002",163799,,,," ",7,"GLP",12.8,1.03,1.21,13.13,2.36,15.49,,,,,,,"LTR"
"B","26-10-2019","2019-10-26 00:00:00 -0500",1,99,"B002",163798,,,," ",7,"GLP",8.26,1.03,1.21,8.47,1.53,10.00,,,,,,,"LTR"
"B","26-10-2019","2019-10-26 00:00:00 -0500",1,99,"B002",163797,,,," ",7,"GLP",4.13,1.03,1.21,4.24,0.76,5.00,,,,,,,"LTR"
"B","26-10-2019","2019-10-26 00:00:00 -0500",1,99,"B002",163796,,,," ",7,"GLP",8.26,1.03,1.21,8.47,1.53,10.00,,,,,,,"LTR"
"B","26-10-2019","2019-10-26 00:00:00 -0500",1,99,"B002",163795,,,," ",7,"GLP",12.4,1.03,1.21,12.71,2.29,15.00,,,,,,,"LTR"
"B","26-10-2019","2019-10-26 00:00:00 -0500",1,99,"B002",163794,,,," ",7,"GLP",25.08,1.03,1.21,25.72,4.63,30.35,,,,,,,"LTR"
"B","26-10-2019","2019-10-26 00:00:00 -0500",1,99,"B002",163793,,,," ",7,"GLP",4.13,1.03,1.21,4.24,0.76,5.00,,,,,,,"LTR"
"B","26-10-2019","2019-10-26 00:00:00 -0500",1,99,"B002",163792,,,," ",7,"GLP",24.79,1.03,1.21,25.42,4.58,30.00,,,,,,,"LTR"
"B","26-10-2019","2019-10-26 00:00:00 -0500",1,99,"B002",163791,,,," ",7,"GLP",8.26,1.03,1.21,8.47,1.53,10.00,,,,,,,"LTR"
"B","26-10-2019","2019-10-26 00:00:00 -0500",1,99,"B002",163790,,,," ",7,"GLP",4.13,1.03,1.21,4.24,0.76,5.00,,,,,,,"LTR"
"B","26-10-2019","2019-10-26 00:00:00 -0500",1,99,"B002",163789,,,," ",7,"GLP",9.92,1.03,1.21,10.17,1.83,12.00,,,,,,,"LTR"
"B","26-10-2019","2019-10-26 00:00:00 -0500",1,99,"B002",163788,,,," ",7,"GLP",14.06,1.03,1.21,14.42,2.59,17.01,,,,,,,"LTR"
"B","26-10-2019","2019-10-26 00:00:00 -0500",1,99,"B002",163787,,,," ",7,"GLP",9.92,1.03,1.21,10.17,1.83,12.00,,,,,,,"LTR"
"B","26-10-2019","2019-10-26 00:00:00 -0500",1,99,"B002",163786,,,," ",2,"Gasohol 90",0.39,10.75,12.69,4.24,0.76,5.00,,,,,,,"GLL"
"B","26-10-2019","2019-10-26 00:00:00 -0500",1,99,"B002",163785,,,," ",7,"GLP",8.26,1.03,1.21,8.47,1.53,10.00,,,,,,,"LTR"
"B","26-10-2019","2019-10-26 00:00:00 -0500",1,99,"B002",163784,,,," ",7,"GLP",16.76,1.03,1.21,17.19,3.09,20.28,,,,,,,"LTR"
"B","26-10-2019","2019-10-26 00:00:00 -0500",1,99,"B002",163783,,,," ",7,"GLP",4.96,1.03,1.21,5.08,0.92,6.00,,,,,,,"LTR"
"B","26-10-2019","2019-10-26 00:00:00 -0500",1,99,"B002",163782,,,," ",7,"GLP",5.79,1.03,1.21,5.93,1.07,7.00,,,,,,,"LTR"
"B","26-10-2019","2019-10-26 00:00:00 -0500",1,99,"B002",163781,,,," ",7,"GLP",8.26,1.03,1.21,8.47,1.53,10.00,,,,,,,"LTR"
"B","26-10-2019","2019-10-26 00:00:00 -0500",1,99,"B002",163780,,,," ",7,"GLP",7.44,1.03,1.21,7.63,1.37,9.00,,,,,,,"LTR"
"B","26-10-2019","2019-10-26 00:00:00 -0500",1,99,"B002",163779,,,," ",7,"GLP",6.99,1.03,1.21,7.17,1.29,8.46,,,,,,,"LTR"
"B","26-10-2019","2019-10-26 00:00:00 -0500",1,99,"B002",163778,,,," ",7,"GLP",8.26,1.03,1.21,8.47,1.53,10.00,,,,,,,"LTR"
"B","26-10-2019","2019-10-26 00:00:00 -0500",1,99,"B002",163777,,,," ",7,"GLP",8.26,1.03,1.21,8.47,1.53,10.00,,,,,,,"LTR"
"B","26-10-2019","2019-10-26 00:00:00 -0500",1,99,"B002",163776,,,," ",7,"GLP",9.92,1.03,1.21,10.17,1.83,12.00,,,,,,,"LTR"
"B","26-10-2019","2019-10-26 00:00:00 -0500",1,99,"B002",163775,,,," ",7,"GLP",16.53,1.03,1.21,16.95,3.05,20.00,,,,,,,"LTR"
"B","26-10-2019","2019-10-26 00:00:00 -0500",1,99,"B002",163774,,,," ",7,"GLP",24.79,1.03,1.21,25.42,4.58,30.00,,,,,,,"LTR"
"B","26-10-2019","2019-10-26 00:00:00 -0500",1,99,"B002",163773,,,," ",7,"GLP",16.53,1.03,1.21,16.95,3.05,20.00,,,,,,,"LTR"
"B","26-10-2019","2019-10-26 00:00:00 -0500",1,99,"B002",163772,,,," ",7,"GLP",17.36,1.03,1.21,17.80,3.20,21.00,,,,,,,"LTR"
"B","26-10-2019","2019-10-26 00:00:00 -0500",1,99,"B002",163771,,,," ",7,"GLP",8.26,1.03,1.21,8.47,1.53,10.00,,,,,,,"LTR"
"B","26-10-2019","2019-10-26 00:00:00 -0500",1,99,"B002",163770,,,," ",7,"GLP",9.44,1.03,1.21,9.68,1.74,11.42,,,,,,,"LTR"
"B","26-10-2019","2019-10-26 00:00:00 -0500",1,99,"B002",163769,,,," ",7,"GLP",6.61,1.03,1.21,6.78,1.22,8.00,,,,,,,"LTR"
"B","26-10-2019","2019-10-26 00:00:00 -0500",1,99,"B002",163768,,,," ",7,"GLP",5.79,1.03,1.21,5.93,1.07,7.00,,,,,,,"LTR"
"B","26-10-2019","2019-10-26 00:00:00 -0500",1,99,"B002",163767,,,," ",7,"GLP",16.53,1.03,1.21,16.95,3.05,20.00,,,,,,,"LTR"
"B","26-10-2019","2019-10-26 00:00:00 -0500",1,99,"B002",163766,,,," ",7,"GLP",4.13,1.03,1.21,4.24,0.76,5.00,,,,,,,"LTR"
"B","26-10-2019","2019-10-26 00:00:00 -0500",1,99,"B002",163765,,,," ",7,"GLP",26.45,1.03,1.21,27.12,4.88,32.00,,,,,,,"LTR"
"B","26-10-2019","2019-10-26 00:00:00 -0500",1,99,"B002",163764,,,," ",7,"GLP",8.26,1.03,1.21,8.47,1.53,10.00,,,,,,,"LTR"
"B","26-10-2019","2019-10-26 00:00:00 -0500",1,99,"B002",163763,,,," ",7,"GLP",12.4,1.03,1.21,12.71,2.29,15.00,,,,,,,"LTR"
"B","26-10-2019","2019-10-26 00:00:00 -0500",1,99,"B002",163762,,,," ",7,"GLP",20.65,1.03,1.21,21.18,3.81,24.99,,,,,,,"LTR"
"B","26-10-2019","2019-10-26 00:00:00 -0500",1,99,"B002",163761,,,," ",7,"GLP",5.79,1.03,1.21,5.93,1.07,7.00,,,,,,,"LTR"
"B","26-10-2019","2019-10-26 00:00:00 -0500",1,99,"B002",163760,,,," ",7,"GLP",9.09,1.03,1.21,9.32,1.68,11.00,,,,,,,"LTR"
"B","26-10-2019","2019-10-26 00:00:00 -0500",1,99,"B002",163759,,,," ",7,"GLP",8.26,1.03,1.21,8.47,1.53,10.00,,,,,,,"LTR"
"B","26-10-2019","2019-10-26 00:00:00 -0500",1,99,"B002",163758,,,," ",7,"GLP",4.13,1.03,1.21,4.24,0.76,5.00,,,,,,,"LTR"
"B","26-10-2019","2019-10-26 00:00:00 -0500",1,99,"B002",163757,,,," ",7,"GLP",6.61,1.03,1.21,6.78,1.22,8.00,,,,,,,"LTR"
"B","26-10-2019","2019-10-26 00:00:00 -0500",1,99,"B002",163756,,,," ",7,"GLP",21.48,1.03,1.21,22.03,3.96,25.99,,,,,,,"LTR"
"B","26-10-2019","2019-10-26 00:00:00 -0500",1,99,"B002",163755,,,," ",7,"GLP",9.26,1.03,1.21,9.49,1.71,11.20,,,,,,,"LTR"
"B","26-10-2019","2019-10-26 00:00:00 -0500",1,99,"B002",163754,,,," ",7,"GLP",8.26,1.03,1.21,8.47,1.53,10.00,,,,,,,"LTR"
"B","26-10-2019","2019-10-26 00:00:00 -0500",1,99,"B002",163753,,,," ",7,"GLP",7.03,1.03,1.21,7.21,1.30,8.51,,,,,,,"LTR"
"B","26-10-2019","2019-10-26 00:00:00 -0500",1,99,"B002",163752,,,," ",7,"GLP",20.06,1.03,1.21,20.57,3.70,24.27,,,,,,,"LTR"
"B","26-10-2019","2019-10-26 00:00:00 -0500",1,99,"B002",163751,,,," ",7,"GLP",16.53,1.03,1.21,16.95,3.05,20.00,,,,,,,"LTR"
"B","26-10-2019","2019-10-26 00:00:00 -0500",1,99,"B002",163750,,,," ",7,"GLP",8.26,1.03,1.21,8.47,1.53,10.00,,,,,,,"LTR"
"B","26-10-2019","2019-10-26 00:00:00 -0500",1,99,"B002",163749,,,," ",7,"GLP",18.18,1.03,1.21,18.64,3.36,22.00,,,,,,,"LTR"
"B","26-10-2019","2019-10-26 00:00:00 -0500",1,99,"B002",163748,,,," ",7,"GLP",11.14,1.03,1.21,11.42,2.06,13.48,,,,,,,"LTR"
"B","26-10-2019","2019-10-26 00:00:00 -0500",1,99,"B002",163747,,,," ",7,"GLP",12.4,1.03,1.21,12.71,2.29,15.00,,,,,,,"LTR"
"B","26-10-2019","2019-10-26 00:00:00 -0500",1,99,"B002",163746,,,," ",7,"GLP",4.13,1.03,1.21,4.24,0.76,5.00,,,,,,,"LTR"
"B","26-10-2019","2019-10-26 00:00:00 -0500",1,99,"B002",163745,,,," ",7,"GLP",16.53,1.03,1.21,16.95,3.05,20.00,,,,,,,"LTR"
"B","26-10-2019","2019-10-26 00:00:00 -0500",1,99,"B002",163744,,,," ",7,"GLP",4.13,1.03,1.21,4.24,0.76,5.00,,,,,,,"LTR"
"B","26-10-2019","2019-10-26 00:00:00 -0500",1,99,"B002",163743,,,," ",7,"GLP",4.13,1.03,1.21,4.24,0.76,5.00,,,,,,,"LTR"
"B","26-10-2019","2019-10-26 00:00:00 -0500",1,99,"B002",163742,,,," ",7,"GLP",16.6,1.03,1.21,17.03,3.06,20.09,,,,,,,"LTR"
"B","26-10-2019","2019-10-26 00:00:00 -0500",1,99,"B002",163741,,,," ",7,"GLP",7.84,1.03,1.21,8.03,1.45,9.48,,,,,,,"LTR"
"B","26-10-2019","2019-10-26 00:00:00 -0500",1,99,"B002",163740,,,," ",7,"GLP",11.57,1.03,1.21,11.86,2.14,14.00,,,,,,,"LTR"
"B","26-10-2019","2019-10-26 00:00:00 -0500",1,99,"B002",163739,,,," ",7,"GLP",8.26,1.03,1.21,8.47,1.53,10.00,,,,,,,"LTR"
"B","26-10-2019","2019-10-26 00:00:00 -0500",1,99,"B002",163738,,,," ",7,"GLP",4.96,1.03,1.21,5.08,0.92,6.00,,,,,,,"LTR"
"B","26-10-2019","2019-10-26 00:00:00 -0500",1,99,"B002",163737,,,," ",7,"GLP",4.13,1.03,1.21,4.24,0.76,5.00,,,,,,,"LTR"
"B","26-10-2019","2019-10-26 00:00:00 -0500",1,99,"B002",163736,,,," ",7,"GLP",5.79,1.03,1.21,5.93,1.07,7.00,,,,,,,"LTR"
"B","26-10-2019","2019-10-26 00:00:00 -0500",1,99,"B002",163735,,,," ",7,"GLP",4.13,1.03,1.21,4.24,0.76,5.00,,,,,,,"LTR"
"B","26-10-2019","2019-10-26 00:00:00 -0500",1,99,"B002",163734,,,," ",7,"GLP",8.26,1.03,1.21,8.47,1.53,10.00,,,,,,,"LTR"
"B","26-10-2019","2019-10-26 00:00:00 -0500",1,99,"B002",163733,,,," ",7,"GLP",4.13,1.03,1.21,4.24,0.76,5.00,,,,,,,"LTR"
"B","26-10-2019","2019-10-26 00:00:00 -0500",1,99,"B002",163732,,,," ",7,"GLP",5.79,1.03,1.21,5.93,1.07,7.00,,,,,,,"LTR"
"B","26-10-2019","2019-10-26 00:00:00 -0500",1,99,"B002",163731,,,," ",7,"GLP",14.91,1.03,1.21,15.29,2.75,18.04,,,,,,,"LTR"
"B","26-10-2019","2019-10-26 00:00:00 -0500",1,99,"B002",163730,,,," ",7,"GLP",4.13,1.03,1.21,4.24,0.76,5.00,,,,,,,"LTR"
"B","26-10-2019","2019-10-26 00:00:00 -0500",1,99,"B002",163729,,,," ",7,"GLP",9.92,1.03,1.21,10.17,1.83,12.00,,,,,,,"LTR"
"B","26-10-2019","2019-10-26 00:00:00 -0500",1,99,"B002",163728,,,," ",7,"GLP",4.13,1.03,1.21,4.24,0.76,5.00,,,,,,,"LTR"
"B","26-10-2019","2019-10-26 00:00:00 -0500",1,99,"B002",163727,,,," ",7,"GLP",9.84,1.03,1.21,10.08,1.82,11.90,,,,,,,"LTR"
"B","26-10-2019","2019-10-26 00:00:00 -0500",1,99,"B002",163726,,,," ",7,"GLP",8.26,1.03,1.21,8.47,1.53,10.00,,,,,,,"LTR"
"B","26-10-2019","2019-10-26 00:00:00 -0500",1,99,"B002",163725,,,," ",7,"GLP",4.96,1.03,1.21,5.08,0.92,6.00,,,,,,,"LTR"
"B","26-10-2019","2019-10-26 00:00:00 -0500",1,99,"B002",163724,,,," ",7,"GLP",8.26,1.03,1.21,8.47,1.53,10.00,,,,,,,"LTR"
"B","26-10-2019","2019-10-26 00:00:00 -0500",1,99,"B002",163723,,,," ",7,"GLP",6.61,1.03,1.21,6.78,1.22,8.00,,,,,,,"LTR"
"B","26-10-2019","2019-10-26 00:00:00 -0500",1,99,"B002",163722,,,," ",7,"GLP",4.96,1.03,1.21,5.08,0.92,6.00,,,,,,,"LTR"
"B","26-10-2019","2019-10-26 00:00:00 -0500",1,99,"B002",163721,,,," ",7,"GLP",12.4,1.03,1.21,12.71,2.29,15.00,,,,,,,"LTR"
"B","26-10-2019","2019-10-26 00:00:00 -0500",1,99,"B002",163720,,,," ",7,"GLP",12.29,1.03,1.21,12.60,2.27,14.87,,,,,,,"LTR"
"B","26-10-2019","2019-10-26 00:00:00 -0500",1,99,"B002",163719,,,," ",7,"GLP",5.79,1.03,1.21,5.93,1.07,7.00,,,,,,,"LTR"
"B","26-10-2019","2019-10-26 00:00:00 -0500",1,99,"B002",163718,,,," ",7,"GLP",5.79,1.03,1.21,5.93,1.07,7.00,,,,,,,"LTR"
"B","26-10-2019","2019-10-26 00:00:00 -0500",1,99,"B002",163717,,,," ",2,"Gasohol 90",1.97,10.75,12.69,21.19,3.81,25.00,,,,,,,"GLL"
"B","26-10-2019","2019-10-26 00:00:00 -0500",1,99,"B002",163716,,,," ",7,"GLP",13.22,1.03,1.21,13.56,2.44,16.00,,,,,,,"LTR"
"B","26-10-2019","2019-10-26 00:00:00 -0500",1,99,"B002",163715,,,," ",7,"GLP",4.13,1.03,1.21,4.24,0.76,5.00,,,,,,,"LTR"
"B","26-10-2019","2019-10-26 00:00:00 -0500",1,99,"B002",163714,,,," ",7,"GLP",4.13,1.03,1.21,4.24,0.76,5.00,,,,,,,"LTR"
"B","26-10-2019","2019-10-26 00:00:00 -0500",1,99,"B002",163713,,,," ",7,"GLP",4.13,1.03,1.21,4.24,0.76,5.00,,,,,,,"LTR"
"B","26-10-2019","2019-10-26 00:00:00 -0500",1,99,"B002",163712,,,," ",7,"GLP",6.61,1.03,1.21,6.78,1.22,8.00,,,,,,,"LTR"
"B","26-10-2019","2019-10-26 00:00:00 -0500",1,99,"B002",163711,,,," ",7,"GLP",8.26,1.03,1.21,8.47,1.53,10.00,,,,,,,"LTR"
"B","26-10-2019","2019-10-26 00:00:00 -0500",1,99,"B002",163710,,,," ",7,"GLP",16.53,1.03,1.21,16.95,3.05,20.00,,,,,,,"LTR"
"B","26-10-2019","2019-10-26 00:00:00 -0500",1,99,"B002",163709,,,," ",7,"GLP",8.26,1.03,1.21,8.47,1.53,10.00,,,,,,,"LTR"
"B","26-10-2019","2019-10-26 00:00:00 -0500",1,99,"B002",163708,,,," ",7,"GLP",4.13,1.03,1.21,4.24,0.76,5.00,,,,,,,"LTR"
"B","26-10-2019","2019-10-26 00:00:00 -0500",1,99,"B002",163707,,,," ",7,"GLP",8.26,1.03,1.21,8.47,1.53,10.00,,,,,,,"LTR"
"B","26-10-2019","2019-10-26 00:00:00 -0500",1,99,"B002",163706,,,," ",7,"GLP",5.79,1.03,1.21,5.93,1.07,7.00,,,,,,,"LTR"
"B","26-10-2019","2019-10-26 00:00:00 -0500",1,99,"B002",163705,,,," ",7,"GLP",4.13,1.03,1.21,4.24,0.76,5.00,,,,,,,"LTR"
"B","26-10-2019","2019-10-26 00:00:00 -0500",1,99,"B002",163704,,,," ",4,"Gasohol 98",1.94,13.13,15.49,25.42,4.58,30.00,,,,,,,"GLL"
"B","26-10-2019","2019-10-26 00:00:00 -0500",1,99,"B002",163703,,,," ",7,"GLP",11.98,1.03,1.21,12.28,2.21,14.49,,,,,,,"LTR"
"B","26-10-2019","2019-10-26 00:00:00 -0500",1,99,"B002",163702,,,," ",7,"GLP",12.4,1.03,1.21,12.71,2.29,15.00,,,,,,,"LTR"
"B","26-10-2019","2019-10-26 00:00:00 -0500",1,99,"B002",163701,,,," ",7,"GLP",28.93,1.03,1.21,29.66,5.34,35.00,,,,,,,"LTR"
"B","26-10-2019","2019-10-26 00:00:00 -0500",1,99,"B002",163700,,,," ",7,"GLP",3.31,1.03,1.21,3.39,0.61,4.00,,,,,,,"LTR"
"B","26-10-2019","2019-10-26 00:00:00 -0500",1,99,"B002",163699,,,," ",7,"GLP",9.92,1.03,1.21,10.17,1.83,12.00,,,,,,,"LTR"
"B","26-10-2019","2019-10-26 00:00:00 -0500",1,99,"B002",163698,,,," ",7,"GLP",4.13,1.03,1.21,4.24,0.76,5.00,,,,,,,"LTR"
"B","26-10-2019","2019-10-26 00:00:00 -0500",1,99,"B002",163697,,,," ",7,"GLP",8.26,1.03,1.21,8.47,1.53,10.00,,,,,,,"LTR"
"B","26-10-2019","2019-10-26 00:00:00 -0500",1,99,"B002",163696,,,," ",7,"GLP",5.79,1.03,1.21,5.93,1.07,7.00,,,,,,,"LTR"
"B","26-10-2019","2019-10-26 00:00:00 -0500",1,99,"B002",163695,,,," ",7,"GLP",16.53,1.03,1.21,16.95,3.05,20.00,,,,,,,"LTR"
"B","26-10-2019","2019-10-26 00:00:00 -0500",1,99,"B002",163694,,,," ",7,"GLP",8.26,1.03,1.21,8.47,1.53,10.00,,,,,,,"LTR"
"B","26-10-2019","2019-10-26 00:00:00 -0500",1,99,"B002",163693,,,," ",2,"Gasohol 90",0.79,10.75,12.69,8.47,1.53,10.00,,,,,,,"GLL"
"B","26-10-2019","2019-10-26 00:00:00 -0500",1,99,"B002",163692,,,," ",7,"GLP",15.04,1.03,1.21,15.42,2.78,18.20,,,,,,,"LTR"
"B","26-10-2019","2019-10-26 00:00:00 -0500",1,99,"B002",163691,,,," ",7,"GLP",16.53,1.03,1.21,16.95,3.05,20.00,,,,,,,"LTR"
"B","26-10-2019","2019-10-26 00:00:00 -0500",1,99,"B002",163690,,,," ",7,"GLP",27.93,1.03,1.21,28.64,5.16,33.80,,,,,,,"LTR"
"B","26-10-2019","2019-10-26 00:00:00 -0500",1,99,"B002",163689,,,," ",7,"GLP",6.61,1.03,1.21,6.78,1.22,8.00,,,,,,,"LTR"
"B","26-10-2019","2019-10-26 00:00:00 -0500",1,99,"B002",163688,,,," ",7,"GLP",5.79,1.03,1.21,5.93,1.07,7.00,,,,,,,"LTR"
"B","26-10-2019","2019-10-26 00:00:00 -0500",1,99,"B002",163687,,,," ",7,"GLP",16.53,1.03,1.21,16.95,3.05,20.00,,,,,,,"LTR"
"B","26-10-2019","2019-10-26 00:00:00 -0500",1,99,"B002",163686,,,," ",7,"GLP",6.94,1.03,1.21,7.12,1.28,8.40,,,,,,,"LTR"
"B","26-10-2019","2019-10-26 00:00:00 -0500",1,99,"B002",163685,,,," ",7,"GLP",8.26,1.03,1.21,8.47,1.53,10.00,,,,,,,"LTR"
"B","26-10-2019","2019-10-26 00:00:00 -0500",1,99,"B002",163684,,,," ",7,"GLP",8.26,1.03,1.21,8.47,1.53,10.00,,,,,,,"LTR"
"B","26-10-2019","2019-10-26 00:00:00 -0500",1,99,"B002",163683,,,," ",7,"GLP",4.13,1.03,1.21,4.24,0.76,5.00,,,,,,,"LTR"
"B","26-10-2019","2019-10-26 00:00:00 -0500",1,99,"B002",163682,,,," ",7,"GLP",4.13,1.03,1.21,4.24,0.76,5.00,,,,,,,"LTR"
"B","26-10-2019","2019-10-26 00:00:00 -0500",1,99,"B002",163681,,,," ",7,"GLP",7.79,1.03,1.21,7.98,1.44,9.42,,,,,,,"LTR"
"B","26-10-2019","2019-10-26 00:00:00 -0500",1,99,"B002",163680,,,," ",7,"GLP",6.61,1.03,1.21,6.78,1.22,8.00,,,,,,,"LTR"
"B","26-10-2019","2019-10-26 00:00:00 -0500",1,99,"B002",163679,,,," ",7,"GLP",4.13,1.03,1.21,4.24,0.76,5.00,,,,,,,"LTR"
"B","26-10-2019","2019-10-26 00:00:00 -0500",1,99,"B002",163678,,,," ",7,"GLP",7.03,1.03,1.21,7.20,1.30,8.50,,,,,,,"LTR"
"B","26-10-2019","2019-10-26 00:00:00 -0500",1,99,"B002",163677,,,," ",7,"GLP",5.97,1.03,1.21,6.12,1.10,7.22,,,,,,,"LTR"
"B","26-10-2019","2019-10-26 00:00:00 -0500",1,99,"B002",163676,,,," ",7,"GLP",4.13,1.03,1.21,4.24,0.76,5.00,,,,,,,"LTR"
"B","26-10-2019","2019-10-26 00:00:00 -0500",1,99,"B002",163675,,,," ",7,"GLP",8.26,1.03,1.21,8.47,1.53,10.00,,,,,,,"LTR"
"B","26-10-2019","2019-10-26 00:00:00 -0500",1,99,"B002",163674,,,," ",7,"GLP",5.79,1.03,1.21,5.93,1.07,7.00,,,,,,,"LTR"
"B","26-10-2019","2019-10-26 00:00:00 -0500",1,99,"B002",163673,,,," ",7,"GLP",4.13,1.03,1.21,4.24,0.76,5.00,,,,,,,"LTR"
"B","26-10-2019","2019-10-26 00:00:00 -0500",1,99,"B002",163672,,,," ",7,"GLP",8.26,1.03,1.21,8.47,1.53,10.00,,,,,,,"LTR"
"B","26-10-2019","2019-10-26 00:00:00 -0500",1,99,"B002",163671,,,," ",4,"Gasohol 98",1.94,13.13,15.49,25.42,4.58,30.00,,,,,,,"GLL"
"B","26-10-2019","2019-10-26 00:00:00 -0500",1,99,"B002",163670,,,," ",7,"GLP",12.4,1.03,1.21,12.71,2.29,15.00,,,,,,,"LTR"
"B","26-10-2019","2019-10-26 00:00:00 -0500",1,99,"B002",163669,,,," ",7,"GLP",4.96,1.03,1.21,5.08,0.92,6.00,,,,,,,"LTR"
"B","26-10-2019","2019-10-26 00:00:00 -0500",1,99,"B002",163668,,,," ",7,"GLP",8.26,1.03,1.21,8.47,1.53,10.00,,,,,,,"LTR"
"B","26-10-2019","2019-10-26 00:00:00 -0500",1,99,"B002",163667,,,," ",7,"GLP",9.09,1.03,1.21,9.32,1.68,11.00,,,,,,,"LTR"
"B","26-10-2019","2019-10-26 00:00:00 -0500",1,99,"B002",163666,,,," ",7,"GLP",4.71,1.03,1.21,4.83,0.87,5.70,,,,,,,"LTR"
"B","26-10-2019","2019-10-26 00:00:00 -0500",1,99,"B002",163665,,,," ",7,"GLP",9.34,1.03,1.21,9.58,1.72,11.30,,,,,,,"LTR"
"B","26-10-2019","2019-10-26 00:00:00 -0500",1,99,"B002",163664,,,," ",2,"Gasohol 90",0.79,10.75,12.69,8.47,1.53,10.00,,,,,,,"GLL"
"B","26-10-2019","2019-10-26 00:00:00 -0500",1,99,"B002",163663,,,," ",7,"GLP",8.26,1.03,1.21,8.47,1.53,10.00,,,,,,,"LTR"
"B","26-10-2019","2019-10-26 00:00:00 -0500",1,99,"B002",163662,,,," ",7,"GLP",4.13,1.03,1.21,4.24,0.76,5.00,,,,,,,"LTR"
"B","26-10-2019","2019-10-26 00:00:00 -0500",1,99,"B002",163661,,,," ",7,"GLP",11.35,1.03,1.21,11.64,2.09,13.73,,,,,,,"LTR"
"B","26-10-2019","2019-10-26 00:00:00 -0500",1,99,"B002",163660,,,," ",7,"GLP",8.26,1.03,1.21,8.47,1.53,10.00,,,,,,,"LTR"
"B","26-10-2019","2019-10-26 00:00:00 -0500",1,99,"B002",163659,,,," ",7,"GLP",8.26,1.03,1.21,8.47,1.53,10.00,,,,,,,"LTR"
"B","26-10-2019","2019-10-26 00:00:00 -0500",1,99,"B002",163658,,,," ",7,"GLP",8.26,1.03,1.21,8.47,1.53,10.00,,,,,,,"LTR"
"B","26-10-2019","2019-10-26 00:00:00 -0500",1,99,"B002",163657,,,," ",7,"GLP",13.26,1.03,1.21,13.59,2.45,16.04,,,,,,,"LTR"
"B","26-10-2019","2019-10-26 00:00:00 -0500",1,99,"B002",163656,,,," ",7,"GLP",16.53,1.03,1.21,16.95,3.05,20.00,,,,,,,"LTR"
"B","26-10-2019","2019-10-26 00:00:00 -0500",1,99,"B002",163655,,,," ",7,"GLP",9.92,1.03,1.21,10.17,1.83,12.00,,,,,,,"LTR"
"B","26-10-2019","2019-10-26 00:00:00 -0500",1,99,"B002",163654,,,," ",7,"GLP",4.96,1.03,1.21,5.08,0.92,6.00,,,,,,,"LTR"
"B","26-10-2019","2019-10-26 00:00:00 -0500",1,99,"B002",163653,,,," ",7,"GLP",8.1,1.03,1.21,8.31,1.49,9.80,,,,,,,"LTR"
"B","26-10-2019","2019-10-26 00:00:00 -0500",1,99,"B002",163652,,,," ",7,"GLP",4.96,1.03,1.21,5.08,0.92,6.00,,,,,,,"LTR"
"B","26-10-2019","2019-10-26 00:00:00 -0500",1,99,"B002",163651,,,," ",7,"GLP",38.84,1.03,1.21,39.83,7.17,47.00,,,,,,,"LTR"
"B","26-10-2019","2019-10-26 00:00:00 -0500",1,99,"B002",163650,,,," ",7,"GLP",19.73,1.03,1.21,20.23,3.64,23.87,,,,,,,"LTR"
"B","26-10-2019","2019-10-26 00:00:00 -0500",1,99,"B002",163649,,,," ",7,"GLP",17.36,1.03,1.21,17.81,3.20,21.01,,,,,,,"LTR"
"B","26-10-2019","2019-10-26 00:00:00 -0500",1,99,"B002",163648,,,," ",7,"GLP",10.1,1.03,1.21,10.36,1.86,12.22,,,,,,,"LTR"
"B","26-10-2019","2019-10-26 00:00:00 -0500",1,99,"B002",163647,,,," ",7,"GLP",16.53,1.03,1.21,16.95,3.05,20.00,,,,,,,"LTR"
"B","26-10-2019","2019-10-26 00:00:00 -0500",1,99,"B002",163646,,,," ",7,"GLP",9.09,1.03,1.21,9.32,1.68,11.00,,,,,,,"LTR"
"B","26-10-2019","2019-10-26 00:00:00 -0500",1,99,"B002",163645,,,," ",7,"GLP",16.53,1.03,1.21,16.95,3.05,20.00,,,,,,,"LTR"
"B","26-10-2019","2019-10-26 00:00:00 -0500",1,99,"B002",163644,,,," ",7,"GLP",8.26,1.03,1.21,8.47,1.53,10.00,,,,,,,"LTR"
"B","26-10-2019","2019-10-26 00:00:00 -0500",1,99,"B002",163643,,,," ",7,"GLP",9.92,1.03,1.21,10.17,1.83,12.00,,,,,,,"LTR"
"B","26-10-2019","2019-10-26 00:00:00 -0500",1,99,"B002",163642,,,," ",7,"GLP",5.79,1.03,1.21,5.93,1.07,7.00,,,,,,,"LTR"
"B","26-10-2019","2019-10-26 00:00:00 -0500",1,99,"B002",163641,,,," ",7,"GLP",8.26,1.03,1.21,8.47,1.53,10.00,,,,,,,"LTR"
"B","26-10-2019","2019-10-26 00:00:00 -0500",1,99,"B002",163640,,,," ",7,"GLP",12.4,1.03,1.21,12.71,2.29,15.00,,,,,,,"LTR"
"B","26-10-2019","2019-10-26 00:00:00 -0500",1,99,"B002",163639,,,," ",7,"GLP",16.53,1.03,1.21,16.95,3.05,20.00,,,,,,,"LTR"
"B","26-10-2019","2019-10-26 00:00:00 -0500",1,99,"B002",163638,,,," ",7,"GLP",8.26,1.03,1.21,8.47,1.53,10.00,,,,,,,"LTR"
"B","26-10-2019","2019-10-26 00:00:00 -0500",1,99,"B002",163637,,,," ",7,"GLP",8.26,1.03,1.21,8.47,1.53,10.00,,,,,,,"LTR"
"B","26-10-2019","2019-10-26 00:00:00 -0500",1,99,"B002",163636,,,," ",7,"GLP",4.13,1.03,1.21,4.24,0.76,5.00,,,,,,,"LTR"
"B","26-10-2019","2019-10-26 00:00:00 -0500",1,99,"B002",163635,,,," ",7,"GLP",9.92,1.03,1.21,10.17,1.83,12.00,,,,,,,"LTR"
"B","26-10-2019","2019-10-26 00:00:00 -0500",1,99,"B002",163634,,,," ",7,"GLP",4.13,1.03,1.21,4.24,0.76,5.00,,,,,,,"LTR"
"B","26-10-2019","2019-10-26 00:00:00 -0500",1,99,"B002",163633,,,," ",7,"GLP",8.26,1.03,1.21,8.47,1.53,10.00,,,,,,,"LTR"
"B","26-10-2019","2019-10-26 00:00:00 -0500",1,99,"B002",163632,,,," ",7,"GLP",4.13,1.03,1.21,4.24,0.76,5.00,,,,,,,"LTR"
"B","26-10-2019","2019-10-26 00:00:00 -0500",1,99,"B002",163631,,,," ",7,"GLP",6.99,1.03,1.21,7.17,1.29,8.46,,,,,,,"LTR"
"B","26-10-2019","2019-10-26 00:00:00 -0500",1,99,"B002",163630,,,," ",7,"GLP",8.26,1.03,1.21,8.47,1.53,10.00,,,,,,,"LTR"
"B","26-10-2019","2019-10-26 00:00:00 -0500",1,99,"B002",163629,,,," ",7,"GLP",4.13,1.03,1.21,4.24,0.76,5.00,,,,,,,"LTR"
"B","26-10-2019","2019-10-26 00:00:00 -0500",1,99,"B002",163628,,,," ",7,"GLP",11.1,1.03,1.21,11.38,2.05,13.43,,,,,,,"LTR"
"B","26-10-2019","2019-10-26 00:00:00 -0500",1,99,"B002",163627,,,," ",7,"GLP",8.68,1.03,1.21,8.90,1.60,10.50,,,,,,,"LTR"
"B","26-10-2019","2019-10-26 00:00:00 -0500",1,99,"B002",163626,,,," ",7,"GLP",10.34,1.03,1.21,10.60,1.91,12.51,,,,,,,"LTR"
"B","26-10-2019","2019-10-26 00:00:00 -0500",1,99,"B002",163625,,,," ",7,"GLP",4.13,1.03,1.21,4.24,0.76,5.00,,,,,,,"LTR"
"B","26-10-2019","2019-10-26 00:00:00 -0500",1,99,"B002",163624,,,," ",7,"GLP",4.13,1.03,1.21,4.24,0.76,5.00,,,,,,,"LTR"
"B","26-10-2019","2019-10-26 00:00:00 -0500",1,99,"B002",163623,,,," ",7,"GLP",4.96,1.03,1.21,5.08,0.92,6.00,,,,,,,"LTR"
"B","26-10-2019","2019-10-26 00:00:00 -0500",1,99,"B002",163622,,,," ",7,"GLP",12.4,1.03,1.21,12.71,2.29,15.00,,,,,,,"LTR"
"B","26-10-2019","2019-10-26 00:00:00 -0500",1,99,"B002",163621,,,," ",7,"GLP",9.7,1.03,1.21,9.95,1.79,11.74,,,,,,,"LTR"
"B","26-10-2019","2019-10-26 00:00:00 -0500",1,99,"B002",163620,,,," ",7,"GLP",16.53,1.03,1.21,16.95,3.05,20.00,,,,,,,"LTR"
"B","26-10-2019","2019-10-26 00:00:00 -0500",1,99,"B002",163619,,,," ",7,"GLP",9.68,1.03,1.21,9.92,1.79,11.71,,,,,,,"LTR"
"B","26-10-2019","2019-10-26 00:00:00 -0500",1,99,"B002",163618,,,," ",7,"GLP",8.26,1.03,1.21,8.47,1.53,10.00,,,,,,,"LTR"
"B","26-10-2019","2019-10-26 00:00:00 -0500",1,99,"B002",163617,,,," ",7,"GLP",8.26,1.03,1.21,8.47,1.53,10.00,,,,,,,"LTR"
"B","26-10-2019","2019-10-26 00:00:00 -0500",1,99,"B002",163616,,,," ",7,"GLP",8.26,1.03,1.21,8.47,1.53,10.00,,,,,,,"LTR"
"B","26-10-2019","2019-10-26 00:00:00 -0500",1,99,"B002",163615,,,," ",7,"GLP",5.79,1.03,1.21,5.93,1.07,7.00,,,,,,,"LTR"
"B","26-10-2019","2019-10-26 00:00:00 -0500",1,99,"B002",163614,,,," ",7,"GLP",8.26,1.03,1.21,8.47,1.53,10.00,,,,,,,"LTR"
"B","26-10-2019","2019-10-26 00:00:00 -0500",1,99,"B002",163613,,,," ",7,"GLP",8.11,1.03,1.21,8.31,1.50,9.81,,,,,,,"LTR"
"B","26-10-2019","2019-10-26 00:00:00 -0500",1,99,"B002",163612,,,," ",7,"GLP",24.79,1.03,1.21,25.42,4.58,30.00,,,,,,,"LTR"
"B","26-10-2019","2019-10-26 00:00:00 -0500",1,99,"B002",163611,,,," ",7,"GLP",5.79,1.03,1.21,5.93,1.07,7.00,,,,,,,"LTR"
"B","26-10-2019","2019-10-26 00:00:00 -0500",1,99,"B002",163610,,,," ",7,"GLP",11.91,1.03,1.21,12.21,2.20,14.41,,,,,,,"LTR"
"B","26-10-2019","2019-10-26 00:00:00 -0500",1,99,"B002",163609,,,," ",7,"GLP",6.61,1.03,1.21,6.78,1.22,8.00,,,,,,,"LTR"
"B","26-10-2019","2019-10-26 00:00:00 -0500",1,99,"B002",163608,,,," ",7,"GLP",13.22,1.03,1.21,13.56,2.44,16.00,,,,,,,"LTR"
"B","26-10-2019","2019-10-26 00:00:00 -0500",1,99,"B002",163607,,,," ",7,"GLP",6.61,1.03,1.21,6.78,1.22,8.00,,,,,,,"LTR"
"B","26-10-2019","2019-10-26 00:00:00 -0500",1,99,"B002",163606,,,," ",7,"GLP",9.09,1.03,1.21,9.32,1.68,11.00,,,,,,,"LTR"
"B","26-10-2019","2019-10-26 00:00:00 -0500",1,99,"B002",163605,,,," ",7,"GLP",8.26,1.03,1.21,8.47,1.53,10.00,,,,,,,"LTR"
"B","26-10-2019","2019-10-26 00:00:00 -0500",1,99,"B002",163604,,,," ",7,"GLP",6.2,1.03,1.21,6.36,1.14,7.50,,,,,,,"LTR"
"B","26-10-2019","2019-10-26 00:00:00 -0500",1,99,"B002",163603,,,," ",7,"GLP",0.41,1.03,1.21,0.42,0.08,0.50,,,,,,,"LTR"
"B","26-10-2019","2019-10-26 00:00:00 -0500",1,99,"B002",163602,,,," ",7,"GLP",5.79,1.03,1.21,5.93,1.07,7.00,,,,,,,"LTR"
"B","26-10-2019","2019-10-26 00:00:00 -0500",1,99,"B002",163601,,,," ",7,"GLP",9.92,1.03,1.21,10.17,1.83,12.00,,,,,,,"LTR"
"B","26-10-2019","2019-10-26 00:00:00 -0500",1,99,"B002",163600,,,," ",7,"GLP",8.26,1.03,1.21,8.47,1.53,10.00,,,,,,,"LTR"
"B","26-10-2019","2019-10-26 00:00:00 -0500",1,99,"B002",163599,,,," ",7,"GLP",14.59,1.03,1.21,14.96,2.69,17.65,,,,,,,"LTR"
"B","26-10-2019","2019-10-26 00:00:00 -0500",1,99,"B002",163598,,,," ",7,"GLP",30.69,1.03,1.21,31.47,5.66,37.13,,,,,,,"LTR"
"B","26-10-2019","2019-10-26 00:00:00 -0500",1,99,"B002",163597,,,," ",7,"GLP",7.78,1.03,1.21,7.97,1.44,9.41,,,,,,,"LTR"
"B","26-10-2019","2019-10-26 00:00:00 -0500",1,99,"B002",163596,,,," ",7,"GLP",5.79,1.03,1.21,5.93,1.07,7.00,,,,,,,"LTR"
"B","26-10-2019","2019-10-26 00:00:00 -0500",1,99,"B002",163595,,,," ",7,"GLP",4.13,1.03,1.21,4.24,0.76,5.00,,,,,,,"LTR"
"B","26-10-2019","2019-10-26 00:00:00 -0500",1,99,"B002",163594,,,," ",7,"GLP",7.44,1.03,1.21,7.63,1.37,9.00,,,,,,,"LTR"
"B","26-10-2019","2019-10-26 00:00:00 -0500",1,99,"B002",163593,,,," ",7,"GLP",5.79,1.03,1.21,5.93,1.07,7.00,,,,,,,"LTR"
"B","26-10-2019","2019-10-26 00:00:00 -0500",1,99,"B002",163592,,,," ",7,"GLP",8.26,1.03,1.21,8.47,1.53,10.00,,,,,,,"LTR"
"B","26-10-2019","2019-10-26 00:00:00 -0500",1,99,"B002",163591,,,," ",7,"GLP",33.06,1.03,1.21,33.90,6.10,40.00,,,,,,,"LTR"
"B","26-10-2019","2019-10-26 00:00:00 -0500",1,99,"B002",163590,,,," ",7,"GLP",12.4,1.03,1.21,12.71,2.29,15.00,,,,,,,"LTR"
"B","26-10-2019","2019-10-26 00:00:00 -0500",1,99,"B002",163589,,,," ",7,"GLP",4.13,1.03,1.21,4.24,0.76,5.00,,,,,,,"LTR"
"B","26-10-2019","2019-10-26 00:00:00 -0500",1,99,"B002",163588,,,," ",7,"GLP",7.44,1.03,1.21,7.63,1.37,9.00,,,,,,,"LTR"
"B","26-10-2019","2019-10-26 00:00:00 -0500",1,99,"B002",163587,,,," ",7,"GLP",8.26,1.03,1.21,8.47,1.53,10.00,,,,,,,"LTR"
"B","26-10-2019","2019-10-26 00:00:00 -0500",1,99,"B002",163586,,,," ",7,"GLP",8.26,1.03,1.21,8.47,1.53,10.00,,,,,,,"LTR"
"B","26-10-2019","2019-10-26 00:00:00 -0500",1,99,"B002",163585,,,," ",7,"GLP",12.4,1.03,1.21,12.71,2.29,15.00,,,,,,,"LTR"
"B","26-10-2019","2019-10-26 00:00:00 -0500",1,99,"B002",163584,,,," ",7,"GLP",4.13,1.03,1.21,4.24,0.76,5.00,,,,,,,"LTR"
"B","26-10-2019","2019-10-26 00:00:00 -0500",1,99,"B002",163583,,,," ",7,"GLP",9.92,1.03,1.21,10.17,1.83,12.00,,,,,,,"LTR"
"B","26-10-2019","2019-10-26 00:00:00 -0500",1,99,"B002",163582,,,," ",7,"GLP",4.13,1.03,1.21,4.24,0.76,5.00,,,,,,,"LTR"
"B","26-10-2019","2019-10-26 00:00:00 -0500",1,99,"B002",163581,,,," ",7,"GLP",8.26,1.03,1.21,8.47,1.53,10.00,,,,,,,"LTR"
"B","26-10-2019","2019-10-26 00:00:00 -0500",1,99,"B002",163580,,,," ",7,"GLP",4.13,1.03,1.21,4.24,0.76,5.00,,,,,,,"LTR"
"B","26-10-2019","2019-10-26 00:00:00 -0500",1,99,"B002",163579,,,," ",7,"GLP",5.79,1.03,1.21,5.93,1.07,7.00,,,,,,,"LTR"
"B","26-10-2019","2019-10-26 00:00:00 -0500",1,99,"B002",163578,,,," ",7,"GLP",9.09,1.03,1.21,9.32,1.68,11.00,,,,,,,"LTR"
"B","26-10-2019","2019-10-26 00:00:00 -0500",1,99,"B002",163577,,,," ",7,"GLP",16.36,1.03,1.21,16.78,3.02,19.80,,,,,,,"LTR"
"B","26-10-2019","2019-10-26 00:00:00 -0500",1,99,"B002",163576,,,," ",7,"GLP",8.98,1.03,1.21,9.21,1.66,10.87,,,,,,,"LTR"
"B","26-10-2019","2019-10-26 00:00:00 -0500",1,99,"B002",163575,,,," ",7,"GLP",7.85,1.03,1.21,8.05,1.45,9.50,,,,,,,"LTR"
"B","26-10-2019","2019-10-26 00:00:00 -0500",1,99,"B002",163574,,,," ",7,"GLP",4.13,1.03,1.21,4.24,0.76,5.00,,,,,,,"LTR"
"B","26-10-2019","2019-10-26 00:00:00 -0500",1,99,"B002",163573,,,," ",7,"GLP",12.4,1.03,1.21,12.71,2.29,15.00,,,,,,,"LTR"
"B","26-10-2019","2019-10-26 00:00:00 -0500",1,99,"B002",163572,,,," ",7,"GLP",4.13,1.03,1.21,4.24,0.76,5.00,,,,,,,"LTR"
"B","26-10-2019","2019-10-26 00:00:00 -0500",1,99,"B002",163571,,,," ",7,"GLP",11.25,1.03,1.21,11.53,2.08,13.61,,,,,,,"LTR"
"B","26-10-2019","2019-10-26 00:00:00 -0500",1,99,"B002",163570,,,," ",7,"GLP",8.26,1.03,1.21,8.47,1.53,10.00,,,,,,,"LTR"
"B","26-10-2019","2019-10-26 00:00:00 -0500",1,99,"B002",163569,,,," ",7,"GLP",4.13,1.03,1.21,4.24,0.76,5.00,,,,,,,"LTR"
"B","26-10-2019","2019-10-26 00:00:00 -0500",1,99,"B002",163568,,,," ",2,"Gasohol 90",0.79,10.75,12.69,8.47,1.53,10.00,,,,,,,"GLL"
"B","26-10-2019","2019-10-26 00:00:00 -0500",1,99,"B002",163567,,,," ",7,"GLP",6.61,1.03,1.21,6.78,1.22,8.00,,,,,,,"LTR"
"B","26-10-2019","2019-10-26 00:00:00 -0500",1,99,"B002",163566,,,," ",7,"GLP",4.13,1.03,1.21,4.24,0.76,5.00,,,,,,,"LTR"
"B","26-10-2019","2019-10-26 00:00:00 -0500",1,99,"B002",163565,,,," ",7,"GLP",6.2,1.03,1.21,6.36,1.14,7.50,,,,,,,"LTR"
"B","26-10-2019","2019-10-26 00:00:00 -0500",1,99,"B002",163564,,,," ",7,"GLP",4.96,1.03,1.21,5.08,0.92,6.00,,,,,,,"LTR"
"B","26-10-2019","2019-10-26 00:00:00 -0500",1,99,"B002",163563,,,," ",7,"GLP",43.48,1.03,1.21,44.58,8.03,52.61,,,,,,,"LTR"
"B","26-10-2019","2019-10-26 00:00:00 -0500",1,99,"B002",163562,,,," ",7,"GLP",4.13,1.03,1.21,4.24,0.76,5.00,,,,,,,"LTR"
"B","26-10-2019","2019-10-26 00:00:00 -0500",1,99,"B002",163561,,,," ",7,"GLP",19.84,1.03,1.21,20.34,3.66,24.00,,,,,,,"LTR"
"B","26-10-2019","2019-10-26 00:00:00 -0500",1,99,"B002",163560,,,," ",7,"GLP",9.92,1.03,1.21,10.17,1.83,12.00,,,,,,,"LTR"
"B","26-10-2019","2019-10-26 00:00:00 -0500",1,99,"B002",163559,,,," ",7,"GLP",20.66,1.03,1.21,21.19,3.81,25.00,,,,,,,"LTR"
"B","26-10-2019","2019-10-26 00:00:00 -0500",1,99,"B002",163558,,,," ",7,"GLP",4.13,1.03,1.21,4.24,0.76,5.00,,,,,,,"LTR"
"B","26-10-2019","2019-10-26 00:00:00 -0500",1,99,"B002",163557,,,," ",7,"GLP",6.61,1.03,1.21,6.78,1.22,8.00,,,,,,,"LTR"
"B","26-10-2019","2019-10-26 00:00:00 -0500",1,99,"B002",163556,,,," ",7,"GLP",9.92,1.03,1.21,10.17,1.83,12.00,,,,,,,"LTR"
"B","26-10-2019","2019-10-26 00:00:00 -0500",1,99,"B002",163555,,,," ",7,"GLP",4.96,1.03,1.21,5.08,0.92,6.00,,,,,,,"LTR"
"B","26-10-2019","2019-10-26 00:00:00 -0500",1,99,"B002",163554,,,," ",7,"GLP",16.53,1.03,1.21,16.95,3.05,20.00,,,,,,,"LTR"
"B","26-10-2019","2019-10-26 00:00:00 -0500",1,99,"B002",163553,,,," ",7,"GLP",8.26,1.03,1.21,8.47,1.53,10.00,,,,,,,"LTR"
"B","26-10-2019","2019-10-26 00:00:00 -0500",1,99,"B002",163552,,,," ",7,"GLP",6.61,1.03,1.21,6.78,1.22,8.00,,,,,,,"LTR"
"B","26-10-2019","2019-10-26 00:00:00 -0500",1,99,"B002",163551,,,," ",7,"GLP",12.4,1.03,1.21,12.71,2.29,15.00,,,,,,,"LTR"
"B","26-10-2019","2019-10-26 00:00:00 -0500",1,99,"B002",163550,,,," ",7,"GLP",4.13,1.03,1.21,4.24,0.76,5.00,,,,,,,"LTR"
"B","26-10-2019","2019-10-26 00:00:00 -0500",1,99,"B002",163549,,,," ",7,"GLP",4.13,1.03,1.21,4.24,0.76,5.00,,,,,,,"LTR"
"B","26-10-2019","2019-10-26 00:00:00 -0500",1,99,"B002",163548,,,," ",7,"GLP",8.26,1.03,1.21,8.47,1.53,10.00,,,,,,,"LTR"
"B","26-10-2019","2019-10-26 00:00:00 -0500",1,99,"B002",163547,,,," ",7,"GLP",5.79,1.03,1.21,5.93,1.07,7.00,,,,,,,"LTR"
"B","26-10-2019","2019-10-26 00:00:00 -0500",1,99,"B002",163546,,,," ",7,"GLP",3.31,1.03,1.21,3.39,0.61,4.00,,,,,,,"LTR"
"B","26-10-2019","2019-10-26 00:00:00 -0500",1,99,"B002",163545,,,," ",7,"GLP",33.06,1.03,1.21,33.90,6.10,40.00,,,,,,,"LTR"
"B","26-10-2019","2019-10-26 00:00:00 -0500",1,99,"B002",163544,,,," ",7,"GLP",8.26,1.03,1.21,8.47,1.53,10.00,,,,,,,"LTR"
"B","26-10-2019","2019-10-26 00:00:00 -0500",1,99,"B002",163543,,,," ",7,"GLP",24.79,1.03,1.21,25.42,4.58,30.00,,,,,,,"LTR"
"B","26-10-2019","2019-10-26 00:00:00 -0500",1,99,"B002",163542,,,," ",7,"GLP",10.51,1.03,1.21,10.78,1.94,12.72,,,,,,,"LTR"
"B","26-10-2019","2019-10-26 00:00:00 -0500",1,99,"B002",163541,,,," ",7,"GLP",11.57,1.03,1.21,11.86,2.14,14.00,,,,,,,"LTR"
"B","26-10-2019","2019-10-26 00:00:00 -0500",1,99,"B002",163540,,,," ",7,"GLP",12.4,1.03,1.21,12.71,2.29,15.00,,,,,,,"LTR"
"B","26-10-2019","2019-10-26 00:00:00 -0500",1,99,"B002",163539,,,," ",7,"GLP",8.26,1.03,1.21,8.47,1.53,10.00,,,,,,,"LTR"
"B","26-10-2019","2019-10-26 00:00:00 -0500",1,99,"B002",163538,,,," ",7,"GLP",9.92,1.03,1.21,10.17,1.83,12.00,,,,,,,"LTR"
"B","26-10-2019","2019-10-26 00:00:00 -0500",1,99,"B002",163537,,,," ",7,"GLP",16.53,1.03,1.21,16.95,3.05,20.00,,,,,,,"LTR"
"B","26-10-2019","2019-10-26 00:00:00 -0500",1,99,"B002",163536,,,," ",7,"GLP",16.53,1.03,1.21,16.95,3.05,20.00,,,,,,,"LTR"
"B","26-10-2019","2019-10-26 00:00:00 -0500",1,99,"B002",163535,,,," ",7,"GLP",5.79,1.03,1.21,5.93,1.07,7.00,,,,,,,"LTR"
"B","26-10-2019","2019-10-26 00:00:00 -0500",1,99,"B002",163534,,,," ",7,"GLP",4.13,1.03,1.21,4.24,0.76,5.00,,,,,,,"LTR"
"B","26-10-2019","2019-10-26 00:00:00 -0500",1,99,"B002",163533,,,," ",7,"GLP",21.9,1.03,1.21,22.46,4.04,26.50,,,,,,,"LTR"
"B","26-10-2019","2019-10-26 00:00:00 -0500",1,99,"B002",163532,,,," ",7,"GLP",6.27,1.03,1.21,6.43,1.16,7.59,,,,,,,"LTR"
"B","26-10-2019","2019-10-26 00:00:00 -0500",1,99,"B002",163531,,,," ",7,"GLP",9.92,1.03,1.21,10.17,1.83,12.00,,,,,,,"LTR"
"B","26-10-2019","2019-10-26 00:00:00 -0500",1,99,"B002",163530,,,," ",7,"GLP",4.13,1.03,1.21,4.24,0.76,5.00,,,,,,,"LTR"
"B","26-10-2019","2019-10-26 00:00:00 -0500",1,99,"B002",163529,,,," ",7,"GLP",5.79,1.03,1.21,5.93,1.07,7.00,,,,,,,"LTR"
"B","26-10-2019","2019-10-26 00:00:00 -0500",1,99,"B002",163528,,,," ",7,"GLP",5.55,1.03,1.21,5.69,1.03,6.72,,,,,,,"LTR"
"B","26-10-2019","2019-10-26 00:00:00 -0500",1,99,"B002",163527,,,," ",7,"GLP",5.79,1.03,1.21,5.93,1.07,7.00,,,,,,,"LTR"
"B","26-10-2019","2019-10-26 00:00:00 -0500",1,99,"B002",163526,,,," ",7,"GLP",7.85,1.03,1.21,8.05,1.45,9.50,,,,,,,"LTR"
"B","26-10-2019","2019-10-26 00:00:00 -0500",1,99,"B002",163525,,,," ",7,"GLP",6.79,1.03,1.21,6.97,1.25,8.22,,,,,,,"LTR"
"B","26-10-2019","2019-10-26 00:00:00 -0500",1,99,"B002",163524,,,," ",7,"GLP",8.26,1.03,1.21,8.47,1.53,10.00,,,,,,,"LTR"
"B","26-10-2019","2019-10-26 00:00:00 -0500",1,99,"B002",163523,,,," ",7,"GLP",4.13,1.03,1.21,4.24,0.76,5.00,,,,,,,"LTR"
"B","26-10-2019","2019-10-26 00:00:00 -0500",1,99,"B002",163522,,,," ",7,"GLP",12.4,1.03,1.21,12.71,2.29,15.00,,,,,,,"LTR"
"B","26-10-2019","2019-10-26 00:00:00 -0500",1,99,"B002",163521,,,," ",7,"GLP",4.13,1.03,1.21,4.24,0.76,5.00,,,,,,,"LTR"
"B","26-10-2019","2019-10-26 00:00:00 -0500",1,99,"B002",163520,,,," ",7,"GLP",4.13,1.03,1.21,4.24,0.76,5.00,,,,,,,"LTR"
"B","26-10-2019","2019-10-26 00:00:00 -0500",1,99,"B002",163519,,,," ",7,"GLP",8.26,1.03,1.21,8.47,1.53,10.00,,,,,,,"LTR"
"B","26-10-2019","2019-10-26 00:00:00 -0500",1,99,"B002",163518,,,," ",7,"GLP",13.22,1.03,1.21,13.56,2.44,16.00,,,,,,,"LTR"
"B","26-10-2019","2019-10-26 00:00:00 -0500",1,99,"B002",163517,,,," ",7,"GLP",11.57,1.03,1.21,11.86,2.14,14.00,,,,,,,"LTR"
"B","26-10-2019","2019-10-26 00:00:00 -0500",1,99,"B002",163516,,,," ",7,"GLP",4.96,1.03,1.21,5.08,0.92,6.00,,,,,,,"LTR"
"B","26-10-2019","2019-10-26 00:00:00 -0500",1,99,"B002",163515,,,," ",2,"Gasohol 90",0.79,10.75,12.69,8.47,1.53,10.00,,,,,,,"GLL"
"B","26-10-2019","2019-10-26 00:00:00 -0500",1,99,"B002",163514,,,," ",7,"GLP",4.13,1.03,1.21,4.24,0.76,5.00,,,,,,,"LTR"
"B","26-10-2019","2019-10-26 00:00:00 -0500",1,99,"B002",163513,,,," ",7,"GLP",6.61,1.03,1.21,6.78,1.22,8.00,,,,,,,"LTR"
"B","26-10-2019","2019-10-26 00:00:00 -0500",1,99,"B002",163512,,,," ",7,"GLP",4.13,1.03,1.21,4.24,0.76,5.00,,,,,,,"LTR"
"B","26-10-2019","2019-10-26 00:00:00 -0500",1,99,"B002",163511,,,," ",7,"GLP",8.26,1.03,1.21,8.47,1.53,10.00,,,,,,,"LTR"
"B","26-10-2019","2019-10-26 00:00:00 -0500",1,99,"B002",163510,,,," ",7,"GLP",4.13,1.03,1.21,4.24,0.76,5.00,,,,,,,"LTR"
"B","26-10-2019","2019-10-26 00:00:00 -0500",1,99,"B002",163509,,,," ",7,"GLP",16.53,1.03,1.21,16.95,3.05,20.00,,,,,,,"LTR"
"B","26-10-2019","2019-10-26 00:00:00 -0500",1,99,"B002",163508,,,," ",7,"GLP",12.4,1.03,1.21,12.71,2.29,15.00,,,,,,,"LTR"
"B","26-10-2019","2019-10-26 00:00:00 -0500",1,99,"B002",163507,,,," ",7,"GLP",6.61,1.03,1.21,6.78,1.22,8.00,,,,,,,"LTR"
"B","26-10-2019","2019-10-26 00:00:00 -0500",1,99,"B002",163506,,,," ",7,"GLP",4.96,1.03,1.21,5.08,0.92,6.00,,,,,,,"LTR"
"B","26-10-2019","2019-10-26 00:00:00 -0500",1,99,"B002",163505,,,," ",7,"GLP",4.13,1.03,1.21,4.24,0.76,5.00,,,,,,,"LTR"
"B","26-10-2019","2019-10-26 00:00:00 -0500",1,99,"B002",163504,,,," ",7,"GLP",8.26,1.03,1.21,8.47,1.53,10.00,,,,,,,"LTR"
"B","26-10-2019","2019-10-26 00:00:00 -0500",1,99,"B002",163503,,,," ",7,"GLP",12.4,1.03,1.21,12.71,2.29,15.00,,,,,,,"LTR"
"B","26-10-2019","2019-10-26 00:00:00 -0500",1,99,"B002",163502,,,," ",7,"GLP",12.4,1.03,1.21,12.71,2.29,15.00,,,,,,,"LTR"
"B","26-10-2019","2019-10-26 00:00:00 -0500",1,99,"B002",163501,,,," ",7,"GLP",4.13,1.03,1.21,4.24,0.76,5.00,,,,,,,"LTR"
"B","26-10-2019","2019-10-26 00:00:00 -0500",1,99,"B002",163500,,,," ",7,"GLP",8.26,1.03,1.21,8.47,1.53,10.00,,,,,,,"LTR"
"B","26-10-2019","2019-10-26 00:00:00 -0500",1,99,"B002",163499,,,," ",7,"GLP",16.54,1.03,1.21,16.96,3.05,20.01,,,,,,,"LTR"
"B","26-10-2019","2019-10-26 00:00:00 -0500",1,99,"B002",163498,,,," ",7,"GLP",4.96,1.03,1.21,5.08,0.92,6.00,,,,,,,"LTR"
"B","26-10-2019","2019-10-26 00:00:00 -0500",1,99,"B002",163497,,,," ",7,"GLP",7.85,1.03,1.21,8.05,1.45,9.50,,,,,,,"LTR"
"B","26-10-2019","2019-10-26 00:00:00 -0500",1,99,"B002",163496,,,," ",7,"GLP",4.96,1.03,1.21,5.08,0.92,6.00,,,,,,,"LTR"
"B","26-10-2019","2019-10-26 00:00:00 -0500",1,99,"B002",163495,,,," ",7,"GLP",4.13,1.03,1.21,4.24,0.76,5.00,,,,,,,"LTR"
"B","26-10-2019","2019-10-26 00:00:00 -0500",1,99,"B002",163494,,,," ",7,"GLP",33.06,1.03,1.21,33.90,6.10,40.00,,,,,,,"LTR"
"B","26-10-2019","2019-10-26 00:00:00 -0500",1,99,"B002",163493,,,," ",7,"GLP",10.35,1.03,1.21,10.61,1.91,12.52,,,,,,,"LTR"
"B","26-10-2019","2019-10-26 00:00:00 -0500",1,99,"B002",163492,,,," ",7,"GLP",13.22,1.03,1.21,13.56,2.44,16.00,,,,,,,"LTR"
"B","26-10-2019","2019-10-26 00:00:00 -0500",1,99,"B002",163491,,,," ",7,"GLP",4.13,1.03,1.21,4.24,0.76,5.00,,,,,,,"LTR"
"B","26-10-2019","2019-10-26 00:00:00 -0500",1,99,"B002",163490,,,," ",7,"GLP",21.77,1.03,1.21,22.32,4.02,26.34,,,,,,,"LTR"
"B","26-10-2019","2019-10-26 00:00:00 -0500",1,99,"B002",163489,,,," ",7,"GLP",8.26,1.03,1.21,8.47,1.53,10.00,,,,,,,"LTR"
"B","26-10-2019","2019-10-26 00:00:00 -0500",1,99,"B002",163488,,,," ",7,"GLP",3.31,1.03,1.21,3.39,0.61,4.00,,,,,,,"LTR"
"B","26-10-2019","2019-10-26 00:00:00 -0500",1,99,"B002",163487,,,," ",7,"GLP",12.4,1.03,1.21,12.71,2.29,15.00,,,,,,,"LTR"
"B","26-10-2019","2019-10-26 00:00:00 -0500",1,99,"B002",163486,,,," ",7,"GLP",5.79,1.03,1.21,5.93,1.07,7.00,,,,,,,"LTR"
"B","26-10-2019","2019-10-26 00:00:00 -0500",1,99,"B002",163485,,,," ",7,"GLP",14.97,1.03,1.21,15.35,2.76,18.11,,,,,,,"LTR"
"B","26-10-2019","2019-10-26 00:00:00 -0500",1,99,"B002",163484,,,," ",7,"GLP",5.79,1.03,1.21,5.93,1.07,7.00,,,,,,,"LTR"
"B","26-10-2019","2019-10-26 00:00:00 -0500",1,99,"B002",163483,,,," ",7,"GLP",7.44,1.03,1.21,7.63,1.37,9.00,,,,,,,"LTR"
"B","26-10-2019","2019-10-26 00:00:00 -0500",1,99,"B002",163482,,,," ",7,"GLP",9.67,1.03,1.21,9.92,1.78,11.70,,,,,,,"LTR"
"B","26-10-2019","2019-10-26 00:00:00 -0500",1,99,"B002",163481,,,," ",7,"GLP",24.79,1.03,1.21,25.42,4.58,30.00,,,,,,,"LTR"
"B","26-10-2019","2019-10-26 00:00:00 -0500",1,99,"B002",163480,,,," ",7,"GLP",8.26,1.03,1.21,8.47,1.53,10.00,,,,,,,"LTR"
"B","26-10-2019","2019-10-26 00:00:00 -0500",1,99,"B002",163479,,,," ",7,"GLP",7.46,1.03,1.21,7.65,1.38,9.03,,,,,,,"LTR"
"B","26-10-2019","2019-10-26 00:00:00 -0500",1,99,"B002",163478,,,," ",7,"GLP",8.26,1.03,1.21,8.47,1.53,10.00,,,,,,,"LTR"
"B","26-10-2019","2019-10-26 00:00:00 -0500",1,99,"B002",163477,,,," ",7,"GLP",8.26,1.03,1.21,8.47,1.53,10.00,,,,,,,"LTR"
"B","26-10-2019","2019-10-26 00:00:00 -0500",1,99,"B002",163476,,,," ",7,"GLP",12.4,1.03,1.21,12.71,2.29,15.00,,,,,,,"LTR"
"B","26-10-2019","2019-10-26 00:00:00 -0500",1,99,"B002",163475,,,," ",7,"GLP",16.53,1.03,1.21,16.95,3.05,20.00,,,,,,,"LTR"
"B","26-10-2019","2019-10-26 00:00:00 -0500",1,99,"B002",163474,,,," ",7,"GLP",8.26,1.03,1.21,8.47,1.53,10.00,,,,,,,"LTR"
"B","26-10-2019","2019-10-26 00:00:00 -0500",1,99,"B002",163473,,,," ",7,"GLP",14.05,1.03,1.21,14.41,2.59,17.00,,,,,,,"LTR"
"B","26-10-2019","2019-10-26 00:00:00 -0500",1,99,"B002",163472,,,," ",7,"GLP",4.96,1.03,1.21,5.08,0.92,6.00,,,,,,,"LTR"
"B","26-10-2019","2019-10-26 00:00:00 -0500",1,99,"B002",163471,,,," ",7,"GLP",8.26,1.03,1.21,8.47,1.53,10.00,,,,,,,"LTR"
"B","26-10-2019","2019-10-26 00:00:00 -0500",1,99,"B002",163470,,,," ",7,"GLP",4.13,1.03,1.21,4.24,0.76,5.00,,,,,,,"LTR"
"B","26-10-2019","2019-10-26 00:00:00 -0500",1,99,"B002",163469,,,," ",7,"GLP",9.46,1.03,1.21,9.69,1.75,11.44,,,,,,,"LTR"
"B","26-10-2019","2019-10-26 00:00:00 -0500",1,99,"B002",163468,,,," ",7,"GLP",4.13,1.03,1.21,4.24,0.76,5.00,,,,,,,"LTR"
"B","26-10-2019","2019-10-26 00:00:00 -0500",1,99,"B002",163467,,,," ",7,"GLP",4.13,1.03,1.21,4.24,0.76,5.00,,,,,,,"LTR"
"B","26-10-2019","2019-10-26 00:00:00 -0500",1,99,"B002",163466,,,," ",7,"GLP",8.26,1.03,1.21,8.47,1.53,10.00,,,,,,,"LTR"
"B","26-10-2019","2019-10-26 00:00:00 -0500",1,99,"B002",163465,,,," ",7,"GLP",33.06,1.03,1.21,33.90,6.10,40.00,,,,,,,"LTR"
"B","26-10-2019","2019-10-26 00:00:00 -0500",1,99,"B002",163464,,,," ",7,"GLP",4.13,1.03,1.21,4.24,0.76,5.00,,,,,,,"LTR"
"B","26-10-2019","2019-10-26 00:00:00 -0500",1,99,"B002",163463,,,," ",7,"GLP",7.44,1.03,1.21,7.63,1.37,9.00,,,,,,,"LTR"
"B","26-10-2019","2019-10-26 00:00:00 -0500",1,99,"B002",163462,,,," ",7,"GLP",41.32,1.03,1.21,42.37,7.63,50.00,,,,,,,"LTR"
"B","26-10-2019","2019-10-26 00:00:00 -0500",1,99,"B002",163461,,,," ",7,"GLP",17.11,1.03,1.21,17.54,3.16,20.70,,,,,,,"LTR"
"B","26-10-2019","2019-10-26 00:00:00 -0500",1,99,"B002",163460,,,," ",7,"GLP",2.48,1.03,1.21,2.54,0.46,3.00,,,,,,,"LTR"
"B","26-10-2019","2019-10-26 00:00:00 -0500",1,99,"B002",163459,,,," ",7,"GLP",8.26,1.03,1.21,8.47,1.53,10.00,,,,,,,"LTR"
"B","26-10-2019","2019-10-26 00:00:00 -0500",1,99,"B002",163458,,,," ",7,"GLP",8.26,1.03,1.21,8.47,1.53,10.00,,,,,,,"LTR"
"B","26-10-2019","2019-10-26 00:00:00 -0500",1,99,"B002",163457,,,," ",7,"GLP",8.26,1.03,1.21,8.47,1.53,10.00,,,,,,,"LTR"
"B","26-10-2019","2019-10-26 00:00:00 -0500",1,99,"B002",163456,,,," ",7,"GLP",9.71,1.03,1.21,9.96,1.79,11.75,,,,,,,"LTR"
"B","26-10-2019","2019-10-26 00:00:00 -0500",1,99,"B002",163455,,,," ",7,"GLP",4.13,1.03,1.21,4.24,0.76,5.00,,,,,,,"LTR"
"B","26-10-2019","2019-10-26 00:00:00 -0500",1,99,"B002",163454,,,," ",7,"GLP",4.96,1.03,1.21,5.08,0.92,6.00,,,,,,,"LTR"
"B","26-10-2019","2019-10-26 00:00:00 -0500",1,99,"B002",163453,,,," ",7,"GLP",8.26,1.03,1.21,8.47,1.53,10.00,,,,,,,"LTR"
"B","26-10-2019","2019-10-26 00:00:00 -0500",1,99,"B002",163452,,,," ",7,"GLP",6.61,1.03,1.21,6.78,1.22,8.00,,,,,,,"LTR"
"B","26-10-2019","2019-10-26 00:00:00 -0500",1,99,"B002",163451,,,," ",7,"GLP",4.13,1.03,1.21,4.24,0.76,5.00,,,,,,,"LTR"
"B","26-10-2019","2019-10-26 00:00:00 -0500",1,99,"B002",163450,,,," ",7,"GLP",8.26,1.03,1.21,8.47,1.53,10.00,,,,,,,"LTR"
"B","26-10-2019","2019-10-26 00:00:00 -0500",1,99,"B002",163449,,,," ",7,"GLP",8.26,1.03,1.21,8.47,1.53,10.00,,,,,,,"LTR"
"B","26-10-2019","2019-10-26 00:00:00 -0500",1,99,"B002",163448,,,," ",7,"GLP",4.13,1.03,1.21,4.24,0.76,5.00,,,,,,,"LTR"
"B","26-10-2019","2019-10-26 00:00:00 -0500",1,99,"B002",163447,,,," ",7,"GLP",4.96,1.03,1.21,5.08,0.92,6.00,,,,,,,"LTR"
"B","26-10-2019","2019-10-26 00:00:00 -0500",1,99,"B002",163446,,,," ",7,"GLP",8.26,1.03,1.21,8.47,1.53,10.00,,,,,,,"LTR"
"B","26-10-2019","2019-10-26 00:00:00 -0500",1,99,"B002",163445,,,," ",7,"GLP",12.4,1.03,1.21,12.71,2.29,15.00,,,,,,,"LTR"
"B","26-10-2019","2019-10-26 00:00:00 -0500",1,99,"B002",163444,,,," ",7,"GLP",9.09,1.03,1.21,9.32,1.68,11.00,,,,,,,"LTR"
"B","26-10-2019","2019-10-26 00:00:00 -0500",1,99,"B002",163443,,,," ",7,"GLP",4.13,1.03,1.21,4.24,0.76,5.00,,,,,,,"LTR"
"B","26-10-2019","2019-10-26 00:00:00 -0500",1,99,"B002",163442,,,," ",7,"GLP",4.13,1.03,1.21,4.24,0.76,5.00,,,,,,,"LTR"
"B","26-10-2019","2019-10-26 00:00:00 -0500",1,99,"B002",163441,,,," ",7,"GLP",8.26,1.03,1.21,8.47,1.53,10.00,,,,,,,"LTR"
"B","26-10-2019","2019-10-26 00:00:00 -0500",1,99,"B002",163440,,,," ",7,"GLP",4.96,1.03,1.21,5.08,0.92,6.00,,,,,,,"LTR"
"B","26-10-2019","2019-10-26 00:00:00 -0500",1,99,"B002",163439,,,," ",7,"GLP",8.26,1.03,1.21,8.47,1.53,10.00,,,,,,,"LTR"
"B","26-10-2019","2019-10-26 00:00:00 -0500",1,99,"B002",163438,,,," ",7,"GLP",0.02,1.03,1.21,0.02,0.00,0.02,,,,,,,"LTR"
"B","26-10-2019","2019-10-26 00:00:00 -0500",1,99,"B002",163437,,,," ",2,"Gasohol 90",0.79,10.75,12.69,8.47,1.53,10.00,,,,,,,"GLL"
"B","26-10-2019","2019-10-26 00:00:00 -0500",1,99,"B002",163436,,,," ",7,"GLP",8.26,1.03,1.21,8.47,1.53,10.00,,,,,,,"LTR"
"B","26-10-2019","2019-10-26 00:00:00 -0500",1,99,"B002",163435,,,," ",7,"GLP",19,1.03,1.21,19.48,3.51,22.99,,,,,,,"LTR"
"B","26-10-2019","2019-10-26 00:00:00 -0500",1,99,"B002",163434,,,," ",7,"GLP",8.26,1.03,1.21,8.47,1.53,10.00,,,,,,,"LTR"
"B","26-10-2019","2019-10-26 00:00:00 -0500",1,99,"B002",163433,,,," ",7,"GLP",8.26,1.03,1.21,8.47,1.53,10.00,,,,,,,"LTR"
"B","26-10-2019","2019-10-26 00:00:00 -0500",1,99,"B002",163432,,,," ",7,"GLP",12.4,1.03,1.21,12.71,2.29,15.00,,,,,,,"LTR"
"B","26-10-2019","2019-10-26 00:00:00 -0500",1,99,"B002",163431,,,," ",7,"GLP",9.09,1.03,1.21,9.32,1.68,11.00,,,,,,,"LTR"
"B","26-10-2019","2019-10-26 00:00:00 -0500",1,99,"B002",163430,,,," ",2,"Gasohol 90",0.79,10.75,12.69,8.47,1.53,10.00,,,,,,,"GLL"
"B","26-10-2019","2019-10-26 00:00:00 -0500",1,99,"B002",163429,,,," ",7,"GLP",4.13,1.03,1.21,4.24,0.76,5.00,,,,,,,"LTR"
"B","26-10-2019","2019-10-26 00:00:00 -0500",1,99,"B002",163428,,,," ",7,"GLP",8.26,1.03,1.21,8.47,1.53,10.00,,,,,,,"LTR"
"B","26-10-2019","2019-10-26 00:00:00 -0500",1,99,"B002",163427,,,," ",7,"GLP",9.92,1.03,1.21,10.17,1.83,12.00,,,,,,,"LTR"
"B","26-10-2019","2019-10-26 00:00:00 -0500",1,99,"B002",163426,,,," ",7,"GLP",4.13,1.03,1.21,4.24,0.76,5.00,,,,,,,"LTR"
"B","26-10-2019","2019-10-26 00:00:00 -0500",1,99,"B002",163425,,,," ",7,"GLP",8.26,1.03,1.21,8.47,1.53,10.00,,,,,,,"LTR"
"B","26-10-2019","2019-10-26 00:00:00 -0500",1,99,"B002",163424,,,," ",7,"GLP",8.26,1.03,1.21,8.47,1.53,10.00,,,,,,,"LTR"
"B","26-10-2019","2019-10-26 00:00:00 -0500",1,99,"B002",163423,,,," ",7,"GLP",12.31,1.03,1.21,12.63,2.27,14.90,,,,,,,"LTR"
"B","26-10-2019","2019-10-26 00:00:00 -0500",1,99,"B002",163422,,,," ",2,"Gasohol 90",0.47,10.75,12.69,5.08,0.92,6.00,,,,,,,"GLL"
"B","26-10-2019","2019-10-26 00:00:00 -0500",1,99,"B002",163421,,,," ",7,"GLP",12.4,1.03,1.21,12.71,2.29,15.00,,,,,,,"LTR"
"B","26-10-2019","2019-10-26 00:00:00 -0500",1,99,"B002",163420,,,," ",7,"GLP",5.79,1.03,1.21,5.93,1.07,7.00,,,,,,,"LTR"
"B","26-10-2019","2019-10-26 00:00:00 -0500",1,99,"B002",163419,,,," ",7,"GLP",5.79,1.03,1.21,5.93,1.07,7.00,,,,,,,"LTR"
"B","26-10-2019","2019-10-26 00:00:00 -0500",1,99,"B002",163418,,,," ",7,"GLP",4.13,1.03,1.21,4.24,0.76,5.00,,,,,,,"LTR"
"B","26-10-2019","2019-10-26 00:00:00 -0500",1,99,"B002",163417,,,," ",7,"GLP",33.06,1.03,1.21,33.90,6.10,40.00,,,,,,,"LTR"
"B","26-10-2019","2019-10-26 00:00:00 -0500",1,99,"B002",163416,,,," ",7,"GLP",20.66,1.03,1.21,21.19,3.81,25.00,,,,,,,"LTR"
"B","26-10-2019","2019-10-26 00:00:00 -0500",1,99,"B002",163415,,,," ",7,"GLP",19.42,1.03,1.21,19.92,3.58,23.50,,,,,,,"LTR"
"B","26-10-2019","2019-10-26 00:00:00 -0500",1,99,"B002",163414,,,," ",7,"GLP",10.34,1.03,1.21,10.60,1.91,12.51,,,,,,,"LTR"
"B","26-10-2019","2019-10-26 00:00:00 -0500",1,99,"B002",163413,,,," ",7,"GLP",4.13,1.03,1.21,4.24,0.76,5.00,,,,,,,"LTR"
"B","26-10-2019","2019-10-26 00:00:00 -0500",1,99,"B002",163412,,,," ",7,"GLP",8.26,1.03,1.21,8.47,1.53,10.00,,,,,,,"LTR"
"B","26-10-2019","2019-10-26 00:00:00 -0500",1,99,"B002",163411,,,," ",2,"Gasohol 90",0.39,10.75,12.69,4.24,0.76,5.00,,,,,,,"GLL"
"B","26-10-2019","2019-10-26 00:00:00 -0500",1,99,"B002",163410,,,," ",7,"GLP",16.53,1.03,1.21,16.95,3.05,20.00,,,,,,,"LTR"
"B","26-10-2019","2019-10-26 00:00:00 -0500",1,99,"B002",163409,,,," ",7,"GLP",4.96,1.03,1.21,5.08,0.92,6.00,,,,,,,"LTR"
"B","26-10-2019","2019-10-26 00:00:00 -0500",1,99,"B002",163408,,,," ",7,"GLP",22.31,1.03,1.21,22.88,4.12,27.00,,,,,,,"LTR"
"B","26-10-2019","2019-10-26 00:00:00 -0500",1,99,"B002",163407,,,," ",7,"GLP",16.53,1.03,1.21,16.95,3.05,20.00,,,,,,,"LTR"
"B","26-10-2019","2019-10-26 00:00:00 -0500",1,99,"B002",163406,,,," ",7,"GLP",8.26,1.03,1.21,8.47,1.53,10.00,,,,,,,"LTR"
"B","26-10-2019","2019-10-26 00:00:00 -0500",1,99,"B002",163405,,,," ",7,"GLP",16.53,1.03,1.21,16.95,3.05,20.00,,,,,,,"LTR"
"B","26-10-2019","2019-10-26 00:00:00 -0500",1,99,"B002",163404,,,," ",7,"GLP",8.26,1.03,1.21,8.47,1.53,10.00,,,,,,,"LTR"
"B","26-10-2019","2019-10-26 00:00:00 -0500",1,99,"B002",163403,,,," ",7,"GLP",3.8,1.03,1.21,3.90,0.70,4.60,,,,,,,"LTR"
"B","26-10-2019","2019-10-26 00:00:00 -0500",1,99,"B002",163402,,,," ",7,"GLP",16.53,1.03,1.21,16.95,3.05,20.00,,,,,,,"LTR"
"B","26-10-2019","2019-10-26 00:00:00 -0500",1,99,"B002",163401,,,," ",7,"GLP",12.4,1.03,1.21,12.71,2.29,15.00,,,,,,,"LTR"
"B","26-10-2019","2019-10-26 00:00:00 -0500",1,99,"B002",163400,,,," ",7,"GLP",5.79,1.03,1.21,5.93,1.07,7.00,,,,,,,"LTR"
"B","26-10-2019","2019-10-26 00:00:00 -0500",1,99,"B002",163399,,,," ",7,"GLP",2.64,1.03,1.21,2.70,0.49,3.19,,,,,,,"LTR"
"B","26-10-2019","2019-10-26 00:00:00 -0500",1,99,"B002",163398,,,," ",7,"GLP",4.13,1.03,1.21,4.24,0.76,5.00,,,,,,,"LTR"
"B","26-10-2019","2019-10-26 00:00:00 -0500",1,99,"B002",163397,,,," ",7,"GLP",4.98,1.03,1.21,5.10,0.92,6.02,,,,,,,"LTR"
"B","26-10-2019","2019-10-26 00:00:00 -0500",1,99,"B002",163396,,,," ",7,"GLP",6.61,1.03,1.21,6.78,1.22,8.00,,,,,,,"LTR"
"B","26-10-2019","2019-10-26 00:00:00 -0500",1,99,"B002",163395,,,," ",7,"GLP",6.61,1.03,1.21,6.78,1.22,8.00,,,,,,,"LTR"
"B","26-10-2019","2019-10-26 00:00:00 -0500",1,99,"B002",163394,,,," ",7,"GLP",20.66,1.03,1.21,21.19,3.81,25.00,,,,,,,"LTR"
"B","26-10-2019","2019-10-26 00:00:00 -0500",1,99,"B002",163393,,,," ",7,"GLP",6.86,1.03,1.21,7.03,1.27,8.30,,,,,,,"LTR"
"B","26-10-2019","2019-10-26 00:00:00 -0500",1,99,"B002",163392,,,," ",7,"GLP",13.33,1.03,1.21,13.67,2.46,16.13,,,,,,,"LTR"
"B","26-10-2019","2019-10-26 00:00:00 -0500",1,99,"B002",163391,,,," ",7,"GLP",12.4,1.03,1.21,12.71,2.29,15.00,,,,,,,"LTR"
"B","26-10-2019","2019-10-26 00:00:00 -0500",1,99,"B002",163390,,,," ",7,"GLP",6.61,1.03,1.21,6.78,1.22,8.00,,,,,,,"LTR"
"B","26-10-2019","2019-10-26 00:00:00 -0500",1,99,"B002",163389,,,," ",7,"GLP",5.62,1.03,1.21,5.76,1.04,6.80,,,,,,,"LTR"
"B","26-10-2019","2019-10-26 00:00:00 -0500",1,99,"B002",163388,,,," ",7,"GLP",9.09,1.03,1.21,9.32,1.68,11.00,,,,,,,"LTR"
"B","26-10-2019","2019-10-26 00:00:00 -0500",1,99,"B002",163387,,,," ",7,"GLP",6.61,1.03,1.21,6.78,1.22,8.00,,,,,,,"LTR"
"B","26-10-2019","2019-10-26 00:00:00 -0500",1,99,"B002",163386,,,," ",7,"GLP",5.71,1.03,1.21,5.86,1.05,6.91,,,,,,,"LTR"
"B","26-10-2019","2019-10-26 00:00:00 -0500",1,99,"B002",163385,,,," ",7,"GLP",4.13,1.03,1.21,4.24,0.76,5.00,,,,,,,"LTR"
"B","26-10-2019","2019-10-26 00:00:00 -0500",1,99,"B002",163384,,,," ",7,"GLP",8.26,1.03,1.21,8.47,1.53,10.00,,,,,,,"LTR"
"B","26-10-2019","2019-10-26 00:00:00 -0500",1,99,"B002",163383,,,," ",7,"GLP",6.61,1.03,1.21,6.78,1.22,8.00,,,,,,,"LTR"
"B","26-10-2019","2019-10-26 00:00:00 -0500",1,99,"B002",163382,,,," ",7,"GLP",8.26,1.03,1.21,8.47,1.53,10.00,,,,,,,"LTR"
"B","26-10-2019","2019-10-26 00:00:00 -0500",1,99,"B002",163381,,,," ",7,"GLP",18.67,1.03,1.21,19.14,3.45,22.59,,,,,,,"LTR"
"B","26-10-2019","2019-10-26 00:00:00 -0500",1,99,"B002",163380,,,," ",7,"GLP",5.79,1.03,1.21,5.93,1.07,7.00,,,,,,,"LTR"
"B","26-10-2019","2019-10-26 00:00:00 -0500",1,99,"B002",163379,,,," ",7,"GLP",16.53,1.03,1.21,16.95,3.05,20.00,,,,,,,"LTR"
"B","26-10-2019","2019-10-26 00:00:00 -0500",1,99,"B002",163378,,,," ",7,"GLP",2.4,1.03,1.21,2.46,0.44,2.90,,,,,,,"LTR"
"B","26-10-2019","2019-10-26 00:00:00 -0500",1,99,"B002",163377,,,," ",7,"GLP",13.06,1.03,1.21,13.39,2.41,15.80,,,,,,,"LTR"
"B","26-10-2019","2019-10-26 00:00:00 -0500",1,99,"B002",163376,,,," ",7,"GLP",16.53,1.03,1.21,16.95,3.05,20.00,,,,,,,"LTR"
"B","26-10-2019","2019-10-26 00:00:00 -0500",1,99,"B002",163375,,,," ",7,"GLP",15.7,1.03,1.21,16.10,2.90,19.00,,,,,,,"LTR"
"B","26-10-2019","2019-10-26 00:00:00 -0500",1,99,"B002",163374,,,," ",7,"GLP",20.66,1.03,1.21,21.19,3.81,25.00,,,,,,,"LTR"
"B","26-10-2019","2019-10-26 00:00:00 -0500",1,99,"B002",163373,,,," ",7,"GLP",8.26,1.03,1.21,8.47,1.53,10.00,,,,,,,"LTR"
"B","26-10-2019","2019-10-26 00:00:00 -0500",1,99,"B002",163372,,,," ",7,"GLP",8.26,1.03,1.21,8.47,1.53,10.00,,,,,,,"LTR"
"B","26-10-2019","2019-10-26 00:00:00 -0500",1,99,"B002",163371,,,," ",7,"GLP",23.14,1.03,1.21,23.73,4.27,28.00,,,,,,,"LTR"
"B","26-10-2019","2019-10-26 00:00:00 -0500",1,99,"B002",163370,,,," ",7,"GLP",20.66,1.03,1.21,21.19,3.81,25.00,,,,,,,"LTR"
"B","26-10-2019","2019-10-26 00:00:00 -0500",1,99,"B002",163369,,,," ",7,"GLP",16.53,1.03,1.21,16.95,3.05,20.00,,,,,,,"LTR"
"B","26-10-2019","2019-10-26 00:00:00 -0500",1,99,"B002",163368,,,," ",7,"GLP",3.31,1.03,1.21,3.39,0.61,4.00,,,,,,,"LTR"
"B","26-10-2019","2019-10-26 00:00:00 -0500",1,99,"B002",163367,,,," ",7,"GLP",8.26,1.03,1.21,8.47,1.53,10.00,,,,,,,"LTR"
"B","26-10-2019","2019-10-26 00:00:00 -0500",1,99,"B002",163366,,,," ",7,"GLP",9.92,1.03,1.21,10.17,1.83,12.00,,,,,,,"LTR"
"B","26-10-2019","2019-10-26 00:00:00 -0500",1,99,"B002",163365,,,," ",7,"GLP",12.4,1.03,1.21,12.71,2.29,15.00,,,,,,,"LTR"
"B","26-10-2019","2019-10-26 00:00:00 -0500",1,99,"B002",163364,,,," ",7,"GLP",8.26,1.03,1.21,8.47,1.53,10.00,,,,,,,"LTR"
"B","26-10-2019","2019-10-26 00:00:00 -0500",1,99,"B002",163363,,,," ",7,"GLP",6.61,1.03,1.21,6.78,1.22,8.00,,,,,,,"LTR"
"B","26-10-2019","2019-10-26 00:00:00 -0500",1,99,"B002",163362,,,," ",7,"GLP",8.26,1.03,1.21,8.47,1.53,10.00,,,,,,,"LTR"
"B","26-10-2019","2019-10-26 00:00:00 -0500",1,99,"B002",163361,,,," ",7,"GLP",8.26,1.03,1.21,8.47,1.53,10.00,,,,,,,"LTR"
"B","26-10-2019","2019-10-26 00:00:00 -0500",1,99,"B002",163360,,,," ",7,"GLP",8.26,1.03,1.21,8.47,1.53,10.00,,,,,,,"LTR"
"B","26-10-2019","2019-10-26 00:00:00 -0500",1,99,"B002",163359,,,," ",7,"GLP",4.13,1.03,1.21,4.24,0.76,5.00,,,,,,,"LTR"
"B","26-10-2019","2019-10-26 00:00:00 -0500",1,99,"B002",163358,,,," ",7,"GLP",25.65,1.03,1.21,26.30,4.73,31.03,,,,,,,"LTR"
"B","26-10-2019","2019-10-26 00:00:00 -0500",1,99,"B002",163357,,,," ",7,"GLP",9.42,1.03,1.21,9.66,1.74,11.40,,,,,,,"LTR"
"B","26-10-2019","2019-10-26 00:00:00 -0500",1,99,"B002",163356,,,," ",7,"GLP",4.13,1.03,1.21,4.24,0.76,5.00,,,,,,,"LTR"
"B","26-10-2019","2019-10-26 00:00:00 -0500",1,99,"B002",163355,,,," ",7,"GLP",8.26,1.03,1.21,8.47,1.53,10.00,,,,,,,"LTR"
"B","26-10-2019","2019-10-26 00:00:00 -0500",1,99,"B002",163354,,,," ",7,"GLP",8.26,1.03,1.21,8.47,1.53,10.00,,,,,,,"LTR"
"B","26-10-2019","2019-10-26 00:00:00 -0500",1,99,"B002",163353,,,," ",7,"GLP",4.13,1.03,1.21,4.24,0.76,5.00,,,,,,,"LTR"
"B","26-10-2019","2019-10-26 00:00:00 -0500",1,99,"B002",163352,,,," ",7,"GLP",7.44,1.03,1.21,7.63,1.37,9.00,,,,,,,"LTR"
"B","26-10-2019","2019-10-26 00:00:00 -0500",1,99,"B002",163351,,,," ",7,"GLP",6.61,1.03,1.21,6.78,1.22,8.00,,,,,,,"LTR"
"B","26-10-2019","2019-10-26 00:00:00 -0500",1,99,"B002",163350,,,," ",7,"GLP",12.4,1.03,1.21,12.71,2.29,15.00,,,,,,,"LTR"
"B","26-10-2019","2019-10-26 00:00:00 -0500",1,99,"B002",163349,,,," ",7,"GLP",8.26,1.03,1.21,8.47,1.53,10.00,,,,,,,"LTR"
"B","26-10-2019","2019-10-26 00:00:00 -0500",1,99,"B002",163348,,,," ",7,"GLP",13.22,1.03,1.21,13.56,2.44,16.00,,,,,,,"LTR"
"B","26-10-2019","2019-10-26 00:00:00 -0500",1,99,"B002",163347,,,," ",7,"GLP",3.31,1.03,1.21,3.40,0.61,4.01,,,,,,,"LTR"
"B","26-10-2019","2019-10-26 00:00:00 -0500",1,99,"B002",163346,,,," ",7,"GLP",8.26,1.03,1.21,8.47,1.53,10.00,,,,,,,"LTR"
"B","26-10-2019","2019-10-26 00:00:00 -0500",1,99,"B002",163345,,,," ",7,"GLP",7.61,1.03,1.21,7.81,1.40,9.21,,,,,,,"LTR"
"B","26-10-2019","2019-10-26 00:00:00 -0500",1,99,"B002",163344,,,," ",7,"GLP",8.26,1.03,1.21,8.47,1.53,10.00,,,,,,,"LTR"
"B","26-10-2019","2019-10-26 00:00:00 -0500",1,99,"B002",163343,,,," ",7,"GLP",5.79,1.03,1.21,5.93,1.07,7.00,,,,,,,"LTR"
"B","26-10-2019","2019-10-26 00:00:00 -0500",1,99,"B002",163342,,,," ",7,"GLP",4.13,1.03,1.21,4.24,0.76,5.00,,,,,,,"LTR"
"B","26-10-2019","2019-10-26 00:00:00 -0500",1,99,"B002",163341,,,," ",7,"GLP",2.74,1.03,1.21,2.81,0.51,3.32,,,,,,,"LTR"
"B","26-10-2019","2019-10-26 00:00:00 -0500",1,99,"B002",163340,,,," ",7,"GLP",7.86,1.03,1.21,8.06,1.45,9.51,,,,,,,"LTR"
"B","26-10-2019","2019-10-26 00:00:00 -0500",1,99,"B002",163339,,,," ",7,"GLP",8.26,1.03,1.21,8.47,1.53,10.00,,,,,,,"LTR"
"B","26-10-2019","2019-10-26 00:00:00 -0500",1,99,"B002",163338,,,," ",7,"GLP",5.79,1.03,1.21,5.93,1.07,7.00,,,,,,,"LTR"
"B","26-10-2019","2019-10-26 00:00:00 -0500",1,99,"B002",163337,,,," ",7,"GLP",8.26,1.03,1.21,8.47,1.53,10.00,,,,,,,"LTR"
"B","26-10-2019","2019-10-26 00:00:00 -0500",1,99,"B002",163336,,,," ",7,"GLP",4.13,1.03,1.21,4.24,0.76,5.00,,,,,,,"LTR"
"B","26-10-2019","2019-10-26 00:00:00 -0500",1,99,"B002",163335,,,," ",7,"GLP",4.96,1.03,1.21,5.08,0.92,6.00,,,,,,,"LTR"
"B","26-10-2019","2019-10-26 00:00:00 -0500",1,99,"B002",163334,,,," ",7,"GLP",5.79,1.03,1.21,5.93,1.07,7.00,,,,,,,"LTR"
"B","26-10-2019","2019-10-26 00:00:00 -0500",1,99,"B002",163333,,,," ",7,"GLP",7.77,1.03,1.21,7.97,1.43,9.40,,,,,,,"LTR"
"B","26-10-2019","2019-10-26 00:00:00 -0500",1,99,"B002",163332,,,," ",7,"GLP",8.26,1.03,1.21,8.47,1.53,10.00,,,,,,,"LTR"
"B","26-10-2019","2019-10-26 00:00:00 -0500",1,99,"B002",163331,,,," ",7,"GLP",10.74,1.03,1.21,11.02,1.98,13.00,,,,,,,"LTR"
"B","26-10-2019","2019-10-26 00:00:00 -0500",1,99,"B002",163330,,,," ",7,"GLP",8.26,1.03,1.21,8.47,1.53,10.00,,,,,,,"LTR"
"B","26-10-2019","2019-10-26 00:00:00 -0500",1,99,"B002",163329,,,," ",7,"GLP",9.84,1.03,1.21,10.08,1.82,11.90,,,,,,,"LTR"
"B","26-10-2019","2019-10-26 00:00:00 -0500",1,99,"B002",163328,,,," ",7,"GLP",9.35,1.03,1.21,9.58,1.73,11.31,,,,,,,"LTR"
"B","26-10-2019","2019-10-26 00:00:00 -0500",1,99,"B002",163327,,,," ",7,"GLP",31.2,1.03,1.21,31.99,5.76,37.75,,,,,,,"LTR"
"B","26-10-2019","2019-10-26 00:00:00 -0500",1,99,"B002",163326,,,," ",7,"GLP",6.61,1.03,1.21,6.78,1.22,8.00,,,,,,,"LTR"
"B","26-10-2019","2019-10-26 00:00:00 -0500",1,99,"B002",163325,,,," ",7,"GLP",7.44,1.03,1.21,7.63,1.37,9.00,,,,,,,"LTR"
"B","26-10-2019","2019-10-26 00:00:00 -0500",1,99,"B002",163324,,,," ",7,"GLP",4.13,1.03,1.21,4.24,0.76,5.00,,,,,,,"LTR"
"B","26-10-2019","2019-10-26 00:00:00 -0500",1,99,"B002",163323,,,," ",7,"GLP",5.79,1.03,1.21,5.93,1.07,7.00,,,,,,,"LTR"
"B","26-10-2019","2019-10-26 00:00:00 -0500",1,99,"B002",163322,,,," ",7,"GLP",13.31,1.03,1.21,13.64,2.46,16.10,,,,,,,"LTR"
"B","26-10-2019","2019-10-26 00:00:00 -0500",1,99,"B002",163321,,,," ",7,"GLP",4.13,1.03,1.21,4.24,0.76,5.00,,,,,,,"LTR"
"B","26-10-2019","2019-10-26 00:00:00 -0500",1,99,"B002",163320,,,," ",7,"GLP",8.26,1.03,1.21,8.47,1.53,10.00,,,,,,,"LTR"
"B","26-10-2019","2019-10-26 00:00:00 -0500",1,99,"B002",163319,,,," ",7,"GLP",8.26,1.03,1.21,8.47,1.53,10.00,,,,,,,"LTR"
"B","26-10-2019","2019-10-26 00:00:00 -0500",1,99,"B002",163318,,,," ",7,"GLP",7.85,1.03,1.21,8.05,1.45,9.50,,,,,,,"LTR"
"B","26-10-2019","2019-10-26 00:00:00 -0500",1,99,"B002",163317,,,," ",7,"GLP",12.4,1.03,1.21,12.71,2.29,15.00,,,,,,,"LTR"
"B","26-10-2019","2019-10-26 00:00:00 -0500",1,99,"B002",163316,,,," ",7,"GLP",8.26,1.03,1.21,8.47,1.53,10.00,,,,,,,"LTR"
"B","26-10-2019","2019-10-26 00:00:00 -0500",1,99,"B002",163315,,,," ",7,"GLP",12.73,1.03,1.21,13.05,2.35,15.40,,,,,,,"LTR"
"B","26-10-2019","2019-10-26 00:00:00 -0500",1,99,"B002",163314,,,," ",7,"GLP",3.04,1.03,1.21,3.12,0.56,3.68,,,,,,,"LTR"
"B","26-10-2019","2019-10-26 00:00:00 -0500",1,99,"B002",163313,,,," ",7,"GLP",13.22,1.03,1.21,13.56,2.44,16.00,,,,,,,"LTR"
"B","26-10-2019","2019-10-26 00:00:00 -0500",1,99,"B002",163312,,,," ",7,"GLP",6.53,1.03,1.21,6.69,1.21,7.90,,,,,,,"LTR"
"B","26-10-2019","2019-10-26 00:00:00 -0500",1,99,"B002",163311,,,," ",7,"GLP",5.79,1.03,1.21,5.93,1.07,7.00,,,,,,,"LTR"
"B","26-10-2019","2019-10-26 00:00:00 -0500",1,99,"B002",163310,,,," ",7,"GLP",4.13,1.03,1.21,4.24,0.76,5.00,,,,,,,"LTR"
"B","26-10-2019","2019-10-26 00:00:00 -0500",1,99,"B002",163309,,,," ",7,"GLP",8.26,1.03,1.21,8.47,1.53,10.00,,,,,,,"LTR"
"B","26-10-2019","2019-10-26 00:00:00 -0500",1,99,"B002",163308,,,," ",7,"GLP",15.04,1.03,1.21,15.42,2.78,18.20,,,,,,,"LTR"
"B","26-10-2019","2019-10-26 00:00:00 -0500",1,99,"B002",163307,,,," ",7,"GLP",8.26,1.03,1.21,8.47,1.53,10.00,,,,,,,"LTR"
"B","26-10-2019","2019-10-26 00:00:00 -0500",1,99,"B002",163306,,,," ",7,"GLP",4.96,1.03,1.21,5.08,0.92,6.00,,,,,,,"LTR"
"B","26-10-2019","2019-10-26 00:00:00 -0500",1,99,"B002",163305,,,," ",7,"GLP",16.53,1.03,1.21,16.95,3.05,20.00,,,,,,,"LTR"
"B","26-10-2019","2019-10-26 00:00:00 -0500",1,99,"B002",163304,,,," ",7,"GLP",4.13,1.03,1.21,4.24,0.76,5.00,,,,,,,"LTR"
"B","26-10-2019","2019-10-26 00:00:00 -0500",1,99,"B002",163303,,,," ",7,"GLP",16.53,1.03,1.21,16.95,3.05,20.00,,,,,,,"LTR"
"B","26-10-2019","2019-10-26 00:00:00 -0500",1,99,"B002",163302,,,," ",7,"GLP",4.96,1.03,1.21,5.08,0.92,6.00,,,,,,,"LTR"
"B","26-10-2019","2019-10-26 00:00:00 -0500",1,99,"B002",163301,,,," ",7,"GLP",16.53,1.03,1.21,16.95,3.05,20.00,,,,,,,"LTR"
"B","26-10-2019","2019-10-26 00:00:00 -0500",1,99,"B002",163300,,,," ",7,"GLP",6.93,1.03,1.21,7.11,1.28,8.39,,,,,,,"LTR"
"B","26-10-2019","2019-10-26 00:00:00 -0500",1,99,"B002",163299,,,," ",7,"GLP",0.01,1.03,1.21,0.01,0.00,0.01,,,,,,,"LTR"
"B","26-10-2019","2019-10-26 00:00:00 -0500",1,99,"B002",163298,,,," ",7,"GLP",2.48,1.03,1.21,2.54,0.46,3.00,,,,,,,"LTR"
"B","26-10-2019","2019-10-26 00:00:00 -0500",1,99,"B002",163297,,,," ",7,"GLP",0.01,1.03,1.21,0.01,0.00,0.01,,,,,,,"LTR"
"B","26-10-2019","2019-10-26 00:00:00 -0500",1,99,"B002",163296,,,," ",7,"GLP",16.53,1.03,1.21,16.95,3.05,20.00,,,,,,,"LTR"
"B","26-10-2019","2019-10-26 00:00:00 -0500",1,99,"B002",163295,,,," ",7,"GLP",9.46,1.03,1.21,9.70,1.75,11.45,,,,,,,"LTR"
"B","26-10-2019","2019-10-26 00:00:00 -0500",1,99,"B002",163294,,,," ",7,"GLP",5.79,1.03,1.21,5.93,1.07,7.00,,,,,,,"LTR"
"B","26-10-2019","2019-10-26 00:00:00 -0500",1,99,"B002",163293,,,," ",7,"GLP",4.96,1.03,1.21,5.08,0.92,6.00,,,,,,,"LTR"
"B","26-10-2019","2019-10-26 00:00:00 -0500",1,99,"B002",163292,,,," ",7,"GLP",4.13,1.03,1.21,4.24,0.76,5.00,,,,,,,"LTR"
"B","26-10-2019","2019-10-26 00:00:00 -0500",1,99,"B002",163291,,,," ",7,"GLP",4.87,1.03,1.21,4.99,0.90,5.89,,,,,,,"LTR"
"B","26-10-2019","2019-10-26 00:00:00 -0500",1,99,"B002",163290,,,," ",7,"GLP",4.13,1.03,1.21,4.24,0.76,5.00,,,,,,,"LTR"
"B","26-10-2019","2019-10-26 00:00:00 -0500",1,99,"B002",163289,,,," ",7,"GLP",16.53,1.03,1.21,16.95,3.05,20.00,,,,,,,"LTR"
"B","26-10-2019","2019-10-26 00:00:00 -0500",1,99,"B002",163288,,,," ",7,"GLP",4.13,1.03,1.21,4.24,0.76,5.00,,,,,,,"LTR"
"B","26-10-2019","2019-10-26 00:00:00 -0500",1,99,"B002",163287,,,," ",7,"GLP",9.92,1.03,1.21,10.17,1.83,12.00,,,,,,,"LTR"
"B","26-10-2019","2019-10-26 00:00:00 -0500",1,99,"B002",163286,,,," ",7,"GLP",8.26,1.03,1.21,8.47,1.53,10.00,,,,,,,"LTR"
"B","26-10-2019","2019-10-26 00:00:00 -0500",1,99,"B002",163285,,,," ",7,"GLP",14.3,1.03,1.21,14.66,2.64,17.30,,,,,,,"LTR"
"B","26-10-2019","2019-10-26 00:00:00 -0500",1,99,"B002",163284,,,," ",7,"GLP",9.92,1.03,1.21,10.17,1.83,12.00,,,,,,,"LTR"
"B","26-10-2019","2019-10-26 00:00:00 -0500",1,99,"B002",163283,,,," ",7,"GLP",4.13,1.03,1.21,4.24,0.76,5.00,,,,,,,"LTR"
"B","26-10-2019","2019-10-26 00:00:00 -0500",1,99,"B002",163282,,,," ",7,"GLP",8.26,1.03,1.21,8.47,1.53,10.00,,,,,,,"LTR"
"B","26-10-2019","2019-10-26 00:00:00 -0500",1,99,"B002",163281,,,," ",7,"GLP",6.61,1.03,1.21,6.78,1.22,8.00,,,,,,,"LTR"
"B","26-10-2019","2019-10-26 00:00:00 -0500",1,99,"B002",163280,,,," ",7,"GLP",4.13,1.03,1.21,4.24,0.76,5.00,,,,,,,"LTR"
"B","26-10-2019","2019-10-26 00:00:00 -0500",1,99,"B002",163279,,,," ",7,"GLP",4.96,1.03,1.21,5.08,0.92,6.00,,,,,,,"LTR"
"B","26-10-2019","2019-10-26 00:00:00 -0500",1,99,"B002",163278,,,," ",7,"GLP",12.4,1.03,1.21,12.71,2.29,15.00,,,,,,,"LTR"
"B","26-10-2019","2019-10-26 00:00:00 -0500",1,99,"B002",163277,,,," ",7,"GLP",6.61,1.03,1.21,6.78,1.22,8.00,,,,,,,"LTR"
"B","26-10-2019","2019-10-26 00:00:00 -0500",1,99,"B002",163276,,,," ",7,"GLP",4.13,1.03,1.21,4.24,0.76,5.00,,,,,,,"LTR"
"B","26-10-2019","2019-10-26 00:00:00 -0500",1,99,"B002",163275,,,," ",7,"GLP",8.26,1.03,1.21,8.47,1.53,10.00,,,,,,,"LTR"
"B","26-10-2019","2019-10-26 00:00:00 -0500",1,99,"B002",163274,,,," ",7,"GLP",6.61,1.03,1.21,6.78,1.22,8.00,,,,,,,"LTR"
"B","26-10-2019","2019-10-26 00:00:00 -0500",1,99,"B002",163273,,,," ",7,"GLP",4.96,1.03,1.21,5.08,0.92,6.00,,,,,,,"LTR"
"B","26-10-2019","2019-10-26 00:00:00 -0500",1,99,"B002",163272,,,," ",7,"GLP",5.93,1.03,1.21,6.08,1.10,7.18,,,,,,,"LTR"
"B","26-10-2019","2019-10-26 00:00:00 -0500",1,99,"B002",163271,,,," ",7,"GLP",9.92,1.03,1.21,10.17,1.83,12.00,,,,,,,"LTR"
"B","26-10-2019","2019-10-26 00:00:00 -0500",1,99,"B002",163270,,,," ",7,"GLP",8.26,1.03,1.21,8.47,1.53,10.00,,,,,,,"LTR"
"B","26-10-2019","2019-10-26 00:00:00 -0500",1,99,"B002",163269,,,," ",7,"GLP",11.15,1.03,1.21,11.43,2.06,13.49,,,,,,,"LTR"
"B","26-10-2019","2019-10-26 00:00:00 -0500",1,99,"B002",163268,,,," ",7,"GLP",14.88,1.03,1.21,15.26,2.75,18.01,,,,,,,"LTR"
"B","26-10-2019","2019-10-26 00:00:00 -0500",1,99,"B002",163267,,,," ",7,"GLP",8.07,1.03,1.21,8.27,1.49,9.76,,,,,,,"LTR"
"B","26-10-2019","2019-10-26 00:00:00 -0500",1,99,"B002",163266,,,," ",7,"GLP",8.26,1.03,1.21,8.47,1.53,10.00,,,,,,,"LTR"
"B","26-10-2019","2019-10-26 00:00:00 -0500",1,99,"B002",163265,,,," ",7,"GLP",11.22,1.03,1.21,11.51,2.07,13.58,,,,,,,"LTR"
"B","26-10-2019","2019-10-26 00:00:00 -0500",1,99,"B002",163264,,,," ",7,"GLP",8.26,1.03,1.21,8.47,1.53,10.00,,,,,,,"LTR"
"B","26-10-2019","2019-10-26 00:00:00 -0500",1,99,"B002",163263,,,," ",7,"GLP",8.26,1.03,1.21,8.47,1.53,10.00,,,,,,,"LTR"
"B","26-10-2019","2019-10-26 00:00:00 -0500",1,99,"B002",163262,,,," ",7,"GLP",6.61,1.03,1.21,6.78,1.22,8.00,,,,,,,"LTR"
"B","26-10-2019","2019-10-26 00:00:00 -0500",1,99,"B002",163261,,,," ",7,"GLP",11.57,1.03,1.21,11.86,2.14,14.00,,,,,,,"LTR"
"B","26-10-2019","2019-10-26 00:00:00 -0500",1,99,"B002",163260,,,," ",7,"GLP",4.13,1.03,1.21,4.24,0.76,5.00,,,,,,,"LTR"
"B","26-10-2019","2019-10-26 00:00:00 -0500",1,99,"B002",163259,,,," ",7,"GLP",9.09,1.03,1.21,9.32,1.68,11.00,,,,,,,"LTR"
"B","26-10-2019","2019-10-26 00:00:00 -0500",1,99,"B002",163258,,,," ",7,"GLP",12.4,1.03,1.21,12.71,2.29,15.00,,,,,,,"LTR"
"B","26-10-2019","2019-10-26 00:00:00 -0500",1,99,"B002",163257,,,," ",7,"GLP",8.67,1.03,1.21,8.89,1.60,10.49,,,,,,,"LTR"
"B","26-10-2019","2019-10-26 00:00:00 -0500",1,99,"B002",163256,,,," ",7,"GLP",11.62,1.03,1.21,11.92,2.14,14.06,,,,,,,"LTR"
"B","26-10-2019","2019-10-26 00:00:00 -0500",1,99,"B002",163255,,,," ",7,"GLP",4.13,1.03,1.21,4.24,0.76,5.00,,,,,,,"LTR"
"B","26-10-2019","2019-10-26 00:00:00 -0500",1,99,"B002",163254,,,," ",7,"GLP",16.53,1.03,1.21,16.95,3.05,20.00,,,,,,,"LTR"
"B","26-10-2019","2019-10-26 00:00:00 -0500",1,99,"B002",163253,,,," ",7,"GLP",28.93,1.03,1.21,29.66,5.34,35.00,,,,,,,"LTR"
"B","26-10-2019","2019-10-26 00:00:00 -0500",1,99,"B002",163252,,,," ",7,"GLP",10.25,1.03,1.21,10.51,1.89,12.40,,,,,,,"LTR"
"B","26-10-2019","2019-10-26 00:00:00 -0500",1,99,"B002",163251,,,," ",7,"GLP",8.26,1.03,1.21,8.47,1.53,10.00,,,,,,,"LTR"
"B","26-10-2019","2019-10-26 00:00:00 -0500",1,99,"B002",163250,,,," ",7,"GLP",4.13,1.03,1.21,4.24,0.76,5.00,,,,,,,"LTR"
"B","26-10-2019","2019-10-26 00:00:00 -0500",1,99,"B002",163249,,,," ",7,"GLP",4.13,1.03,1.21,4.24,0.76,5.00,,,,,,,"LTR"
"B","26-10-2019","2019-10-26 00:00:00 -0500",1,99,"B002",163248,,,," ",7,"GLP",4.13,1.03,1.21,4.24,0.76,5.00,,,,,,,"LTR"
"B","26-10-2019","2019-10-26 00:00:00 -0500",1,99,"B002",163247,,,," ",7,"GLP",8.26,1.03,1.21,8.47,1.53,10.00,,,,,,,"LTR"
"B","26-10-2019","2019-10-26 00:00:00 -0500",1,99,"B002",163246,,,," ",7,"GLP",6.61,1.03,1.21,6.78,1.22,8.00,,,,,,,"LTR"
"B","26-10-2019","2019-10-26 00:00:00 -0500",1,99,"B002",163245,,,," ",7,"GLP",8.68,1.03,1.21,8.90,1.60,10.50,,,,,,,"LTR"
"B","26-10-2019","2019-10-26 00:00:00 -0500",1,99,"B002",163244,,,," ",7,"GLP",4.13,1.03,1.21,4.24,0.76,5.00,,,,,,,"LTR"
"B","26-10-2019","2019-10-26 00:00:00 -0500",1,99,"B002",163243,,,," ",7,"GLP",7.87,1.03,1.21,8.07,1.45,9.52,,,,,,,"LTR"
"B","26-10-2019","2019-10-26 00:00:00 -0500",1,99,"B002",163242,,,," ",7,"GLP",8.26,1.03,1.21,8.47,1.53,10.00,,,,,,,"LTR"
"B","26-10-2019","2019-10-26 00:00:00 -0500",1,99,"B002",163241,,,," ",7,"GLP",9.92,1.03,1.21,10.17,1.83,12.00,,,,,,,"LTR"
"B","26-10-2019","2019-10-26 00:00:00 -0500",1,99,"B002",163240,,,," ",7,"GLP",4.13,1.03,1.21,4.24,0.76,5.00,,,,,,,"LTR"
"B","26-10-2019","2019-10-26 00:00:00 -0500",1,99,"B002",163239,,,," ",7,"GLP",16.5,1.03,1.21,16.92,3.05,19.97,,,,,,,"LTR"
"B","26-10-2019","2019-10-26 00:00:00 -0500",1,99,"B002",163238,,,," ",7,"GLP",8.26,1.03,1.21,8.47,1.53,10.00,,,,,,,"LTR"
"B","26-10-2019","2019-10-26 00:00:00 -0500",1,99,"B002",163237,,,," ",7,"GLP",15.29,1.03,1.21,15.68,2.82,18.50,,,,,,,"LTR"
"B","26-10-2019","2019-10-26 00:00:00 -0500",1,99,"B002",163236,,,," ",7,"GLP",9.68,1.03,1.21,9.92,1.79,11.71,,,,,,,"LTR"
"B","26-10-2019","2019-10-26 00:00:00 -0500",1,99,"B002",163235,,,," ",7,"GLP",16.53,1.03,1.21,16.95,3.05,20.00,,,,,,,"LTR"
"B","26-10-2019","2019-10-26 00:00:00 -0500",1,99,"B002",163234,,,," ",7,"GLP",4.13,1.03,1.21,4.24,0.76,5.00,,,,,,,"LTR"
"B","26-10-2019","2019-10-26 00:00:00 -0500",1,99,"B002",163233,,,," ",7,"GLP",4.13,1.03,1.21,4.24,0.76,5.00,,,,,,,"LTR"
"B","26-10-2019","2019-10-26 00:00:00 -0500",1,99,"B002",163232,,,," ",7,"GLP",8.26,1.03,1.21,8.47,1.53,10.00,,,,,,,"LTR"
"B","26-10-2019","2019-10-26 00:00:00 -0500",1,99,"B002",163231,,,," ",7,"GLP",8.26,1.03,1.21,8.47,1.53,10.00,,,,,,,"LTR"
"B","26-10-2019","2019-10-26 00:00:00 -0500",1,99,"B002",163230,,,," ",7,"GLP",27.34,1.03,1.21,28.03,5.05,33.08,,,,,,,"LTR"
"B","26-10-2019","2019-10-26 00:00:00 -0500",1,99,"B002",163229,,,," ",7,"GLP",28.07,1.03,1.21,28.79,5.18,33.97,,,,,,,"LTR"
"B","26-10-2019","2019-10-26 00:00:00 -0500",1,99,"B002",163228,,,," ",7,"GLP",8.26,1.03,1.21,8.47,1.53,10.00,,,,,,,"LTR"
"B","26-10-2019","2019-10-26 00:00:00 -0500",1,99,"B002",163227,,,," ",7,"GLP",4.13,1.03,1.21,4.24,0.76,5.00,,,,,,,"LTR"
"B","26-10-2019","2019-10-26 00:00:00 -0500",1,99,"B002",163226,,,," ",7,"GLP",5.79,1.03,1.21,5.93,1.07,7.00,,,,,,,"LTR"
"B","26-10-2019","2019-10-26 00:00:00 -0500",1,99,"B002",163225,,,," ",7,"GLP",8.26,1.03,1.21,8.47,1.53,10.00,,,,,,,"LTR"
"B","26-10-2019","2019-10-26 00:00:00 -0500",1,99,"B002",163224,,,," ",7,"GLP",8.26,1.03,1.21,8.47,1.53,10.00,,,,,,,"LTR"
"B","26-10-2019","2019-10-26 00:00:00 -0500",1,99,"B002",163223,,,," ",7,"GLP",6.61,1.03,1.21,6.78,1.22,8.00,,,,,,,"LTR"
"B","26-10-2019","2019-10-26 00:00:00 -0500",1,99,"B002",163222,,,," ",7,"GLP",21.49,1.03,1.21,22.03,3.97,26.00,,,,,,,"LTR"
"B","26-10-2019","2019-10-26 00:00:00 -0500",1,99,"B002",163221,,,," ",7,"GLP",8.26,1.03,1.21,8.47,1.53,10.00,,,,,,,"LTR"
"B","26-10-2019","2019-10-26 00:00:00 -0500",1,99,"B002",163220,,,," ",7,"GLP",11.57,1.03,1.21,11.86,2.14,14.00,,,,,,,"LTR"
"B","26-10-2019","2019-10-26 00:00:00 -0500",1,99,"B002",163219,,,," ",7,"GLP",6.61,1.03,1.21,6.78,1.22,8.00,,,,,,,"LTR"
"B","26-10-2019","2019-10-26 00:00:00 -0500",1,99,"B002",163218,,,," ",7,"GLP",4.13,1.03,1.21,4.24,0.76,5.00,,,,,,,"LTR"
"B","26-10-2019","2019-10-26 00:00:00 -0500",1,99,"B002",163217,,,," ",7,"GLP",12.4,1.03,1.21,12.71,2.29,15.00,,,,,,,"LTR"
"B","26-10-2019","2019-10-26 00:00:00 -0500",1,99,"B002",163216,,,," ",7,"GLP",4.13,1.03,1.21,4.24,0.76,5.00,,,,,,,"LTR"
"B","26-10-2019","2019-10-26 00:00:00 -0500",1,99,"B002",163215,,,," ",7,"GLP",8.26,1.03,1.21,8.47,1.53,10.00,,,,,,,"LTR"
"B","26-10-2019","2019-10-26 00:00:00 -0500",1,99,"B002",163214,,,," ",7,"GLP",6.61,1.03,1.21,6.78,1.22,8.00,,,,,,,"LTR"
"B","26-10-2019","2019-10-26 00:00:00 -0500",1,99,"B002",163213,,,," ",7,"GLP",14.05,1.03,1.21,14.41,2.59,17.00,,,,,,,"LTR"
"B","26-10-2019","2019-10-26 00:00:00 -0500",1,99,"B002",163212,,,," ",7,"GLP",4.13,1.03,1.21,4.24,0.76,5.00,,,,,,,"LTR"
"B","26-10-2019","2019-10-26 00:00:00 -0500",1,99,"B002",163211,,,," ",7,"GLP",4.13,1.03,1.21,4.24,0.76,5.00,,,,,,,"LTR"
"B","26-10-2019","2019-10-26 00:00:00 -0500",1,99,"B002",163210,,,," ",7,"GLP",8.26,1.03,1.21,8.47,1.53,10.00,,,,,,,"LTR"
"B","26-10-2019","2019-10-26 00:00:00 -0500",1,99,"B002",163209,,,," ",7,"GLP",6.61,1.03,1.21,6.78,1.22,8.00,,,,,,,"LTR"
"B","26-10-2019","2019-10-26 00:00:00 -0500",1,99,"B002",163208,,,," ",7,"GLP",4.13,1.03,1.21,4.24,0.76,5.00,,,,,,,"LTR"
"B","26-10-2019","2019-10-26 00:00:00 -0500",1,99,"B002",163207,,,," ",7,"GLP",6.61,1.03,1.21,6.78,1.22,8.00,,,,,,,"LTR"
"B","26-10-2019","2019-10-26 00:00:00 -0500",1,99,"B002",163206,,,," ",7,"GLP",16.53,1.03,1.21,16.95,3.05,20.00,,,,,,,"LTR"
"B","26-10-2019","2019-10-26 00:00:00 -0500",1,99,"B002",163205,,,," ",7,"GLP",3.31,1.03,1.21,3.39,0.61,4.00,,,,,,,"LTR"
"B","26-10-2019","2019-10-26 00:00:00 -0500",1,99,"B002",163204,,,," ",7,"GLP",4.13,1.03,1.21,4.24,0.76,5.00,,,,,,,"LTR"
"B","26-10-2019","2019-10-26 00:00:00 -0500",1,99,"B002",163203,,,," ",7,"GLP",8.26,1.03,1.21,8.47,1.53,10.00,,,,,,,"LTR"
"B","26-10-2019","2019-10-26 00:00:00 -0500",1,99,"B002",163202,,,," ",7,"GLP",6.61,1.03,1.21,6.78,1.22,8.00,,,,,,,"LTR"
"B","26-10-2019","2019-10-26 00:00:00 -0500",1,99,"B002",163201,,,," ",7,"GLP",22.31,1.03,1.21,22.88,4.12,27.00,,,,,,,"LTR"
"B","26-10-2019","2019-10-26 00:00:00 -0500",1,99,"B002",163200,,,," ",7,"GLP",8.26,1.03,1.21,8.47,1.53,10.00,,,,,,,"LTR"
"B","26-10-2019","2019-10-26 00:00:00 -0500",1,99,"B002",163199,,,," ",7,"GLP",16.53,1.03,1.21,16.95,3.05,20.00,,,,,,,"LTR"
"B","26-10-2019","2019-10-26 00:00:00 -0500",1,99,"B002",163198,,,," ",7,"GLP",16.53,1.03,1.21,16.95,3.05,20.00,,,,,,,"LTR"
"B","26-10-2019","2019-10-26 00:00:00 -0500",1,99,"B002",163197,,,," ",7,"GLP",32.22,1.03,1.21,33.04,5.95,38.99,,,,,,,"LTR"
"B","26-10-2019","2019-10-26 00:00:00 -0500",1,99,"B002",163196,,,," ",7,"GLP",9.57,1.03,1.21,9.81,1.77,11.58,,,,,,,"LTR"
"B","26-10-2019","2019-10-26 00:00:00 -0500",1,99,"B002",163195,,,," ",7,"GLP",8.26,1.03,1.21,8.47,1.53,10.00,,,,,,,"LTR"
"B","26-10-2019","2019-10-26 00:00:00 -0500",1,99,"B002",163194,,,," ",7,"GLP",7.44,1.03,1.21,7.63,1.37,9.00,,,,,,,"LTR"
"B","26-10-2019","2019-10-26 00:00:00 -0500",1,99,"B002",163193,,,," ",7,"GLP",18.18,1.03,1.21,18.64,3.36,22.00,,,,,,,"LTR"
"B","26-10-2019","2019-10-26 00:00:00 -0500",1,99,"B002",163192,,,," ",7,"GLP",16.53,1.03,1.21,16.95,3.05,20.00,,,,,,,"LTR"
"B","26-10-2019","2019-10-26 00:00:00 -0500",1,99,"B002",163191,,,," ",7,"GLP",4.13,1.03,1.21,4.24,0.76,5.00,,,,,,,"LTR"
"B","26-10-2019","2019-10-26 00:00:00 -0500",1,99,"B002",163190,,,," ",7,"GLP",4.13,1.03,1.21,4.24,0.76,5.00,,,,,,,"LTR"
"B","26-10-2019","2019-10-26 00:00:00 -0500",1,99,"B002",163189,,,," ",7,"GLP",5.79,1.03,1.21,5.93,1.07,7.00,,,,,,,"LTR"
"B","26-10-2019","2019-10-26 00:00:00 -0500",1,99,"B002",163188,,,," ",7,"GLP",6.61,1.03,1.21,6.78,1.22,8.00,,,,,,,"LTR"
"B","26-10-2019","2019-10-26 00:00:00 -0500",1,99,"B002",163187,,,," ",7,"GLP",26.45,1.03,1.21,27.12,4.88,32.00,,,,,,,"LTR"
"B","26-10-2019","2019-10-26 00:00:00 -0500",1,99,"B002",163186,,,," ",7,"GLP",3.97,1.03,1.21,4.07,0.73,4.80,,,,,,,"LTR"
"B","26-10-2019","2019-10-26 00:00:00 -0500",1,99,"B002",163185,,,," ",7,"GLP",13.23,1.03,1.21,13.57,2.44,16.01,,,,,,,"LTR"
"B","26-10-2019","2019-10-26 00:00:00 -0500",1,99,"B002",163184,,,," ",7,"GLP",4.13,1.03,1.21,4.24,0.76,5.00,,,,,,,"LTR"
"B","26-10-2019","2019-10-26 00:00:00 -0500",1,99,"B002",163183,,,," ",7,"GLP",22.32,1.03,1.21,22.89,4.12,27.01,,,,,,,"LTR"
"B","26-10-2019","2019-10-26 00:00:00 -0500",1,99,"B002",163182,,,," ",7,"GLP",4.96,1.03,1.21,5.08,0.92,6.00,,,,,,,"LTR"
"B","26-10-2019","2019-10-26 00:00:00 -0500",1,99,"B002",163181,,,," ",7,"GLP",2.48,1.03,1.21,2.54,0.46,3.00,,,,,,,"LTR"
"B","26-10-2019","2019-10-26 00:00:00 -0500",1,99,"B002",163180,,,," ",7,"GLP",20.66,1.03,1.21,21.19,3.81,25.00,,,,,,,"LTR"
"B","26-10-2019","2019-10-26 00:00:00 -0500",1,99,"B002",163179,,,," ",7,"GLP",13.22,1.03,1.21,13.56,2.44,16.00,,,,,,,"LTR"
"B","26-10-2019","2019-10-26 00:00:00 -0500",1,99,"B002",163178,,,," ",7,"GLP",17.37,1.03,1.21,17.81,3.21,21.02,,,,,,,"LTR"
"B","26-10-2019","2019-10-26 00:00:00 -0500",1,99,"B002",163177,,,," ",7,"GLP",4.13,1.03,1.21,4.24,0.76,5.00,,,,,,,"LTR"
"B","26-10-2019","2019-10-26 00:00:00 -0500",1,99,"B002",163176,,,," ",7,"GLP",7.85,1.03,1.21,8.05,1.45,9.50,,,,,,,"LTR"
"B","26-10-2019","2019-10-26 00:00:00 -0500",1,99,"B002",163175,,,," ",7,"GLP",5.79,1.03,1.21,5.93,1.07,7.00,,,,,,,"LTR"
"B","26-10-2019","2019-10-26 00:00:00 -0500",1,99,"B101",24361,,,," ",5,"DIESEL PRO B5",4.21,10.08,11.89,42.37,7.63,50.00,,,,,,,"GLL"
"B","26-10-2019","2019-10-26 00:00:00 -0500",1,99,"B101",24360,,,," ",3,"GASOHOL 95",0.73,11.67,13.77,8.47,1.53,10.00,,,,,,,"GLL"
"B","26-10-2019","2019-10-26 00:00:00 -0500",1,99,"B101",24359,,,," ",4,"GASOHOL 98",0.66,12.87,15.19,8.47,1.53,10.00,,,,,,,"GLL"
"B","26-10-2019","2019-10-26 00:00:00 -0500",1,99,"B101",24358,,,," ",2,"GASOHOL 90",0.47,10.82,12.77,5.08,0.92,6.00,,,,,,,"GLL"
"B","26-10-2019","2019-10-26 00:00:00 -0500",1,99,"B101",24357,,,," ",2,"GASOHOL 90",0.78,10.82,12.77,8.47,1.53,10.00,,,,,,,"GLL"
"B","26-10-2019","2019-10-26 00:00:00 -0500",1,99,"B101",24356,,,," ",2,"GASOHOL 90",0.78,10.82,12.77,8.47,1.53,10.00,,,,,,,"GLL"
"B","26-10-2019","2019-10-26 00:00:00 -0500",1,99,"B101",24355,,,," ",3,"GASOHOL 95",1.16,11.67,13.77,13.56,2.44,16.00,,,,,,,"GLL"
"B","26-10-2019","2019-10-26 00:00:00 -0500",1,99,"B101",24354,,,," ",2,"GASOHOL 90",0.39,10.82,12.77,4.24,0.76,5.00,,,,,,,"GLL"
"B","26-10-2019","2019-10-26 00:00:00 -0500",1,99,"B101",24353,,,," ",3,"GASOHOL 95",2.91,11.67,13.77,33.90,6.10,40.00,,,,,,,"GLL"
"B","26-10-2019","2019-10-26 00:00:00 -0500",1,99,"B101",24352,,,," ",3,"GASOHOL 95",2.18,11.67,13.77,25.42,4.58,30.00,,,,,,,"GLL"
"B","26-10-2019","2019-10-26 00:00:00 -0500",1,99,"B101",24351,,,," ",2,"GASOHOL 90",1.57,10.82,12.77,16.95,3.05,20.00,,,,,,,"GLL"
"B","26-10-2019","2019-10-26 00:00:00 -0500",1,99,"B101",24350,,,," ",5,"DIESEL PRO B5",0.84,10.08,11.89,8.47,1.53,10.00,,,,,,,"GLL"
"B","26-10-2019","2019-10-26 00:00:00 -0500",1,99,"B101",24349,,,," ",4,"GASOHOL 98",3.95,12.87,15.19,50.85,9.15,60.00,,,,,,,"GLL"
"B","26-10-2019","2019-10-26 00:00:00 -0500",1,99,"B101",24348,,,," ",2,"GASOHOL 90",0.39,10.82,12.77,4.24,0.76,5.00,,,,,,,"GLL"
"B","26-10-2019","2019-10-26 00:00:00 -0500",1,99,"B101",24347,,,," ",2,"GASOHOL 90",0.39,10.82,12.77,4.24,0.76,5.00,,,,,,,"GLL"
"B","26-10-2019","2019-10-26 00:00:00 -0500",1,99,"B101",24346,,,," ",2,"GASOHOL 90",0.39,10.82,12.77,4.24,0.76,5.00,,,,,,,"GLL"
"B","26-10-2019","2019-10-26 00:00:00 -0500",1,99,"B101",24345,,,," ",2,"GASOHOL 90",0.39,10.82,12.77,4.24,0.76,5.00,,,,,,,"GLL"
"B","26-10-2019","2019-10-26 00:00:00 -0500",1,99,"B101",24344,,,," ",2,"GASOHOL 90",0.78,10.82,12.77,8.47,1.53,10.00,,,,,,,"GLL"
"B","26-10-2019","2019-10-26 00:00:00 -0500",1,99,"B101",24343,,,," ",2,"GASOHOL 90",0.39,10.82,12.77,4.24,0.76,5.00,,,,,,,"GLL"
"B","26-10-2019","2019-10-26 00:00:00 -0500",1,99,"B101",24342,,,," ",3,"GASOHOL 95",2.18,11.67,13.77,25.42,4.58,30.00,,,,,,,"GLL"
"B","26-10-2019","2019-10-26 00:00:00 -0500",1,99,"B101",24341,,,," ",3,"GASOHOL 95",1,11.67,13.77,11.67,2.10,13.77,,,,,,,"GLL"
"B","26-10-2019","2019-10-26 00:00:00 -0500",1,99,"B101",24340,,,," ",2,"GASOHOL 90",0.78,10.82,12.77,8.48,1.53,10.01,,,,,,,"GLL"
"B","26-10-2019","2019-10-26 00:00:00 -0500",1,99,"B101",24339,,,," ",2,"GASOHOL 90",0.78,10.82,12.77,8.47,1.53,10.00,,,,,,,"GLL"
"B","26-10-2019","2019-10-26 00:00:00 -0500",1,99,"B101",24338,,,," ",5,"DIESEL PRO B5",0.84,10.08,11.89,8.47,1.53,10.00,,,,,,,"GLL"
"B","26-10-2019","2019-10-26 00:00:00 -0500",1,99,"B101",24337,,,," ",2,"GASOHOL 90",12.67,10.82,12.77,137.07,24.67,161.74,,,,,,,"GLL"
"B","26-10-2019","2019-10-26 00:00:00 -0500",1,99,"B101",24336,,,," ",2,"GASOHOL 90",0.78,10.82,12.77,8.47,1.53,10.00,,,,,,,"GLL"
"B","26-10-2019","2019-10-26 00:00:00 -0500",1,99,"B101",24335,,,," ",5,"DIESEL PRO B5",1.68,10.08,11.89,16.95,3.05,20.00,,,,,,,"GLL"
"B","26-10-2019","2019-10-26 00:00:00 -0500",1,99,"B101",24334,,,," ",3,"GASOHOL 95",0.73,11.67,13.77,8.47,1.53,10.00,,,,,,,"GLL"
"B","26-10-2019","2019-10-26 00:00:00 -0500",1,99,"B101",24333,,,," ",2,"GASOHOL 90",0.24,10.82,12.77,2.54,0.46,3.00,,,,,,,"GLL"
"B","26-10-2019","2019-10-26 00:00:00 -0500",1,99,"B101",24332,,,," ",5,"DIESEL PRO B5",1.68,10.08,11.89,16.95,3.05,20.00,,,,,,,"GLL"
"B","26-10-2019","2019-10-26 00:00:00 -0500",1,99,"B101",24331,,,," ",5,"DIESEL PRO B5",0.84,10.08,11.89,8.47,1.53,10.00,,,,,,,"GLL"
"B","26-10-2019","2019-10-26 00:00:00 -0500",1,99,"B101",24330,,,," ",2,"GASOHOL 90",0.39,10.82,12.77,4.24,0.76,5.00,,,,,,,"GLL"
"B","26-10-2019","2019-10-26 00:00:00 -0500",1,99,"B101",24329,,,," ",5,"DIESEL PRO B5",1.26,10.08,11.89,12.71,2.29,15.00,,,,,,,"GLL"
"B","26-10-2019","2019-10-26 00:00:00 -0500",1,99,"B101",24328,,,," ",5,"DIESEL PRO B5",0.84,10.08,11.89,8.47,1.53,10.00,,,,,,,"GLL"
"B","26-10-2019","2019-10-26 00:00:00 -0500",1,99,"B101",24327,,,," ",2,"GASOHOL 90",0.04,10.82,12.77,0.40,0.07,0.47,,,,,,,"GLL"
"B","26-10-2019","2019-10-26 00:00:00 -0500",1,99,"B101",24326,,,," ",2,"GASOHOL 90",0.78,10.82,12.77,8.47,1.53,10.00,,,,,,,"GLL"
"B","26-10-2019","2019-10-26 00:00:00 -0500",1,99,"B101",24325,,,," ",2,"GASOHOL 90",0.61,10.82,12.77,6.61,1.19,7.80,,,,,,,"GLL"
"B","26-10-2019","2019-10-26 00:00:00 -0500",1,99,"B101",24324,,,," ",2,"GASOHOL 90",0.55,10.82,12.77,5.93,1.07,7.00,,,,,,,"GLL"
"B","26-10-2019","2019-10-26 00:00:00 -0500",1,99,"B101",24323,,,," ",3,"GASOHOL 95",10.07,11.67,13.77,117.55,21.16,138.71,,,,,,,"GLL"
"B","26-10-2019","2019-10-26 00:00:00 -0500",1,99,"B101",24322,,,," ",5,"DIESEL PRO B5",1.26,10.08,11.89,12.71,2.29,15.00,,,,,,,"GLL"
"B","26-10-2019","2019-10-26 00:00:00 -0500",1,99,"B101",24321,,,," ",3,"GASOHOL 95",0.73,11.67,13.77,8.47,1.53,10.00,,,,,,,"GLL"
"B","26-10-2019","2019-10-26 00:00:00 -0500",1,99,"B101",24320,,,," ",4,"GASOHOL 98",3.29,12.87,15.19,42.37,7.63,50.00,,,,,,,"GLL"
"B","26-10-2019","2019-10-26 00:00:00 -0500",1,99,"B101",24319,,,," ",2,"GASOHOL 90",0.78,10.82,12.77,8.47,1.53,10.00,,,,,,,"GLL"
"B","26-10-2019","2019-10-26 00:00:00 -0500",1,99,"B101",24318,,,," ",2,"GASOHOL 90",0.39,10.82,12.77,4.24,0.76,5.00,,,,,,,"GLL"
"B","26-10-2019","2019-10-26 00:00:00 -0500",1,99,"B101",24317,,,," ",2,"GASOHOL 90",0.16,10.82,12.77,1.76,0.32,2.08,,,,,,,"GLL"
"B","26-10-2019","2019-10-26 00:00:00 -0500",1,99,"B101",24316,,,," ",2,"GASOHOL 90",0.78,10.82,12.77,8.47,1.53,10.00,,,,,,,"GLL"
"B","26-10-2019","2019-10-26 00:00:00 -0500",1,99,"B101",24315,,,," ",5,"DIESEL PRO B5",4.21,10.08,11.89,42.37,7.63,50.00,,,,,,,"GLL"
"B","26-10-2019","2019-10-26 00:00:00 -0500",1,99,"B101",24314,,,," ",2,"GASOHOL 90",1.57,10.82,12.77,16.95,3.05,20.00,,,,,,,"GLL"
"B","26-10-2019","2019-10-26 00:00:00 -0500",1,99,"B101",24313,,,," ",2,"GASOHOL 90",0.78,10.82,12.77,8.47,1.53,10.00,,,,,,,"GLL"
"B","26-10-2019","2019-10-26 00:00:00 -0500",1,99,"B101",24312,,,," ",5,"DIESEL PRO B5",3.36,10.08,11.89,33.90,6.10,40.00,,,,,,,"GLL"
"B","26-10-2019","2019-10-26 00:00:00 -0500",1,99,"B101",24311,,,," ",4,"GASOHOL 98",13.17,12.87,15.19,169.49,30.51,200.00,,,,,,,"GLL"
"B","26-10-2019","2019-10-26 00:00:00 -0500",1,99,"B101",24310,,,," ",5,"DIESEL PRO B5",1.26,10.08,11.89,12.71,2.29,15.00,,,,,,,"GLL"
"B","26-10-2019","2019-10-26 00:00:00 -0500",1,99,"B101",24309,,,," ",2,"GASOHOL 90",0.24,10.82,12.77,2.54,0.46,3.00,,,,,,,"GLL"
"B","26-10-2019","2019-10-26 00:00:00 -0500",1,99,"B101",24308,,,," ",2,"GASOHOL 90",0.39,10.82,12.77,4.24,0.76,5.00,,,,,,,"GLL"
"B","26-10-2019","2019-10-26 00:00:00 -0500",1,99,"B101",24307,,,," ",3,"GASOHOL 95",3.63,11.67,13.77,42.37,7.63,50.00,,,,,,,"GLL"
"B","26-10-2019","2019-10-26 00:00:00 -0500",1,99,"B101",24306,,,," ",3,"GASOHOL 95",0.73,11.67,13.77,8.47,1.53,10.00,,,,,,,"GLL"
"B","26-10-2019","2019-10-26 00:00:00 -0500",1,99,"B101",24305,,,," ",2,"GASOHOL 90",0.78,10.82,12.77,8.47,1.53,10.00,,,,,,,"GLL"
"B","26-10-2019","2019-10-26 00:00:00 -0500",1,99,"B101",24304,,,," ",2,"GASOHOL 90",0.16,10.82,12.77,1.69,0.31,2.00,,,,,,,"GLL"
"B","26-10-2019","2019-10-26 00:00:00 -0500",1,99,"B101",24303,,,," ",3,"GASOHOL 95",3.63,11.67,13.77,42.37,7.63,50.00,,,,,,,"GLL"
"B","26-10-2019","2019-10-26 00:00:00 -0500",1,99,"B101",24302,,,," ",2,"GASOHOL 90",0.39,10.82,12.77,4.24,0.76,5.00,,,,,,,"GLL"
"B","26-10-2019","2019-10-26 00:00:00 -0500",1,99,"B101",24301,,,," ",5,"DIESEL PRO B5",1.68,10.08,11.89,16.95,3.05,20.00,,,,,,,"GLL"
"B","26-10-2019","2019-10-26 00:00:00 -0500",1,99,"B101",24300,,,," ",5,"DIESEL PRO B5",0.05,10.08,11.89,0.54,0.10,0.64,,,,,,,"GLL"
"B","26-10-2019","2019-10-26 00:00:00 -0500",1,99,"B101",24299,,,," ",2,"GASOHOL 90",0.24,10.82,12.77,2.54,0.46,3.00,,,,,,,"GLL"
"B","26-10-2019","2019-10-26 00:00:00 -0500",1,99,"B101",24298,,,," ",4,"GASOHOL 98",0.66,12.87,15.19,8.47,1.53,10.00,,,,,,,"GLL"
"B","26-10-2019","2019-10-26 00:00:00 -0500",1,99,"B101",24297,,,," ",2,"GASOHOL 90",0.39,10.82,12.77,4.24,0.76,5.00,,,,,,,"GLL"
"B","26-10-2019","2019-10-26 00:00:00 -0500",1,99,"B101",24296,,,," ",2,"GASOHOL 90",0.78,10.82,12.77,8.47,1.53,10.00,,,,,,,"GLL"
"B","26-10-2019","2019-10-26 00:00:00 -0500",1,99,"B101",24295,,,," ",3,"GASOHOL 95",4.71,11.67,13.77,54.98,9.90,64.88,,,,,,,"GLL"
"B","26-10-2019","2019-10-26 00:00:00 -0500",1,99,"B101",24294,,,," ",2,"GASOHOL 90",2.35,10.82,12.77,25.42,4.58,30.00,,,,,,,"GLL"
"B","26-10-2019","2019-10-26 00:00:00 -0500",1,99,"B101",24293,,,," ",5,"DIESEL PRO B5",0.93,10.08,11.89,9.42,1.69,11.11,,,,,,,"GLL"
"B","26-10-2019","2019-10-26 00:00:00 -0500",1,99,"B101",24292,,,," ",5,"DIESEL PRO B5",2.52,10.08,11.89,25.42,4.58,30.00,,,,,,,"GLL"
"B","26-10-2019","2019-10-26 00:00:00 -0500",1,99,"B101",24291,,,," ",2,"GASOHOL 90",1.18,10.82,12.77,12.71,2.29,15.00,,,,,,,"GLL"
"B","26-10-2019","2019-10-26 00:00:00 -0500",1,99,"B101",24290,,,," ",3,"GASOHOL 95",10.17,11.67,13.77,118.73,21.37,140.10,,,,,,,"GLL"
"B","26-10-2019","2019-10-26 00:00:00 -0500",1,99,"B101",24289,,,," ",5,"DIESEL PRO B5",2.52,10.08,11.89,25.42,4.58,30.00,,,,,,,"GLL"
"B","26-10-2019","2019-10-26 00:00:00 -0500",1,99,"B101",24288,,,," ",2,"GASOHOL 90",2.35,10.82,12.77,25.42,4.58,30.00,,,,,,,"GLL"
"B","26-10-2019","2019-10-26 00:00:00 -0500",1,99,"B101",24287,,,," ",3,"GASOHOL 95",3.63,11.67,13.77,42.37,7.63,50.00,,,,,,,"GLL"
"B","26-10-2019","2019-10-26 00:00:00 -0500",1,99,"B101",24286,,,," ",2,"GASOHOL 90",0.39,10.82,12.77,4.24,0.76,5.00,,,,,,,"GLL"
"B","26-10-2019","2019-10-26 00:00:00 -0500",1,99,"B101",24285,,,," ",2,"GASOHOL 90",0.55,10.82,12.77,5.93,1.07,7.00,,,,,,,"GLL"
"B","26-10-2019","2019-10-26 00:00:00 -0500",1,99,"B101",24284,,,," ",5,"DIESEL PRO B5",1.26,10.08,11.89,12.71,2.29,15.00,,,,,,,"GLL"
"B","26-10-2019","2019-10-26 00:00:00 -0500",1,99,"B101",24283,,,," ",2,"GASOHOL 90",0.78,10.82,12.77,8.47,1.53,10.00,,,,,,,"GLL"
"B","26-10-2019","2019-10-26 00:00:00 -0500",1,99,"B101",24282,,,," ",5,"DIESEL PRO B5",8.41,10.08,11.89,84.77,15.26,100.03,,,,,,,"GLL"
"B","26-10-2019","2019-10-26 00:00:00 -0500",1,99,"B101",24281,,,," ",2,"GASOHOL 90",0.39,10.82,12.77,4.24,0.76,5.00,,,,,,,"GLL"
"B","26-10-2019","2019-10-26 00:00:00 -0500",1,99,"B101",24280,,,," ",2,"GASOHOL 90",1.1,10.82,12.77,11.86,2.14,14.00,,,,,,,"GLL"
"B","26-10-2019","2019-10-26 00:00:00 -0500",1,99,"B101",24279,,,," ",5,"DIESEL PRO B5",3.36,10.08,11.89,33.90,6.10,40.00,,,,,,,"GLL"
"B","26-10-2019","2019-10-26 00:00:00 -0500",1,99,"B101",24278,,,," ",2,"GASOHOL 90",1.57,10.82,12.77,16.95,3.05,20.00,,,,,,,"GLL"
"B","26-10-2019","2019-10-26 00:00:00 -0500",1,99,"B101",24277,,,," ",3,"GASOHOL 95",1.45,11.67,13.77,16.95,3.05,20.00,,,,,,,"GLL"
"B","26-10-2019","2019-10-26 00:00:00 -0500",1,99,"B101",24276,,,," ",2,"GASOHOL 90",0.78,10.82,12.77,8.47,1.53,10.00,,,,,,,"GLL"
"B","26-10-2019","2019-10-26 00:00:00 -0500",1,99,"B101",24275,,,," ",2,"GASOHOL 90",0.78,10.82,12.77,8.47,1.53,10.00,,,,,,,"GLL"
"B","26-10-2019","2019-10-26 00:00:00 -0500",1,99,"B101",24274,,,," ",2,"GASOHOL 90",1.18,10.82,12.77,12.71,2.29,15.00,,,,,,,"GLL"
"B","26-10-2019","2019-10-26 00:00:00 -0500",1,99,"B101",24273,,,," ",2,"GASOHOL 90",0.39,10.82,12.77,4.24,0.76,5.00,,,,,,,"GLL"
"B","26-10-2019","2019-10-26 00:00:00 -0500",1,99,"B101",24272,,,," ",3,"GASOHOL 95",0.73,11.67,13.77,8.47,1.53,10.00,,,,,,,"GLL"
"B","26-10-2019","2019-10-26 00:00:00 -0500",1,99,"B101",24271,,,," ",2,"GASOHOL 90",0.39,10.82,12.77,4.24,0.76,5.00,,,,,,,"GLL"
"B","26-10-2019","2019-10-26 00:00:00 -0500",1,99,"B101",24270,,,," ",2,"GASOHOL 90",0.78,10.82,12.77,8.47,1.53,10.00,,,,,,,"GLL"
"B","26-10-2019","2019-10-26 00:00:00 -0500",1,99,"B101",24269,,,," ",2,"GASOHOL 90",3.13,10.82,12.77,33.90,6.10,40.00,,,,,,,"GLL"
"B","26-10-2019","2019-10-26 00:00:00 -0500",1,99,"B101",24268,,,," ",2,"GASOHOL 90",0.04,10.82,12.77,0.42,0.08,0.50,,,,,,,"GLL"
"B","26-10-2019","2019-10-26 00:00:00 -0500",1,99,"B101",24267,,,," ",2,"GASOHOL 90",0.39,10.82,12.77,4.24,0.76,5.00,,,,,,,"GLL"
"B","26-10-2019","2019-10-26 00:00:00 -0500",1,99,"B101",24266,,,," ",2,"GASOHOL 90",0.78,10.82,12.77,8.47,1.53,10.00,,,,,,,"GLL"
"B","26-10-2019","2019-10-26 00:00:00 -0500",1,99,"B101",24265,,,," ",2,"GASOHOL 90",0.78,10.82,12.77,8.47,1.53,10.00,,,,,,,"GLL"
"B","26-10-2019","2019-10-26 00:00:00 -0500",1,99,"B101",24264,,,," ",5,"DIESEL PRO B5",3.21,10.08,11.89,32.37,5.83,38.20,,,,,,,"GLL"
"B","26-10-2019","2019-10-26 00:00:00 -0500",1,99,"B101",24263,,,," ",2,"GASOHOL 90",0.93,10.82,12.77,10.03,1.81,11.84,,,,,,,"GLL"
"B","26-10-2019","2019-10-26 00:00:00 -0500",1,99,"B101",24262,,,," ",2,"GASOHOL 90",0.78,10.82,12.77,8.47,1.53,10.00,,,,,,,"GLL"
"B","26-10-2019","2019-10-26 00:00:00 -0500",1,99,"B101",24261,,,," ",2,"GASOHOL 90",0.39,10.82,12.77,4.24,0.76,5.00,,,,,,,"GLL"
"B","26-10-2019","2019-10-26 00:00:00 -0500",1,99,"B101",24260,,,," ",5,"DIESEL PRO B5",4.21,10.08,11.89,42.37,7.63,50.00,,,,,,,"GLL"
"B","26-10-2019","2019-10-26 00:00:00 -0500",1,99,"B101",24259,,,," ",2,"GASOHOL 90",1.57,10.82,12.77,16.95,3.05,20.00,,,,,,,"GLL"
"B","26-10-2019","2019-10-26 00:00:00 -0500",1,99,"B101",24258,,,," ",3,"GASOHOL 95",1.45,11.67,13.77,16.95,3.05,20.00,,,,,,,"GLL"
"B","26-10-2019","2019-10-26 00:00:00 -0500",1,99,"B101",24257,,,," ",2,"GASOHOL 90",0.39,10.82,12.77,4.24,0.76,5.00,,,,,,,"GLL"
"B","26-10-2019","2019-10-26 00:00:00 -0500",1,99,"B101",24256,,,," ",2,"GASOHOL 90",0.39,10.82,12.77,4.24,0.76,5.00,,,,,,,"GLL"
"B","26-10-2019","2019-10-26 00:00:00 -0500",1,99,"B101",24255,,,," ",4,"GASOHOL 98",6.91,12.87,15.19,89.00,16.02,105.02,,,,,,,"GLL"
"B","26-10-2019","2019-10-26 00:00:00 -0500",1,99,"B101",24254,,,," ",2,"GASOHOL 90",1.18,10.82,12.77,12.71,2.29,15.00,,,,,,,"GLL"
"B","26-10-2019","2019-10-26 00:00:00 -0500",1,99,"B101",24253,,,," ",2,"GASOHOL 90",1.18,10.82,12.77,12.71,2.29,15.00,,,,,,,"GLL"
"B","26-10-2019","2019-10-26 00:00:00 -0500",1,99,"B101",24252,,,," ",2,"GASOHOL 90",0.47,10.82,12.77,5.08,0.92,6.00,,,,,,,"GLL"
"B","26-10-2019","2019-10-26 00:00:00 -0500",1,99,"B101",24251,,,," ",2,"GASOHOL 90",1.1,10.82,12.77,11.86,2.14,14.00,,,,,,,"GLL"
"B","26-10-2019","2019-10-26 00:00:00 -0500",1,99,"B101",24250,,,," ",5,"DIESEL PRO B5",0.84,10.08,11.89,8.47,1.53,10.00,,,,,,,"GLL"
"B","26-10-2019","2019-10-26 00:00:00 -0500",1,99,"B101",24249,,,," ",4,"GASOHOL 98",5.27,12.87,15.19,67.80,12.20,80.00,,,,,,,"GLL"
"B","26-10-2019","2019-10-26 00:00:00 -0500",1,99,"B101",24248,,,," ",2,"GASOHOL 90",0.55,10.82,12.77,5.93,1.07,7.00,,,,,,,"GLL"
"B","26-10-2019","2019-10-26 00:00:00 -0500",1,99,"B101",24247,,,," ",2,"GASOHOL 90",1.57,10.82,12.77,16.95,3.05,20.00,,,,,,,"GLL"
"B","26-10-2019","2019-10-26 00:00:00 -0500",1,99,"B101",24246,,,," ",2,"GASOHOL 90",1.57,10.82,12.77,16.95,3.05,20.00,,,,,,,"GLL"
"B","26-10-2019","2019-10-26 00:00:00 -0500",1,99,"B101",24245,,,," ",2,"GASOHOL 90",1.57,10.82,12.77,16.95,3.05,20.00,,,,,,,"GLL"
"B","26-10-2019","2019-10-26 00:00:00 -0500",1,99,"B101",24244,,,," ",2,"GASOHOL 90",0.39,10.82,12.77,4.24,0.76,5.00,,,,,,,"GLL"
"B","26-10-2019","2019-10-26 00:00:00 -0500",1,99,"B101",24243,,,," ",5,"DIESEL PRO B5",12.62,10.08,11.89,127.14,22.89,150.03,,,,,,,"GLL"
"B","26-10-2019","2019-10-26 00:00:00 -0500",1,99,"B101",24242,,,," ",5,"DIESEL PRO B5",8.41,10.08,11.89,84.75,15.25,100.00,,,,,,,"GLL"
"B","26-10-2019","2019-10-26 00:00:00 -0500",1,99,"B101",24241,,,," ",5,"DIESEL PRO B5",3,10.08,11.89,30.23,5.44,35.67,,,,,,,"GLL"
"B","26-10-2019","2019-10-26 00:00:00 -0500",1,99,"B101",24240,,,," ",5,"DIESEL PRO B5",4.21,10.08,11.89,42.37,7.63,50.00,,,,,,,"GLL"
"B","26-10-2019","2019-10-26 00:00:00 -0500",1,99,"B101",24239,,,," ",5,"DIESEL PRO B5",1.68,10.08,11.89,16.95,3.05,20.00,,,,,,,"GLL"
"B","26-10-2019","2019-10-26 00:00:00 -0500",1,99,"B101",24238,,,," ",5,"DIESEL PRO B5",2.1,10.08,11.89,21.19,3.81,25.00,,,,,,,"GLL"
"B","26-10-2019","2019-10-26 00:00:00 -0500",1,99,"B101",24237,,,," ",2,"GASOHOL 90",2.35,10.82,12.77,25.42,4.58,30.00,,,,,,,"GLL"
"B","26-10-2019","2019-10-26 00:00:00 -0500",1,99,"B101",24236,,,," ",5,"DIESEL PRO B5",1.68,10.08,11.89,16.94,3.05,19.99,,,,,,,"GLL"
"B","26-10-2019","2019-10-26 00:00:00 -0500",1,99,"B101",24235,,,," ",5,"DIESEL PRO B5",4.21,10.08,11.89,42.37,7.63,50.00,,,,,,,"GLL"
"B","26-10-2019","2019-10-26 00:00:00 -0500",1,99,"B101",24234,,,," ",5,"DIESEL PRO B5",1.68,10.08,11.89,16.95,3.05,20.00,,,,,,,"GLL"
"B","26-10-2019","2019-10-26 00:00:00 -0500",1,99,"B101",24233,,,," ",3,"GASOHOL 95",1.09,11.67,13.77,12.71,2.29,15.00,,,,,,,"GLL"
"B","26-10-2019","2019-10-26 00:00:00 -0500",1,99,"B101",24232,,,," ",5,"DIESEL PRO B5",3.36,10.08,11.89,33.90,6.10,40.00,,,,,,,"GLL"
"B","26-10-2019","2019-10-26 00:00:00 -0500",1,99,"B101",24231,,,," ",2,"GASOHOL 90",0.31,10.82,12.77,3.39,0.61,4.00,,,,,,,"GLL"
"B","26-10-2019","2019-10-26 00:00:00 -0500",1,99,"B101",24230,,,," ",5,"DIESEL PRO B5",1.68,10.08,11.89,16.95,3.05,20.00,,,,,,,"GLL"
"B","26-10-2019","2019-10-26 00:00:00 -0500",1,99,"B101",24229,,,," ",5,"DIESEL PRO B5",1.68,10.08,11.89,16.95,3.05,20.00,,,,,,,"GLL"
"B","26-10-2019","2019-10-26 00:00:00 -0500",1,99,"B101",24228,,,," ",3,"GASOHOL 95",1.45,11.67,13.77,16.95,3.05,20.00,,,,,,,"GLL"
"B","26-10-2019","2019-10-26 00:00:00 -0500",1,99,"B101",24227,,,," ",3,"GASOHOL 95",0.91,11.67,13.77,10.59,1.91,12.50,,,,,,,"GLL"
"B","26-10-2019","2019-10-26 00:00:00 -0500",1,99,"B101",24226,,,," ",2,"GASOHOL 90",0.98,10.82,12.77,10.59,1.91,12.50,,,,,,,"GLL"
"B","26-10-2019","2019-10-26 00:00:00 -0500",1,99,"B101",24225,,,," ",2,"GASOHOL 90",0.55,10.82,12.77,5.93,1.07,7.00,,,,,,,"GLL"
"B","26-10-2019","2019-10-26 00:00:00 -0500",1,99,"B101",24224,,,," ",2,"GASOHOL 90",0.78,10.82,12.77,8.47,1.53,10.00,,,,,,,"GLL"
"B","26-10-2019","2019-10-26 00:00:00 -0500",1,99,"B101",24223,,,," ",2,"GASOHOL 90",0.24,10.82,12.77,2.54,0.46,3.00,,,,,,,"GLL"
"B","26-10-2019","2019-10-26 00:00:00 -0500",1,99,"B101",24222,,,," ",4,"GASOHOL 98",1.32,12.87,15.19,16.95,3.05,20.00,,,,,,,"GLL"
"B","26-10-2019","2019-10-26 00:00:00 -0500",1,99,"B101",24221,,,," ",2,"GASOHOL 90",1.18,10.82,12.77,12.71,2.29,15.00,,,,,,,"GLL"
"B","26-10-2019","2019-10-26 00:00:00 -0500",1,99,"B101",24220,,,," ",2,"GASOHOL 90",0.78,10.82,12.77,8.47,1.53,10.00,,,,,,,"GLL"
"B","26-10-2019","2019-10-26 00:00:00 -0500",1,99,"B101",24219,,,," ",5,"DIESEL PRO B5",4.21,10.08,11.89,42.37,7.63,50.00,,,,,,,"GLL"
"B","26-10-2019","2019-10-26 00:00:00 -0500",1,99,"B101",24218,,,," ",5,"DIESEL PRO B5",2.52,10.08,11.89,25.42,4.58,30.00,,,,,,,"GLL"
"B","26-10-2019","2019-10-26 00:00:00 -0500",1,99,"B102",7566,,,," ",2,"GASOHOL 90",1.57,10.82,12.77,16.95,3.05,20.00,,,,,,,"GLL"
"B","26-10-2019","2019-10-26 00:00:00 -0500",1,99,"B102",7565,,,," ",3,"GASOHOL 95",8.35,11.67,13.77,97.45,17.54,114.99,,,,,,,"GLL"
"B","26-10-2019","2019-10-26 00:00:00 -0500",1,99,"B102",7564,,,," ",2,"GASOHOL 90",0.39,10.82,12.77,4.24,0.76,5.00,,,,,,,"GLL"
"B","26-10-2019","2019-10-26 00:00:00 -0500",1,99,"B102",7563,,,," ",3,"GASOHOL 95",7.26,11.67,13.77,84.75,15.25,100.00,,,,,,,"GLL"
"B","26-10-2019","2019-10-26 00:00:00 -0500",1,99,"B102",7562,,,," ",5,"DIESEL PRO B5",1.68,10.08,11.89,16.95,3.05,20.00,,,,,,,"GLL"
"B","26-10-2019","2019-10-26 00:00:00 -0500",1,99,"B102",7561,,,," ",2,"GASOHOL 90",0.78,10.82,12.77,8.47,1.53,10.00,,,,,,,"GLL"
"B","26-10-2019","2019-10-26 00:00:00 -0500",1,99,"B102",7560,,,," ",2,"GASOHOL 90",0.78,10.82,12.77,8.47,1.53,10.00,,,,,,,"GLL"
"B","26-10-2019","2019-10-26 00:00:00 -0500",1,99,"B102",7559,,,," ",2,"GASOHOL 90",1.02,10.82,12.77,11.02,1.98,13.00,,,,,,,"GLL"
"B","26-10-2019","2019-10-26 00:00:00 -0500",1,99,"B102",7558,,,," ",2,"GASOHOL 90",1.57,10.82,12.77,16.95,3.05,20.00,,,,,,,"GLL"
"B","26-10-2019","2019-10-26 00:00:00 -0500",1,99,"B102",7557,,,," ",3,"GASOHOL 95",2.18,11.67,13.77,25.42,4.58,30.00,,,,,,,"GLL"
"B","26-10-2019","2019-10-26 00:00:00 -0500",1,99,"B102",7556,,,," ",3,"GASOHOL 95",0.36,11.67,13.77,4.24,0.76,5.00,,,,,,,"GLL"
"B","26-10-2019","2019-10-26 00:00:00 -0500",1,99,"B102",7555,,,," ",2,"GASOHOL 90",1.18,10.82,12.77,12.71,2.29,15.00,,,,,,,"GLL"
"B","26-10-2019","2019-10-26 00:00:00 -0500",1,99,"B102",7554,,,," ",2,"GASOHOL 90",0.39,10.82,12.77,4.24,0.76,5.00,,,,,,,"GLL"
"B","26-10-2019","2019-10-26 00:00:00 -0500",1,99,"B102",7553,,,," ",2,"GASOHOL 90",3.13,10.82,12.77,33.90,6.10,40.00,,,,,,,"GLL"
"B","26-10-2019","2019-10-26 00:00:00 -0500",1,99,"B102",7552,,,," ",3,"GASOHOL 95",3.63,11.67,13.77,42.37,7.63,50.00,,,,,,,"GLL"
"B","26-10-2019","2019-10-26 00:00:00 -0500",1,99,"B102",7551,,,," ",3,"GASOHOL 95",0.19,11.67,13.77,2.20,0.40,2.60,,,,,,,"GLL"
"B","26-10-2019","2019-10-26 00:00:00 -0500",1,99,"B102",7550,,,," ",3,"GASOHOL 95",1.45,11.67,13.77,16.96,3.05,20.01,,,,,,,"GLL"
"B","26-10-2019","2019-10-26 00:00:00 -0500",1,99,"B102",7549,,,," ",2,"GASOHOL 90",0.78,10.82,12.77,8.47,1.53,10.00,,,,,,,"GLL"
"B","26-10-2019","2019-10-26 00:00:00 -0500",1,99,"B102",7548,,,," ",3,"GASOHOL 95",2.91,11.67,13.77,33.90,6.10,40.00,,,,,,,"GLL"
"B","26-10-2019","2019-10-26 00:00:00 -0500",1,99,"B102",7547,,,," ",2,"GASOHOL 90",1.57,10.82,12.77,16.95,3.05,20.00,,,,,,,"GLL"
"B","26-10-2019","2019-10-26 00:00:00 -0500",1,99,"B102",7546,,,," ",2,"GASOHOL 90",1.08,10.82,12.77,11.71,2.11,13.82,,,,,,,"GLL"
"B","26-10-2019","2019-10-26 00:00:00 -0500",1,99,"B102",7545,,,," ",5,"DIESEL PRO B5",4.21,10.08,11.89,42.37,7.63,50.00,,,,,,,"GLL"
"B","26-10-2019","2019-10-26 00:00:00 -0500",1,99,"B102",7544,,,," ",5,"DIESEL PRO B5",5.56,10.08,11.89,56.03,10.09,66.12,,,,,,,"GLL"
"B","26-10-2019","2019-10-26 00:00:00 -0500",1,99,"B102",7543,,,," ",3,"GASOHOL 95",3.63,11.67,13.77,42.37,7.63,50.00,,,,,,,"GLL"
"B","26-10-2019","2019-10-26 00:00:00 -0500",1,99,"B102",7542,,,," ",3,"GASOHOL 95",3.63,11.67,13.77,42.37,7.63,50.00,,,,,,,"GLL"
"B","26-10-2019","2019-10-26 00:00:00 -0500",1,99,"B102",7541,,,," ",2,"GASOHOL 90",1.18,10.82,12.77,12.71,2.29,15.00,,,,,,,"GLL"
"B","26-10-2019","2019-10-26 00:00:00 -0500",1,99,"B102",7540,,,," ",5,"DIESEL PRO B5",4,10.08,11.89,40.31,7.25,47.56,,,,,,,"GLL"
"B","26-10-2019","2019-10-26 00:00:00 -0500",1,99,"B102",7539,,,," ",2,"GASOHOL 90",0.78,10.82,12.77,8.47,1.53,10.00,,,,,,,"GLL"
"B","26-10-2019","2019-10-26 00:00:00 -0500",1,99,"B102",7538,,,," ",5,"DIESEL PRO B5",1.68,10.08,11.89,16.95,3.05,20.00,,,,,,,"GLL"
"B","26-10-2019","2019-10-26 00:00:00 -0500",1,99,"B102",7537,,,," ",3,"GASOHOL 95",0.36,11.67,13.77,4.24,0.76,5.00,,,,,,,"GLL"
"B","26-10-2019","2019-10-26 00:00:00 -0500",1,99,"B102",7536,,,," ",2,"GASOHOL 90",0.39,10.82,12.77,4.24,0.76,5.00,,,,,,,"GLL"
"B","26-10-2019","2019-10-26 00:00:00 -0500",1,99,"B102",7535,,,," ",3,"GASOHOL 95",1.45,11.67,13.77,16.95,3.05,20.00,,,,,,,"GLL"
"B","26-10-2019","2019-10-26 00:00:00 -0500",1,99,"B102",7534,,,," ",3,"GASOHOL 95",1.09,11.67,13.77,12.71,2.29,15.00,,,,,,,"GLL"
"B","26-10-2019","2019-10-26 00:00:00 -0500",1,99,"B102",7533,,,," ",2,"GASOHOL 90",0.78,10.82,12.77,8.47,1.53,10.00,,,,,,,"GLL"
"B","26-10-2019","2019-10-26 00:00:00 -0500",1,99,"B102",7532,,,," ",3,"GASOHOL 95",2.18,11.67,13.77,25.42,4.58,30.00,,,,,,,"GLL"
"B","26-10-2019","2019-10-26 00:00:00 -0500",1,99,"B102",7531,,,," ",5,"DIESEL PRO B5",1.68,10.08,11.89,16.95,3.05,20.00,,,,,,,"GLL"
"B","26-10-2019","2019-10-26 00:00:00 -0500",1,99,"B102",7530,,,," ",2,"GASOHOL 90",0.31,10.82,12.77,3.39,0.61,4.00,,,,,,,"GLL"
"B","26-10-2019","2019-10-26 00:00:00 -0500",1,99,"B102",7529,,,," ",2,"GASOHOL 90",1.57,10.82,12.77,16.95,3.05,20.00,,,,,,,"GLL"
"B","26-10-2019","2019-10-26 00:00:00 -0500",1,99,"B102",7528,,,," ",5,"DIESEL PRO B5",1.68,10.08,11.89,16.95,3.05,20.00,,,,,,,"GLL"
"B","26-10-2019","2019-10-26 00:00:00 -0500",1,99,"B102",7527,,,," ",3,"GASOHOL 95",3.63,11.67,13.77,42.37,7.63,50.00,,,,,,,"GLL"
"B","26-10-2019","2019-10-26 00:00:00 -0500",1,99,"B102",7526,,,," ",3,"GASOHOL 95",11.18,11.67,13.77,130.49,23.49,153.98,,,,,,,"GLL"
"B","26-10-2019","2019-10-26 00:00:00 -0500",1,99,"B103",19876,,,," ",7,"GLP",20.68,0.98,1.16,20.33,3.66,23.99,,,,,,,"LTR"
"B","26-10-2019","2019-10-26 00:00:00 -0500",1,99,"B103",19875,,,," ",7,"GLP",30.17,0.98,1.16,29.66,5.34,35.00,,,,,,,"LTR"
"B","26-10-2019","2019-10-26 00:00:00 -0500",1,99,"B103",19874,,,," ",7,"GLP",12.93,0.98,1.16,12.71,2.29,15.00,,,,,,,"LTR"
"B","26-10-2019","2019-10-26 00:00:00 -0500",1,99,"B103",19873,,,," ",7,"GLP",8.62,0.98,1.16,8.47,1.53,10.00,,,,,,,"LTR"
"B","26-10-2019","2019-10-26 00:00:00 -0500",1,99,"B103",19872,,,," ",7,"GLP",16.42,0.98,1.16,16.14,2.91,19.05,,,,,,,"LTR"
"B","26-10-2019","2019-10-26 00:00:00 -0500",1,99,"B103",19871,,,," ",7,"GLP",20.86,0.98,1.16,20.51,3.69,24.20,,,,,,,"LTR"
"B","26-10-2019","2019-10-26 00:00:00 -0500",1,99,"B103",19870,,,," ",7,"GLP",8.62,0.98,1.16,8.47,1.53,10.00,,,,,,,"LTR"
"B","26-10-2019","2019-10-26 00:00:00 -0500",1,99,"B103",19869,,,," ",7,"GLP",19.05,0.98,1.16,18.73,3.37,22.10,,,,,,,"LTR"
"B","26-10-2019","2019-10-26 00:00:00 -0500",1,99,"B103",19868,,,," ",7,"GLP",12.93,0.98,1.16,12.71,2.29,15.00,,,,,,,"LTR"
"B","26-10-2019","2019-10-26 00:00:00 -0500",1,99,"B103",19867,,,," ",7,"GLP",17.24,0.98,1.16,16.95,3.05,20.00,,,,,,,"LTR"
"B","26-10-2019","2019-10-26 00:00:00 -0500",1,99,"B103",19866,,,," ",7,"GLP",12.93,0.98,1.16,12.71,2.29,15.00,,,,,,,"LTR"
"B","26-10-2019","2019-10-26 00:00:00 -0500",1,99,"B103",19865,,,," ",7,"GLP",8.62,0.98,1.16,8.47,1.53,10.00,,,,,,,"LTR"
"B","26-10-2019","2019-10-26 00:00:00 -0500",1,99,"B103",19864,,,," ",7,"GLP",25.86,0.98,1.16,25.42,4.58,30.00,,,,,,,"LTR"
"B","26-10-2019","2019-10-26 00:00:00 -0500",1,99,"B103",19863,,,," ",7,"GLP",17.24,0.98,1.16,16.95,3.05,20.00,,,,,,,"LTR"
"B","26-10-2019","2019-10-26 00:00:00 -0500",1,99,"B103",19862,,,," ",7,"GLP",17.24,0.98,1.16,16.95,3.05,20.00,,,,,,,"LTR"
"B","26-10-2019","2019-10-26 00:00:00 -0500",1,99,"B103",19861,,,," ",7,"GLP",2.59,0.98,1.16,2.54,0.46,3.00,,,,,,,"LTR"
"B","26-10-2019","2019-10-26 00:00:00 -0500",1,99,"B103",19860,,,," ",7,"GLP",8.62,0.98,1.16,8.47,1.53,10.00,,,,,,,"LTR"
"B","26-10-2019","2019-10-26 00:00:00 -0500",1,99,"B103",19859,,,," ",7,"GLP",17.24,0.98,1.16,16.95,3.05,20.00,,,,,,,"LTR"
"B","26-10-2019","2019-10-26 00:00:00 -0500",1,99,"B103",19858,,,," ",7,"GLP",8.62,0.98,1.16,8.47,1.53,10.00,,,,,,,"LTR"
"B","26-10-2019","2019-10-26 00:00:00 -0500",1,99,"B103",19857,,,," ",7,"GLP",4.31,0.98,1.16,4.24,0.76,5.00,,,,,,,"LTR"
"B","26-10-2019","2019-10-26 00:00:00 -0500",1,99,"B103",19856,,,," ",7,"GLP",18.64,0.98,1.16,18.32,3.30,21.62,,,,,,,"LTR"
"B","26-10-2019","2019-10-26 00:00:00 -0500",1,99,"B103",19855,,,," ",7,"GLP",12.93,0.98,1.16,12.71,2.29,15.00,,,,,,,"LTR"
"B","26-10-2019","2019-10-26 00:00:00 -0500",1,99,"B103",19854,,,," ",7,"GLP",34.48,0.98,1.16,33.90,6.10,40.00,,,,,,,"LTR"
"B","26-10-2019","2019-10-26 00:00:00 -0500",1,99,"B103",19853,,,," ",7,"GLP",8.62,0.98,1.16,8.47,1.53,10.00,,,,,,,"LTR"
"B","26-10-2019","2019-10-26 00:00:00 -0500",1,99,"B103",19852,,,," ",7,"GLP",17.24,0.98,1.16,16.95,3.05,20.00,,,,,,,"LTR"
"B","26-10-2019","2019-10-26 00:00:00 -0500",1,99,"B103",19851,,,," ",7,"GLP",26.04,0.98,1.16,25.60,4.61,30.21,,,,,,,"LTR"
"B","26-10-2019","2019-10-26 00:00:00 -0500",1,99,"B103",19850,,,," ",7,"GLP",18.97,0.98,1.16,18.64,3.36,22.00,,,,,,,"LTR"
"B","26-10-2019","2019-10-26 00:00:00 -0500",1,99,"B103",19849,,,," ",7,"GLP",8.62,0.98,1.16,8.47,1.53,10.00,,,,,,,"LTR"
"B","26-10-2019","2019-10-26 00:00:00 -0500",1,99,"B103",19848,,,," ",7,"GLP",15.65,0.98,1.16,15.38,2.77,18.15,,,,,,,"LTR"
"B","26-10-2019","2019-10-26 00:00:00 -0500",1,99,"B103",19847,,,," ",7,"GLP",8.62,0.98,1.16,8.47,1.53,10.00,,,,,,,"LTR"
"B","26-10-2019","2019-10-26 00:00:00 -0500",1,99,"B103",19846,,,," ",7,"GLP",15.52,0.98,1.16,15.25,2.75,18.00,,,,,,,"LTR"
"B","26-10-2019","2019-10-26 00:00:00 -0500",1,99,"B103",19845,,,," ",7,"GLP",17.24,0.98,1.16,16.95,3.05,20.00,,,,,,,"LTR"
"B","26-10-2019","2019-10-26 00:00:00 -0500",1,99,"B103",19844,,,," ",7,"GLP",22.89,0.98,1.16,22.50,4.05,26.55,,,,,,,"LTR"
"B","26-10-2019","2019-10-26 00:00:00 -0500",1,99,"B103",19843,,,," ",7,"GLP",14,0.98,1.16,13.76,2.48,16.24,,,,,,,"LTR"
"B","26-10-2019","2019-10-26 00:00:00 -0500",1,99,"B103",19842,,,," ",7,"GLP",8.62,0.98,1.16,8.47,1.53,10.00,,,,,,,"LTR"
"B","26-10-2019","2019-10-26 00:00:00 -0500",1,99,"B103",19841,,,," ",7,"GLP",23.47,0.98,1.16,23.08,4.15,27.23,,,,,,,"LTR"
"B","26-10-2019","2019-10-26 00:00:00 -0500",1,99,"B103",19840,,,," ",7,"GLP",36.06,0.98,1.16,35.45,6.38,41.83,,,,,,,"LTR"
"B","26-10-2019","2019-10-26 00:00:00 -0500",1,99,"B103",19839,,,," ",7,"GLP",7.35,0.98,1.16,7.23,1.30,8.53,,,,,,,"LTR"
"B","26-10-2019","2019-10-26 00:00:00 -0500",1,99,"B103",19838,,,," ",7,"GLP",17.24,0.98,1.16,16.95,3.05,20.00,,,,,,,"LTR"
"B","26-10-2019","2019-10-26 00:00:00 -0500",1,99,"B103",19837,,,," ",7,"GLP",29.02,0.98,1.16,28.53,5.13,33.66,,,,,,,"LTR"
"B","26-10-2019","2019-10-26 00:00:00 -0500",1,99,"B103",19836,,,," ",7,"GLP",12.93,0.98,1.16,12.71,2.29,15.00,,,,,,,"LTR"
"B","26-10-2019","2019-10-26 00:00:00 -0500",1,99,"B103",19835,,,," ",7,"GLP",17.24,0.98,1.16,16.95,3.05,20.00,,,,,,,"LTR"
"B","26-10-2019","2019-10-26 00:00:00 -0500",1,99,"B103",19834,,,," ",7,"GLP",4.31,0.98,1.16,4.24,0.76,5.00,,,,,,,"LTR"
"B","26-10-2019","2019-10-26 00:00:00 -0500",1,99,"B103",19833,,,," ",7,"GLP",8.62,0.98,1.16,8.47,1.53,10.00,,,,,,,"LTR"
"B","26-10-2019","2019-10-26 00:00:00 -0500",1,99,"B103",19832,,,," ",7,"GLP",14.07,0.98,1.16,13.83,2.49,16.32,,,,,,,"LTR"
"B","26-10-2019","2019-10-26 00:00:00 -0500",1,99,"B103",19831,,,," ",7,"GLP",15.09,0.98,1.16,14.83,2.67,17.50,,,,,,,"LTR"
"B","26-10-2019","2019-10-26 00:00:00 -0500",1,99,"B103",19830,,,," ",7,"GLP",10.35,0.98,1.16,10.17,1.83,12.00,,,,,,,"LTR"
"B","26-10-2019","2019-10-26 00:00:00 -0500",1,99,"B103",19829,,,," ",7,"GLP",22.97,0.98,1.16,22.58,4.07,26.65,,,,,,,"LTR"
"B","26-10-2019","2019-10-26 00:00:00 -0500",1,99,"B103",19828,,,," ",7,"GLP",8.62,0.98,1.16,8.47,1.53,10.00,,,,,,,"LTR"
"B","26-10-2019","2019-10-26 00:00:00 -0500",1,99,"B103",19827,,,," ",7,"GLP",21.55,0.98,1.16,21.19,3.81,25.00,,,,,,,"LTR"
"B","26-10-2019","2019-10-26 00:00:00 -0500",1,99,"B103",19826,,,," ",7,"GLP",17.24,0.98,1.16,16.95,3.05,20.00,,,,,,,"LTR"
"B","26-10-2019","2019-10-26 00:00:00 -0500",1,99,"B103",19825,,,," ",7,"GLP",35.22,0.98,1.16,34.62,6.23,40.85,,,,,,,"LTR"
"B","26-10-2019","2019-10-26 00:00:00 -0500",1,99,"B103",19824,,,," ",7,"GLP",23.28,0.98,1.16,22.88,4.12,27.00,,,,,,,"LTR"
"B","26-10-2019","2019-10-26 00:00:00 -0500",1,99,"B103",19823,,,," ",7,"GLP",16.38,0.98,1.16,16.10,2.90,19.00,,,,,,,"LTR"
"B","26-10-2019","2019-10-26 00:00:00 -0500",1,99,"B103",19822,,,," ",7,"GLP",25.86,0.98,1.16,25.42,4.58,30.00,,,,,,,"LTR"
"B","26-10-2019","2019-10-26 00:00:00 -0500",1,99,"B103",19821,,,," ",7,"GLP",12.93,0.98,1.16,12.71,2.29,15.00,,,,,,,"LTR"
"B","26-10-2019","2019-10-26 00:00:00 -0500",1,99,"B103",19820,,,," ",7,"GLP",17.24,0.98,1.16,16.95,3.05,20.00,,,,,,,"LTR"
"B","26-10-2019","2019-10-26 00:00:00 -0500",1,99,"B103",19819,,,," ",7,"GLP",14.36,0.98,1.16,14.12,2.54,16.66,,,,,,,"LTR"
"B","26-10-2019","2019-10-26 00:00:00 -0500",1,99,"B103",19818,,,," ",7,"GLP",31.34,0.98,1.16,30.81,5.54,36.35,,,,,,,"LTR"
"B","26-10-2019","2019-10-26 00:00:00 -0500",1,99,"B103",19817,,,," ",7,"GLP",17.24,0.98,1.16,16.95,3.05,20.00,,,,,,,"LTR"
"B","26-10-2019","2019-10-26 00:00:00 -0500",1,99,"B103",19816,,,," ",7,"GLP",19.61,0.98,1.16,19.28,3.47,22.75,,,,,,,"LTR"
"B","26-10-2019","2019-10-26 00:00:00 -0500",1,99,"B103",19815,,,," ",7,"GLP",25.86,0.98,1.16,25.42,4.58,30.00,,,,,,,"LTR"
"B","26-10-2019","2019-10-26 00:00:00 -0500",1,99,"B103",19814,,,," ",7,"GLP",17.24,0.98,1.16,16.95,3.05,20.00,,,,,,,"LTR"
"B","26-10-2019","2019-10-26 00:00:00 -0500",1,99,"B103",19813,,,," ",7,"GLP",17.24,0.98,1.16,16.95,3.05,20.00,,,,,,,"LTR"
"B","26-10-2019","2019-10-26 00:00:00 -0500",1,99,"B103",19812,,,," ",7,"GLP",15.52,0.98,1.16,15.25,2.75,18.00,,,,,,,"LTR"
"B","26-10-2019","2019-10-26 00:00:00 -0500",1,99,"B103",19811,,,," ",7,"GLP",4.31,0.98,1.16,4.24,0.76,5.00,,,,,,,"LTR"
"B","26-10-2019","2019-10-26 00:00:00 -0500",1,99,"B103",19810,,,," ",7,"GLP",8.62,0.98,1.16,8.47,1.53,10.00,,,,,,,"LTR"
"B","26-10-2019","2019-10-26 00:00:00 -0500",1,99,"B103",19809,,,," ",7,"GLP",43.1,0.98,1.16,42.37,7.63,50.00,,,,,,,"LTR"
"B","26-10-2019","2019-10-26 00:00:00 -0500",1,99,"B103",19808,,,," ",7,"GLP",34.13,0.98,1.16,33.55,6.04,39.59,,,,,,,"LTR"
"B","26-10-2019","2019-10-26 00:00:00 -0500",1,99,"B103",19807,,,," ",7,"GLP",25.86,0.98,1.16,25.42,4.58,30.00,,,,,,,"LTR"
"B","26-10-2019","2019-10-26 00:00:00 -0500",1,99,"B103",19806,,,," ",7,"GLP",32.62,0.98,1.16,32.07,5.77,37.84,,,,,,,"LTR"
"B","26-10-2019","2019-10-26 00:00:00 -0500",1,99,"B103",19805,,,," ",7,"GLP",9.53,0.98,1.16,9.36,1.69,11.05,,,,,,,"LTR"
"B","26-10-2019","2019-10-26 00:00:00 -0500",1,99,"B103",19804,,,," ",7,"GLP",4.31,0.98,1.16,4.24,0.76,5.00,,,,,,,"LTR"
"B","26-10-2019","2019-10-26 00:00:00 -0500",1,99,"B103",19803,,,," ",7,"GLP",32.75,0.98,1.16,32.19,5.80,37.99,,,,,,,"LTR"
"B","26-10-2019","2019-10-26 00:00:00 -0500",1,99,"B103",19802,,,," ",7,"GLP",8.69,0.98,1.16,8.54,1.54,10.08,,,,,,,"LTR"
"B","26-10-2019","2019-10-26 00:00:00 -0500",1,99,"B103",19801,,,," ",7,"GLP",13.8,0.98,1.16,13.57,2.44,16.01,,,,,,,"LTR"
"B","26-10-2019","2019-10-26 00:00:00 -0500",1,99,"B103",19800,,,," ",7,"GLP",0.87,0.98,1.16,0.86,0.15,1.01,,,,,,,"LTR"
"B","26-10-2019","2019-10-26 00:00:00 -0500",1,99,"B103",19799,,,," ",7,"GLP",12.93,0.98,1.16,12.71,2.29,15.00,,,,,,,"LTR"
"B","26-10-2019","2019-10-26 00:00:00 -0500",1,99,"B103",19798,,,," ",7,"GLP",12.93,0.98,1.16,12.71,2.29,15.00,,,,,,,"LTR"
"B","26-10-2019","2019-10-26 00:00:00 -0500",1,99,"B103",19797,,,," ",7,"GLP",14.22,0.98,1.16,13.98,2.52,16.50,,,,,,,"LTR"
"B","26-10-2019","2019-10-26 00:00:00 -0500",1,99,"B103",19796,,,," ",7,"GLP",17.24,0.98,1.16,16.95,3.05,20.00,,,,,,,"LTR"
"B","26-10-2019","2019-10-26 00:00:00 -0500",1,99,"B103",19795,,,," ",7,"GLP",17.24,0.98,1.16,16.95,3.05,20.00,,,,,,,"LTR"
"B","26-10-2019","2019-10-26 00:00:00 -0500",1,99,"B103",19794,,,," ",7,"GLP",17.24,0.98,1.16,16.95,3.05,20.00,,,,,,,"LTR"
"B","26-10-2019","2019-10-26 00:00:00 -0500",1,99,"B103",19793,,,," ",7,"GLP",8.62,0.98,1.16,8.47,1.53,10.00,,,,,,,"LTR"
"B","26-10-2019","2019-10-26 00:00:00 -0500",1,99,"B103",19792,,,," ",7,"GLP",8.62,0.98,1.16,8.47,1.53,10.00,,,,,,,"LTR"
"B","26-10-2019","2019-10-26 00:00:00 -0500",1,99,"B103",19791,,,," ",7,"GLP",9.49,0.98,1.16,9.33,1.68,11.01,,,,,,,"LTR"
"B","26-10-2019","2019-10-26 00:00:00 -0500",1,99,"B103",19790,,,," ",7,"GLP",17.24,0.98,1.16,16.95,3.05,20.00,,,,,,,"LTR"
"B","26-10-2019","2019-10-26 00:00:00 -0500",1,99,"B103",19789,,,," ",7,"GLP",7.38,0.98,1.16,7.25,1.31,8.56,,,,,,,"LTR"
"B","26-10-2019","2019-10-26 00:00:00 -0500",1,99,"B103",19788,,,," ",7,"GLP",8.62,0.98,1.16,8.47,1.53,10.00,,,,,,,"LTR"
"B","26-10-2019","2019-10-26 00:00:00 -0500",1,99,"B103",19787,,,," ",7,"GLP",5.17,0.98,1.16,5.08,0.92,6.00,,,,,,,"LTR"
"B","26-10-2019","2019-10-26 00:00:00 -0500",1,99,"B103",19786,,,," ",7,"GLP",29.34,0.98,1.16,28.84,5.19,34.03,,,,,,,"LTR"
"B","26-10-2019","2019-10-26 00:00:00 -0500",1,99,"B103",19785,,,," ",7,"GLP",23.16,0.98,1.16,22.76,4.10,26.86,,,,,,,"LTR"
"B","26-10-2019","2019-10-26 00:00:00 -0500",1,99,"B103",19784,,,," ",7,"GLP",6.43,0.98,1.16,6.32,1.14,7.46,,,,,,,"LTR"
"B","26-10-2019","2019-10-26 00:00:00 -0500",1,99,"B103",19783,,,," ",7,"GLP",9.3,0.98,1.16,9.14,1.65,10.79,,,,,,,"LTR"
"B","26-10-2019","2019-10-26 00:00:00 -0500",1,99,"B103",19782,,,," ",7,"GLP",7.97,0.98,1.16,7.83,1.41,9.24,,,,,,,"LTR"
"B","26-10-2019","2019-10-26 00:00:00 -0500",1,99,"B103",19781,,,," ",7,"GLP",8.09,0.98,1.16,7.95,1.43,9.38,,,,,,,"LTR"
"B","26-10-2019","2019-10-26 00:00:00 -0500",1,99,"B103",19780,,,," ",7,"GLP",8.62,0.98,1.16,8.47,1.53,10.00,,,,,,,"LTR"
"B","26-10-2019","2019-10-26 00:00:00 -0500",1,99,"B103",19779,,,," ",7,"GLP",3.45,0.98,1.16,3.39,0.61,4.00,,,,,,,"LTR"
"B","26-10-2019","2019-10-26 00:00:00 -0500",1,99,"B103",19778,,,," ",7,"GLP",3.45,0.98,1.16,3.39,0.61,4.00,,,,,,,"LTR"
"B","26-10-2019","2019-10-26 00:00:00 -0500",1,99,"B103",19777,,,," ",7,"GLP",24.06,0.98,1.16,23.65,4.26,27.91,,,,,,,"LTR"
"B","26-10-2019","2019-10-26 00:00:00 -0500",1,99,"B103",19776,,,," ",7,"GLP",8.32,0.98,1.16,8.18,1.47,9.65,,,,,,,"LTR"
"B","26-10-2019","2019-10-26 00:00:00 -0500",1,99,"B103",19775,,,," ",7,"GLP",8.62,0.98,1.16,8.47,1.53,10.00,,,,,,,"LTR"
"B","26-10-2019","2019-10-26 00:00:00 -0500",1,99,"B103",19774,,,," ",7,"GLP",4.31,0.98,1.16,4.24,0.76,5.00,,,,,,,"LTR"
"B","26-10-2019","2019-10-26 00:00:00 -0500",1,99,"B103",19773,,,," ",7,"GLP",28,0.98,1.16,27.53,4.95,32.48,,,,,,,"LTR"
"B","25-10-2019","2019-10-25 00:00:00 -0500",1,99,"B001",27596,,,," ",5,"DieselPro B5 S50 UV",8.45,10.03,11.84,84.75,15.25,100.00,,,,,,,"GLL"
"B","25-10-2019","2019-10-25 00:00:00 -0500",1,99,"B001",27595,,,," ",5,"DieselPro B5 S50 UV",11.4,10.03,11.84,114.40,20.59,134.99,,,,,,,"GLL"
"B","25-10-2019","2019-10-25 00:00:00 -0500",1,99,"B001",27594,,,," ",5,"DieselPro B5 S50 UV",6.33,10.03,11.84,63.56,11.44,75.00,,,,,,,"GLL"
"B","25-10-2019","2019-10-25 00:00:00 -0500",1,99,"B001",27593,,,," ",5,"DieselPro B5 S50 UV",2.53,10.03,11.84,25.42,4.58,30.00,,,,,,,"GLL"
"B","25-10-2019","2019-10-25 00:00:00 -0500",1,99,"B001",27592,,,," ",2,"Gasohol 90",0.63,10.75,12.69,6.78,1.22,8.00,,,,,,,"GLL"
"B","25-10-2019","2019-10-25 00:00:00 -0500",1,99,"B001",27591,,,," ",2,"Gasohol 90",0.79,10.75,12.69,8.47,1.53,10.00,,,,,,,"GLL"
"B","25-10-2019","2019-10-25 00:00:00 -0500",1,99,"B001",27590,,,," ",2,"Gasohol 90",0.16,10.75,12.69,1.69,0.31,2.00,,,,,,,"GLL"
"B","25-10-2019","2019-10-25 00:00:00 -0500",1,99,"B001",27589,,,," ",5,"DieselPro B5 S50 UV",1.69,10.03,11.84,16.95,3.05,20.00,,,,,,,"GLL"
"B","25-10-2019","2019-10-25 00:00:00 -0500",1,99,"B001",27588,,,," ",5,"DieselPro B5 S50 UV",8.08,10.03,11.84,81.08,14.60,95.68,,,,,,,"GLL"
"B","25-10-2019","2019-10-25 00:00:00 -0500",1,99,"B001",27587,,,," ",5,"DieselPro B5 S50 UV",8.45,10.03,11.84,84.75,15.25,100.00,,,,,,,"GLL"
"B","25-10-2019","2019-10-25 00:00:00 -0500",1,99,"B001",27586,,,," ",5,"DieselPro B5 S50 UV",16.31,10.03,11.84,163.69,29.46,193.15,,,,,,,"GLL"
"B","25-10-2019","2019-10-25 00:00:00 -0500",1,99,"B001",27585,,,," ",5,"DieselPro B5 S50 UV",4,10.03,11.84,40.14,7.22,47.36,,,,,,,"GLL"
"B","25-10-2019","2019-10-25 00:00:00 -0500",1,99,"B001",27584,,,," ",5,"DieselPro B5 S50 UV",12.33,10.03,11.84,123.68,22.26,145.94,,,,,,,"GLL"
"B","25-10-2019","2019-10-25 00:00:00 -0500",1,99,"B001",27583,,,," ",5,"DieselPro B5 S50 UV",12.67,10.03,11.84,127.12,22.88,150.00,,,,,,,"GLL"
"B","25-10-2019","2019-10-25 00:00:00 -0500",1,99,"B001",27582,,,," ",4,"Gasohol 98",2.58,13.13,15.49,33.90,6.10,40.00,,,,,,,"GLL"
"B","25-10-2019","2019-10-25 00:00:00 -0500",1,99,"B001",27581,,,," ",5,"DieselPro B5 S50 UV",4.39,10.03,11.84,44.07,7.93,52.00,,,,,,,"GLL"
"B","25-10-2019","2019-10-25 00:00:00 -0500",1,99,"B001",27580,,,," ",5,"DieselPro B5 S50 UV",2.03,10.03,11.84,20.33,3.66,23.99,,,,,,,"GLL"
"B","25-10-2019","2019-10-25 00:00:00 -0500",1,99,"B001",27579,,,," ",5,"DieselPro B5 S50 UV",10.13,10.03,11.84,101.69,18.30,119.99,,,,,,,"GLL"
"B","25-10-2019","2019-10-25 00:00:00 -0500",1,99,"B001",27578,,,," ",5,"DieselPro B5 S50 UV",6.76,10.03,11.84,67.80,12.20,80.00,,,,,,,"GLL"
"B","25-10-2019","2019-10-25 00:00:00 -0500",1,99,"B001",27577,,,," ",5,"DieselPro B5 S50 UV",5.07,10.03,11.84,50.86,9.15,60.01,,,,,,,"GLL"
"B","25-10-2019","2019-10-25 00:00:00 -0500",1,99,"B001",27576,,,," ",5,"DieselPro B5 S50 UV",5.07,10.03,11.84,50.85,9.15,60.00,,,,,,,"GLL"
"B","25-10-2019","2019-10-25 00:00:00 -0500",1,99,"B001",27575,,,," ",5,"DieselPro B5 S50 UV",6.76,10.03,11.84,67.80,12.20,80.00,,,,,,,"GLL"
"B","25-10-2019","2019-10-25 00:00:00 -0500",1,99,"B001",27574,,,," ",4,"Gasohol 98",2.58,13.13,15.49,33.90,6.10,40.00,,,,,,,"GLL"
"B","25-10-2019","2019-10-25 00:00:00 -0500",1,99,"B001",27573,,,," ",5,"DieselPro B5 S50 UV",13.94,10.03,11.84,139.89,25.18,165.07,,,,,,,"GLL"
"B","25-10-2019","2019-10-25 00:00:00 -0500",1,99,"B001",27572,,,," ",5,"DieselPro B5 S50 UV",16.32,10.03,11.84,163.74,29.47,193.21,,,,,,,"GLL"
"B","25-10-2019","2019-10-25 00:00:00 -0500",1,99,"B001",27571,,,," ",5,"DieselPro B5 S50 UV",11.23,10.03,11.84,112.71,20.29,133.00,,,,,,,"GLL"
"B","25-10-2019","2019-10-25 00:00:00 -0500",1,99,"B001",27570,,,," ",5,"DieselPro B5 S50 UV",9.97,10.03,11.84,100.00,18.00,118.00,,,,,,,"GLL"
"B","25-10-2019","2019-10-25 00:00:00 -0500",1,99,"B001",27569,,,," ",5,"DieselPro B5 S50 UV",13.12,10.03,11.84,131.69,23.70,155.39,,,,,,,"GLL"
"B","25-10-2019","2019-10-25 00:00:00 -0500",1,99,"B001",27568,,,," ",5,"DieselPro B5 S50 UV",11.53,10.03,11.84,115.70,20.83,136.53,,,,,,,"GLL"
"B","25-10-2019","2019-10-25 00:00:00 -0500",1,99,"B001",27567,,,," ",2,"Gasohol 90",0.95,10.75,12.69,10.17,1.83,12.00,,,,,,,"GLL"
"B","25-10-2019","2019-10-25 00:00:00 -0500",1,99,"B001",27566,,,," ",2,"Gasohol 90",0.55,10.75,12.69,5.93,1.07,7.00,,,,,,,"GLL"
"B","25-10-2019","2019-10-25 00:00:00 -0500",1,99,"B001",27565,,,," ",5,"DieselPro B5 S50 UV",4.9,10.03,11.84,49.15,8.85,58.00,,,,,,,"GLL"
"B","25-10-2019","2019-10-25 00:00:00 -0500",1,99,"B001",27564,,,," ",5,"DieselPro B5 S50 UV",9.29,10.03,11.84,93.22,16.78,110.00,,,,,,,"GLL"
"B","25-10-2019","2019-10-25 00:00:00 -0500",1,99,"B001",27563,,,," ",5,"DieselPro B5 S50 UV",10.39,10.03,11.84,104.25,18.76,123.01,,,,,,,"GLL"
"B","25-10-2019","2019-10-25 00:00:00 -0500",1,99,"B001",27562,,,," ",5,"DieselPro B5 S50 UV",7.18,10.03,11.84,72.03,12.97,85.00,,,,,,,"GLL"
"B","25-10-2019","2019-10-25 00:00:00 -0500",1,99,"B001",27561,,,," ",4,"Gasohol 98",3.23,13.13,15.49,42.37,7.63,50.00,,,,,,,"GLL"
"B","25-10-2019","2019-10-25 00:00:00 -0500",1,99,"B001",27560,,,," ",5,"DieselPro B5 S50 UV",4.22,10.03,11.84,42.37,7.63,50.00,,,,,,,"GLL"
"B","25-10-2019","2019-10-25 00:00:00 -0500",1,99,"B001",27559,,,," ",2,"Gasohol 90",0.47,10.75,12.69,5.08,0.92,6.00,,,,,,,"GLL"
"B","25-10-2019","2019-10-25 00:00:00 -0500",1,99,"B001",27558,,,," ",4,"Gasohol 98",13.17,13.13,15.49,172.87,31.12,203.99,,,,,,,"GLL"
"B","25-10-2019","2019-10-25 00:00:00 -0500",1,99,"B001",27557,,,," ",5,"DieselPro B5 S50 UV",5.83,10.03,11.84,58.47,10.53,69.00,,,,,,,"GLL"
"B","25-10-2019","2019-10-25 00:00:00 -0500",1,99,"B001",27556,,,," ",2,"Gasohol 90",0.79,10.75,12.69,8.47,1.53,10.00,,,,,,,"GLL"
"B","25-10-2019","2019-10-25 00:00:00 -0500",1,99,"B001",27555,,,," ",5,"DieselPro B5 S50 UV",8.13,10.03,11.84,81.59,14.69,96.28,,,,,,,"GLL"
"B","25-10-2019","2019-10-25 00:00:00 -0500",1,99,"B001",27554,,,," ",5,"DieselPro B5 S50 UV",7.69,10.03,11.84,77.11,13.88,90.99,,,,,,,"GLL"
"B","25-10-2019","2019-10-25 00:00:00 -0500",1,99,"B001",27553,,,," ",2,"Gasohol 90",0.27,10.75,12.69,2.87,0.52,3.39,,,,,,,"GLL"
"B","25-10-2019","2019-10-25 00:00:00 -0500",1,99,"B001",27552,,,," ",2,"Gasohol 90",0.55,10.75,12.69,5.93,1.07,7.00,,,,,,,"GLL"
"B","25-10-2019","2019-10-25 00:00:00 -0500",1,99,"B001",27551,,,," ",5,"DieselPro B5 S50 UV",2,10.03,11.84,20.07,3.61,23.68,,,,,,,"GLL"
"B","25-10-2019","2019-10-25 00:00:00 -0500",1,99,"B001",27550,,,," ",5,"DieselPro B5 S50 UV",9.85,10.03,11.84,98.81,17.79,116.60,,,,,,,"GLL"
"B","25-10-2019","2019-10-25 00:00:00 -0500",1,99,"B001",27549,,,," ",2,"Gasohol 90",0.39,10.75,12.69,4.24,0.76,5.00,,,,,,,"GLL"
"B","25-10-2019","2019-10-25 00:00:00 -0500",1,99,"B001",27548,,,," ",2,"Gasohol 90",0.24,10.75,12.69,2.54,0.46,3.00,,,,,,,"GLL"
"B","25-10-2019","2019-10-25 00:00:00 -0500",1,99,"B001",27547,,,," ",5,"DieselPro B5 S50 UV",8.45,10.03,11.84,84.75,15.25,100.00,,,,,,,"GLL"
"B","25-10-2019","2019-10-25 00:00:00 -0500",1,99,"B001",27546,,,," ",5,"DieselPro B5 S50 UV",10.13,10.03,11.84,101.69,18.30,119.99,,,,,,,"GLL"
"B","25-10-2019","2019-10-25 00:00:00 -0500",1,99,"B001",27545,,,," ",4,"Gasohol 98",2.58,13.13,15.49,33.90,6.10,40.00,,,,,,,"GLL"
"B","25-10-2019","2019-10-25 00:00:00 -0500",1,99,"B001",27544,,,," ",5,"DieselPro B5 S50 UV",6.01,10.03,11.84,60.27,10.85,71.12,,,,,,,"GLL"
"B","25-10-2019","2019-10-25 00:00:00 -0500",1,99,"B001",27543,,,," ",5,"DieselPro B5 S50 UV",2.54,10.03,11.84,25.43,4.58,30.01,,,,,,,"GLL"
"B","25-10-2019","2019-10-25 00:00:00 -0500",1,99,"B001",27542,,,," ",2,"Gasohol 90",0.16,10.75,12.69,1.69,0.31,2.00,,,,,,,"GLL"
"B","25-10-2019","2019-10-25 00:00:00 -0500",1,99,"B001",27541,,,," ",5,"DieselPro B5 S50 UV",1.27,10.03,11.84,12.71,2.29,15.00,,,,,,,"GLL"
"B","25-10-2019","2019-10-25 00:00:00 -0500",1,99,"B001",27540,,,," ",2,"Gasohol 90",0.24,10.75,12.69,2.54,0.46,3.00,,,,,,,"GLL"
"B","25-10-2019","2019-10-25 00:00:00 -0500",1,99,"B001",27539,,,," ",5,"DieselPro B5 S50 UV",0.42,10.03,11.84,4.24,0.76,5.00,,,,,,,"GLL"
"B","25-10-2019","2019-10-25 00:00:00 -0500",1,99,"B001",27538,,,," ",2,"Gasohol 90",0.35,10.75,12.69,3.75,0.68,4.43,,,,,,,"GLL"
"B","25-10-2019","2019-10-25 00:00:00 -0500",1,99,"B001",27537,,,," ",2,"Gasohol 90",0.39,10.75,12.69,4.24,0.76,5.00,,,,,,,"GLL"
"B","25-10-2019","2019-10-25 00:00:00 -0500",1,99,"B001",27536,,,," ",5,"DieselPro B5 S50 UV",2.11,10.03,11.84,21.19,3.81,25.00,,,,,,,"GLL"
"B","25-10-2019","2019-10-25 00:00:00 -0500",1,99,"B001",27535,,,," ",2,"Gasohol 90",0.55,10.75,12.69,5.93,1.07,7.00,,,,,,,"GLL"
"B","25-10-2019","2019-10-25 00:00:00 -0500",1,99,"B001",27534,,,," ",2,"Gasohol 90",0.24,10.75,12.69,2.54,0.46,3.00,,,,,,,"GLL"
"B","25-10-2019","2019-10-25 00:00:00 -0500",1,99,"B001",27533,,,," ",4,"Gasohol 98",1.94,13.13,15.49,25.42,4.58,30.00,,,,,,,"GLL"
"B","25-10-2019","2019-10-25 00:00:00 -0500",1,99,"B001",27532,,,," ",5,"DieselPro B5 S50 UV",1.69,10.03,11.84,16.95,3.05,20.00,,,,,,,"GLL"
"B","25-10-2019","2019-10-25 00:00:00 -0500",1,99,"B001",27531,,,," ",2,"Gasohol 90",1,10.75,12.69,10.75,1.94,12.69,,,,,,,"GLL"
"B","25-10-2019","2019-10-25 00:00:00 -0500",1,99,"B001",27530,,,," ",5,"DieselPro B5 S50 UV",0.85,10.03,11.84,8.47,1.53,10.00,,,,,,,"GLL"
"B","25-10-2019","2019-10-25 00:00:00 -0500",1,99,"B001",27529,,,," ",5,"DieselPro B5 S50 UV",8.87,10.03,11.84,88.98,16.02,105.00,,,,,,,"GLL"
"B","25-10-2019","2019-10-25 00:00:00 -0500",1,99,"B001",27528,,,," ",5,"DieselPro B5 S50 UV",6,10.03,11.84,60.20,10.84,71.04,,,,,,,"GLL"
"B","25-10-2019","2019-10-25 00:00:00 -0500",1,99,"B001",27527,,,," ",2,"Gasohol 90",0.79,10.75,12.69,8.47,1.53,10.00,,,,,,,"GLL"
"B","25-10-2019","2019-10-25 00:00:00 -0500",1,99,"B001",27526,,,," ",2,"Gasohol 90",0.39,10.75,12.69,4.24,0.76,5.00,,,,,,,"GLL"
"B","25-10-2019","2019-10-25 00:00:00 -0500",1,99,"B001",27525,,,," ",4,"Gasohol 98",3.23,13.13,15.49,42.37,7.63,50.00,,,,,,,"GLL"
"B","25-10-2019","2019-10-25 00:00:00 -0500",1,99,"B001",27524,,,," ",5,"DieselPro B5 S50 UV",3.38,10.03,11.84,33.90,6.10,40.00,,,,,,,"GLL"
"B","25-10-2019","2019-10-25 00:00:00 -0500",1,99,"B001",27523,,,," ",5,"DieselPro B5 S50 UV",1.69,10.03,11.84,16.95,3.05,20.00,,,,,,,"GLL"
"B","25-10-2019","2019-10-25 00:00:00 -0500",1,99,"B001",27522,,,," ",2,"Gasohol 90",0.55,10.75,12.69,5.93,1.07,7.00,,,,,,,"GLL"
"B","25-10-2019","2019-10-25 00:00:00 -0500",1,99,"B001",27521,,,," ",5,"DieselPro B5 S50 UV",16.49,10.03,11.84,165.41,29.77,195.18,,,,,,,"GLL"
"B","25-10-2019","2019-10-25 00:00:00 -0500",1,99,"B001",27520,,,," ",5,"DieselPro B5 S50 UV",4,10.03,11.84,40.14,7.22,47.36,,,,,,,"GLL"
"B","25-10-2019","2019-10-25 00:00:00 -0500",1,99,"B001",27519,,,," ",5,"DieselPro B5 S50 UV",5.24,10.03,11.84,52.54,9.46,62.00,,,,,,,"GLL"
"B","25-10-2019","2019-10-25 00:00:00 -0500",1,99,"B001",27518,,,," ",2,"Gasohol 90",1.58,10.75,12.69,16.95,3.05,20.00,,,,,,,"GLL"
"B","25-10-2019","2019-10-25 00:00:00 -0500",1,99,"B001",27517,,,," ",5,"DieselPro B5 S50 UV",8.45,10.03,11.84,84.75,15.25,100.00,,,,,,,"GLL"
"B","25-10-2019","2019-10-25 00:00:00 -0500",1,99,"B001",27516,,,," ",2,"Gasohol 90",0.39,10.75,12.69,4.24,0.76,5.00,,,,,,,"GLL"
"B","25-10-2019","2019-10-25 00:00:00 -0500",1,99,"B001",27515,,,," ",2,"Gasohol 90",1.58,10.75,12.69,16.95,3.05,20.00,,,,,,,"GLL"
"B","25-10-2019","2019-10-25 00:00:00 -0500",1,99,"B001",27514,,,," ",5,"DieselPro B5 S50 UV",5.49,10.03,11.84,55.08,9.91,64.99,,,,,,,"GLL"
"B","25-10-2019","2019-10-25 00:00:00 -0500",1,99,"B001",27513,,,," ",5,"DieselPro B5 S50 UV",0.42,10.03,11.84,4.24,0.76,5.00,,,,,,,"GLL"
"B","25-10-2019","2019-10-25 00:00:00 -0500",1,99,"B001",27512,,,," ",2,"Gasohol 90",0.79,10.75,12.69,8.47,1.53,10.00,,,,,,,"GLL"
"B","25-10-2019","2019-10-25 00:00:00 -0500",1,99,"B001",27511,,,," ",5,"DieselPro B5 S50 UV",0.85,10.03,11.84,8.47,1.53,10.00,,,,,,,"GLL"
"B","25-10-2019","2019-10-25 00:00:00 -0500",1,99,"B001",27510,,,," ",2,"Gasohol 90",0.24,10.75,12.69,2.54,0.46,3.00,,,,,,,"GLL"
"B","25-10-2019","2019-10-25 00:00:00 -0500",1,99,"B001",27509,,,," ",2,"Gasohol 90",0.39,10.75,12.69,4.24,0.76,5.00,,,,,,,"GLL"
"B","25-10-2019","2019-10-25 00:00:00 -0500",1,99,"B001",27508,,,," ",2,"Gasohol 90",0.63,10.75,12.69,6.78,1.22,8.00,,,,,,,"GLL"
"B","25-10-2019","2019-10-25 00:00:00 -0500",1,99,"B001",27507,,,," ",5,"DieselPro B5 S50 UV",0.17,10.03,11.84,1.69,0.31,2.00,,,,,,,"GLL"
"B","25-10-2019","2019-10-25 00:00:00 -0500",1,99,"B001",27506,,,," ",2,"Gasohol 90",0.39,10.75,12.69,4.24,0.76,5.00,,,,,,,"GLL"
"B","25-10-2019","2019-10-25 00:00:00 -0500",1,99,"B001",27505,,,," ",2,"Gasohol 90",0.39,10.75,12.69,4.24,0.76,5.00,,,,,,,"GLL"
"B","25-10-2019","2019-10-25 00:00:00 -0500",1,99,"B001",27504,,,," ",5,"DieselPro B5 S50 UV",8.45,10.03,11.84,84.75,15.25,100.00,,,,,,,"GLL"
"B","25-10-2019","2019-10-25 00:00:00 -0500",1,99,"B001",27503,,,," ",2,"Gasohol 90",0.79,10.75,12.69,8.47,1.53,10.00,,,,,,,"GLL"
"B","25-10-2019","2019-10-25 00:00:00 -0500",1,99,"B001",27502,,,," ",4,"Gasohol 98",6.68,13.13,15.49,87.65,15.78,103.43,,,,,,,"GLL"
"B","25-10-2019","2019-10-25 00:00:00 -0500",1,99,"B001",27501,,,," ",2,"Gasohol 90",0.39,10.75,12.69,4.24,0.76,5.00,,,,,,,"GLL"
"B","25-10-2019","2019-10-25 00:00:00 -0500",1,99,"B001",27500,,,," ",5,"DieselPro B5 S50 UV",0.42,10.03,11.84,4.24,0.76,5.00,,,,,,,"GLL"
"B","25-10-2019","2019-10-25 00:00:00 -0500",1,99,"B001",27499,,,," ",5,"DieselPro B5 S50 UV",2.53,10.03,11.84,25.42,4.58,30.00,,,,,,,"GLL"
"B","25-10-2019","2019-10-25 00:00:00 -0500",1,99,"B001",27498,,,," ",4,"Gasohol 98",2,13.13,15.49,26.25,4.73,30.98,,,,,,,"GLL"
"B","25-10-2019","2019-10-25 00:00:00 -0500",1,99,"B001",27497,,,," ",2,"Gasohol 90",0.79,10.75,12.69,8.47,1.53,10.00,,,,,,,"GLL"
"B","25-10-2019","2019-10-25 00:00:00 -0500",1,99,"B001",27496,,,," ",5,"DieselPro B5 S50 UV",16.89,10.03,11.84,169.49,30.51,200.00,,,,,,,"GLL"
"B","25-10-2019","2019-10-25 00:00:00 -0500",1,99,"B001",27495,,,," ",5,"DieselPro B5 S50 UV",4.22,10.03,11.84,42.37,7.63,50.00,,,,,,,"GLL"
"B","25-10-2019","2019-10-25 00:00:00 -0500",1,99,"B001",27494,,,," ",5,"DieselPro B5 S50 UV",5.49,10.03,11.84,55.08,9.92,65.00,,,,,,,"GLL"
"B","25-10-2019","2019-10-25 00:00:00 -0500",1,99,"B001",27493,,,," ",5,"DieselPro B5 S50 UV",2,10.03,11.84,20.07,3.61,23.68,,,,,,,"GLL"
"B","25-10-2019","2019-10-25 00:00:00 -0500",1,99,"B001",27492,,,," ",2,"Gasohol 90",3.1,10.75,12.69,33.29,5.99,39.28,,,,,,,"GLL"
"B","25-10-2019","2019-10-25 00:00:00 -0500",1,99,"B001",27491,,,," ",5,"DieselPro B5 S50 UV",3,10.03,11.84,30.10,5.42,35.52,,,,,,,"GLL"
"B","25-10-2019","2019-10-25 00:00:00 -0500",1,99,"B001",27490,,,," ",2,"Gasohol 90",2.36,10.75,12.69,25.42,4.58,30.00,,,,,,,"GLL"
"B","25-10-2019","2019-10-25 00:00:00 -0500",1,99,"B001",27489,,,," ",5,"DieselPro B5 S50 UV",1.27,10.03,11.84,12.71,2.29,15.00,,,,,,,"GLL"
"B","25-10-2019","2019-10-25 00:00:00 -0500",1,99,"B001",27488,,,," ",5,"DieselPro B5 S50 UV",3.38,10.03,11.84,33.90,6.10,40.00,,,,,,,"GLL"
"B","25-10-2019","2019-10-25 00:00:00 -0500",1,99,"B001",27487,,,," ",2,"Gasohol 90",3.15,10.75,12.69,33.90,6.10,40.00,,,,,,,"GLL"
"B","25-10-2019","2019-10-25 00:00:00 -0500",1,99,"B001",27486,,,," ",2,"Gasohol 90",0.79,10.75,12.69,8.47,1.53,10.00,,,,,,,"GLL"
"B","25-10-2019","2019-10-25 00:00:00 -0500",1,99,"B001",27485,,,," ",2,"Gasohol 90",0.39,10.75,12.69,4.24,0.76,5.00,,,,,,,"GLL"
"B","25-10-2019","2019-10-25 00:00:00 -0500",1,99,"B001",27484,,,," ",2,"Gasohol 90",0.39,10.75,12.69,4.24,0.76,5.00,,,,,,,"GLL"
"B","25-10-2019","2019-10-25 00:00:00 -0500",1,99,"B001",27483,,,," ",2,"Gasohol 90",0.79,10.75,12.69,8.47,1.53,10.00,,,,,,,"GLL"
"B","25-10-2019","2019-10-25 00:00:00 -0500",1,99,"B001",27482,,,," ",5,"DieselPro B5 S50 UV",0.85,10.03,11.84,8.47,1.53,10.00,,,,,,,"GLL"
"B","25-10-2019","2019-10-25 00:00:00 -0500",1,99,"B001",27481,,,," ",2,"Gasohol 90",0.39,10.75,12.69,4.24,0.76,5.00,,,,,,,"GLL"
"B","25-10-2019","2019-10-25 00:00:00 -0500",1,99,"B001",27480,,,," ",5,"DieselPro B5 S50 UV",2.2,10.03,11.84,22.03,3.97,26.00,,,,,,,"GLL"
"B","25-10-2019","2019-10-25 00:00:00 -0500",1,99,"B001",27479,,,," ",2,"Gasohol 90",0.76,10.75,12.69,8.14,1.47,9.61,,,,,,,"GLL"
"B","25-10-2019","2019-10-25 00:00:00 -0500",1,99,"B001",27478,,,," ",5,"DieselPro B5 S50 UV",5.07,10.03,11.84,50.85,9.15,60.00,,,,,,,"GLL"
"B","25-10-2019","2019-10-25 00:00:00 -0500",1,99,"B001",27477,,,," ",2,"Gasohol 90",2.36,10.75,12.69,25.42,4.58,30.00,,,,,,,"GLL"
"B","25-10-2019","2019-10-25 00:00:00 -0500",1,99,"B001",27476,,,," ",2,"Gasohol 90",0.79,10.75,12.69,8.47,1.53,10.00,,,,,,,"GLL"
"B","25-10-2019","2019-10-25 00:00:00 -0500",1,99,"B001",27475,,,," ",2,"Gasohol 90",0.79,10.75,12.69,8.47,1.53,10.00,,,,,,,"GLL"
"B","25-10-2019","2019-10-25 00:00:00 -0500",1,99,"B001",27474,,,," ",5,"DieselPro B5 S50 UV",12.67,10.03,11.84,127.12,22.88,150.00,,,,,,,"GLL"
"B","25-10-2019","2019-10-25 00:00:00 -0500",1,99,"B001",27473,,,," ",5,"DieselPro B5 S50 UV",2.53,10.03,11.84,25.42,4.58,30.00,,,,,,,"GLL"
"B","25-10-2019","2019-10-25 00:00:00 -0500",1,99,"B001",27472,,,," ",2,"Gasohol 90",0.24,10.75,12.69,2.54,0.46,3.00,,,,,,,"GLL"
"B","25-10-2019","2019-10-25 00:00:00 -0500",1,99,"B001",27471,,,," ",5,"DieselPro B5 S50 UV",1.27,10.03,11.84,12.71,2.29,15.00,,,,,,,"GLL"
"B","25-10-2019","2019-10-25 00:00:00 -0500",1,99,"B001",27470,,,," ",5,"DieselPro B5 S50 UV",4.21,10.03,11.84,42.25,7.60,49.85,,,,,,,"GLL"
"B","25-10-2019","2019-10-25 00:00:00 -0500",1,99,"B001",27469,,,," ",2,"Gasohol 90",0.79,10.75,12.69,8.47,1.53,10.00,,,,,,,"GLL"
"B","25-10-2019","2019-10-25 00:00:00 -0500",1,99,"B001",27468,,,," ",5,"DieselPro B5 S50 UV",12.25,10.03,11.84,122.91,22.12,145.03,,,,,,,"GLL"
"B","25-10-2019","2019-10-25 00:00:00 -0500",1,99,"B001",27467,,,," ",2,"Gasohol 90",2.36,10.75,12.69,25.42,4.58,30.00,,,,,,,"GLL"
"B","25-10-2019","2019-10-25 00:00:00 -0500",1,99,"B001",27466,,,," ",5,"DieselPro B5 S50 UV",8.45,10.03,11.84,84.75,15.25,100.00,,,,,,,"GLL"
"B","25-10-2019","2019-10-25 00:00:00 -0500",1,99,"B002",163174,,,," ",7,"GLP",22.31,1.03,1.21,22.88,4.12,27.00,,,,,,,"LTR"
"B","25-10-2019","2019-10-25 00:00:00 -0500",1,99,"B002",163173,,,," ",7,"GLP",1.65,1.03,1.21,1.69,0.31,2.00,,,,,,,"LTR"
"B","25-10-2019","2019-10-25 00:00:00 -0500",1,99,"B002",163172,,,," ",7,"GLP",8.26,1.03,1.21,8.47,1.53,10.00,,,,,,,"LTR"
"B","25-10-2019","2019-10-25 00:00:00 -0500",1,99,"B002",163171,,,," ",7,"GLP",12.4,1.03,1.21,12.71,2.29,15.00,,,,,,,"LTR"
"B","25-10-2019","2019-10-25 00:00:00 -0500",1,99,"B002",163170,,,," ",7,"GLP",2.48,1.03,1.21,2.54,0.46,3.00,,,,,,,"LTR"
"B","25-10-2019","2019-10-25 00:00:00 -0500",1,99,"B002",163169,,,," ",7,"GLP",7.78,1.03,1.21,7.97,1.44,9.41,,,,,,,"LTR"
"B","25-10-2019","2019-10-25 00:00:00 -0500",1,99,"B002",163168,,,," ",7,"GLP",4.13,1.03,1.21,4.24,0.76,5.00,,,,,,,"LTR"
"B","25-10-2019","2019-10-25 00:00:00 -0500",1,99,"B002",163167,,,," ",7,"GLP",14.88,1.03,1.21,15.25,2.75,18.00,,,,,,,"LTR"
"B","25-10-2019","2019-10-25 00:00:00 -0500",1,99,"B002",163166,,,," ",7,"GLP",5.79,1.03,1.21,5.93,1.07,7.00,,,,,,,"LTR"
"B","25-10-2019","2019-10-25 00:00:00 -0500",1,99,"B002",163165,,,," ",7,"GLP",4.13,1.03,1.21,4.24,0.76,5.00,,,,,,,"LTR"
"B","25-10-2019","2019-10-25 00:00:00 -0500",1,99,"B002",163164,,,," ",7,"GLP",4.96,1.03,1.21,5.08,0.92,6.00,,,,,,,"LTR"
"B","25-10-2019","2019-10-25 00:00:00 -0500",1,99,"B002",163163,,,," ",7,"GLP",8.26,1.03,1.21,8.47,1.53,10.00,,,,,,,"LTR"
"B","25-10-2019","2019-10-25 00:00:00 -0500",1,99,"B002",163162,,,," ",7,"GLP",8.5,1.03,1.21,8.72,1.57,10.29,,,,,,,"LTR"
"B","25-10-2019","2019-10-25 00:00:00 -0500",1,99,"B002",163161,,,," ",7,"GLP",31.81,1.03,1.21,32.62,5.87,38.49,,,,,,,"LTR"
"B","25-10-2019","2019-10-25 00:00:00 -0500",1,99,"B002",163160,,,," ",7,"GLP",6.61,1.03,1.21,6.78,1.22,8.00,,,,,,,"LTR"
"B","25-10-2019","2019-10-25 00:00:00 -0500",1,99,"B002",163159,,,," ",7,"GLP",4.13,1.03,1.21,4.24,0.76,5.00,,,,,,,"LTR"
"B","25-10-2019","2019-10-25 00:00:00 -0500",1,99,"B002",163158,,,," ",7,"GLP",11,1.03,1.21,11.28,2.03,13.31,,,,,,,"LTR"
"B","25-10-2019","2019-10-25 00:00:00 -0500",1,99,"B002",163157,,,," ",7,"GLP",34.79,1.03,1.21,35.68,6.42,42.10,,,,,,,"LTR"
"B","25-10-2019","2019-10-25 00:00:00 -0500",1,99,"B002",163156,,,," ",7,"GLP",6.61,1.03,1.21,6.78,1.22,8.00,,,,,,,"LTR"
"B","25-10-2019","2019-10-25 00:00:00 -0500",1,99,"B002",163155,,,," ",7,"GLP",16.53,1.03,1.21,16.95,3.05,20.00,,,,,,,"LTR"
"B","25-10-2019","2019-10-25 00:00:00 -0500",1,99,"B002",163154,,,," ",7,"GLP",8.26,1.03,1.21,8.47,1.53,10.00,,,,,,,"LTR"
"B","25-10-2019","2019-10-25 00:00:00 -0500",1,99,"B002",163153,,,," ",7,"GLP",3.74,1.03,1.21,3.83,0.69,4.52,,,,,,,"LTR"
"B","25-10-2019","2019-10-25 00:00:00 -0500",1,99,"B002",163152,,,," ",7,"GLP",10.55,1.03,1.21,10.81,1.95,12.76,,,,,,,"LTR"
"B","25-10-2019","2019-10-25 00:00:00 -0500",1,99,"B002",163151,,,," ",7,"GLP",11.66,1.03,1.21,11.96,2.15,14.11,,,,,,,"LTR"
"B","25-10-2019","2019-10-25 00:00:00 -0500",1,99,"B002",163150,,,," ",7,"GLP",9.67,1.03,1.21,9.92,1.78,11.70,,,,,,,"LTR"
"B","25-10-2019","2019-10-25 00:00:00 -0500",1,99,"B002",163149,,,," ",7,"GLP",9.09,1.03,1.21,9.32,1.68,11.00,,,,,,,"LTR"
"B","25-10-2019","2019-10-25 00:00:00 -0500",1,99,"B002",163148,,,," ",7,"GLP",10.74,1.03,1.21,11.02,1.98,13.00,,,,,,,"LTR"
"B","25-10-2019","2019-10-25 00:00:00 -0500",1,99,"B002",163147,,,," ",7,"GLP",9.92,1.03,1.21,10.17,1.83,12.00,,,,,,,"LTR"
"B","25-10-2019","2019-10-25 00:00:00 -0500",1,99,"B002",163146,,,," ",7,"GLP",10.74,1.03,1.21,11.02,1.98,13.00,,,,,,,"LTR"
"B","25-10-2019","2019-10-25 00:00:00 -0500",1,99,"B002",163145,,,," ",7,"GLP",4.13,1.03,1.21,4.24,0.76,5.00,,,,,,,"LTR"
"B","25-10-2019","2019-10-25 00:00:00 -0500",1,99,"B002",163144,,,," ",7,"GLP",23.64,1.03,1.21,24.24,4.36,28.60,,,,,,,"LTR"
"B","25-10-2019","2019-10-25 00:00:00 -0500",1,99,"B002",163143,,,," ",7,"GLP",16.5,1.03,1.21,16.92,3.05,19.97,,,,,,,"LTR"
"B","25-10-2019","2019-10-25 00:00:00 -0500",1,99,"B002",163142,,,," ",7,"GLP",4.13,1.03,1.21,4.24,0.76,5.00,,,,,,,"LTR"
"B","25-10-2019","2019-10-25 00:00:00 -0500",1,99,"B002",163141,,,," ",7,"GLP",12.4,1.03,1.21,12.71,2.29,15.00,,,,,,,"LTR"
"B","25-10-2019","2019-10-25 00:00:00 -0500",1,99,"B002",163140,,,," ",7,"GLP",8.26,1.03,1.21,8.47,1.53,10.00,,,,,,,"LTR"
"B","25-10-2019","2019-10-25 00:00:00 -0500",1,99,"B002",163139,,,," ",7,"GLP",7.61,1.03,1.21,7.81,1.40,9.21,,,,,,,"LTR"
"B","25-10-2019","2019-10-25 00:00:00 -0500",1,99,"B002",163138,,,," ",7,"GLP",4.96,1.03,1.21,5.08,0.92,6.00,,,,,,,"LTR"
"B","25-10-2019","2019-10-25 00:00:00 -0500",1,99,"B002",163137,,,," ",7,"GLP",16.53,1.03,1.21,16.95,3.05,20.00,,,,,,,"LTR"
"B","25-10-2019","2019-10-25 00:00:00 -0500",1,99,"B002",163136,,,," ",7,"GLP",8.26,1.03,1.21,8.47,1.53,10.00,,,,,,,"LTR"
"B","25-10-2019","2019-10-25 00:00:00 -0500",1,99,"B002",163135,,,," ",7,"GLP",4.13,1.03,1.21,4.24,0.76,5.00,,,,,,,"LTR"
"B","25-10-2019","2019-10-25 00:00:00 -0500",1,99,"B002",163134,,,," ",7,"GLP",12.4,1.03,1.21,12.71,2.29,15.00,,,,,,,"LTR"
"B","25-10-2019","2019-10-25 00:00:00 -0500",1,99,"B002",163133,,,," ",2,"Gasohol 90",0.79,10.75,12.69,8.47,1.53,10.00,,,,,,,"GLL"
"B","25-10-2019","2019-10-25 00:00:00 -0500",1,99,"B002",163132,,,," ",7,"GLP",4.96,1.03,1.21,5.08,0.92,6.00,,,,,,,"LTR"
"B","25-10-2019","2019-10-25 00:00:00 -0500",1,99,"B002",163131,,,," ",7,"GLP",16.53,1.03,1.21,16.95,3.05,20.00,,,,,,,"LTR"
"B","25-10-2019","2019-10-25 00:00:00 -0500",1,99,"B002",163130,,,," ",7,"GLP",9.92,1.03,1.21,10.17,1.83,12.00,,,,,,,"LTR"
"B","25-10-2019","2019-10-25 00:00:00 -0500",1,99,"B002",163129,,,," ",7,"GLP",33.06,1.03,1.21,33.90,6.10,40.00,,,,,,,"LTR"
"B","25-10-2019","2019-10-25 00:00:00 -0500",1,99,"B002",163128,,,," ",7,"GLP",4.96,1.03,1.21,5.08,0.92,6.00,,,,,,,"LTR"
"B","25-10-2019","2019-10-25 00:00:00 -0500",1,99,"B002",163127,,,," ",7,"GLP",8.26,1.03,1.21,8.47,1.53,10.00,,,,,,,"LTR"
"B","25-10-2019","2019-10-25 00:00:00 -0500",1,99,"B002",163126,,,," ",7,"GLP",4.13,1.03,1.21,4.24,0.76,5.00,,,,,,,"LTR"
"B","25-10-2019","2019-10-25 00:00:00 -0500",1,99,"B002",163125,,,," ",7,"GLP",5.79,1.03,1.21,5.93,1.07,7.00,,,,,,,"LTR"
"B","25-10-2019","2019-10-25 00:00:00 -0500",1,99,"B002",163124,,,," ",7,"GLP",4.13,1.03,1.21,4.24,0.76,5.00,,,,,,,"LTR"
"B","25-10-2019","2019-10-25 00:00:00 -0500",1,99,"B002",163123,,,," ",7,"GLP",8.26,1.03,1.21,8.47,1.53,10.00,,,,,,,"LTR"
"B","25-10-2019","2019-10-25 00:00:00 -0500",1,99,"B002",163122,,,," ",7,"GLP",9.09,1.03,1.21,9.32,1.68,11.00,,,,,,,"LTR"
"B","25-10-2019","2019-10-25 00:00:00 -0500",1,99,"B002",163121,,,," ",7,"GLP",13.22,1.03,1.21,13.56,2.44,16.00,,,,,,,"LTR"
"B","25-10-2019","2019-10-25 00:00:00 -0500",1,99,"B002",163120,,,," ",7,"GLP",7.79,1.03,1.21,7.98,1.44,9.42,,,,,,,"LTR"
"B","25-10-2019","2019-10-25 00:00:00 -0500",1,99,"B002",163119,,,," ",7,"GLP",8.26,1.03,1.21,8.47,1.53,10.00,,,,,,,"LTR"
"B","25-10-2019","2019-10-25 00:00:00 -0500",1,99,"B002",163118,,,," ",7,"GLP",19.62,1.03,1.21,20.12,3.62,23.74,,,,,,,"LTR"
"B","25-10-2019","2019-10-25 00:00:00 -0500",1,99,"B002",163117,,,," ",2,"Gasohol 90",0.79,10.75,12.69,8.47,1.53,10.00,,,,,,,"GLL"
"B","25-10-2019","2019-10-25 00:00:00 -0500",1,99,"B002",163116,,,," ",7,"GLP",8.26,1.03,1.21,8.47,1.53,10.00,,,,,,,"LTR"
"B","25-10-2019","2019-10-25 00:00:00 -0500",1,99,"B002",163115,,,," ",7,"GLP",8.26,1.03,1.21,8.47,1.53,10.00,,,,,,,"LTR"
"B","25-10-2019","2019-10-25 00:00:00 -0500",1,99,"B002",163114,,,," ",5,"DieselPro B5 S50 UV",14.49,10.03,11.84,145.38,26.17,171.55,,,,,,,"GLL"
"B","25-10-2019","2019-10-25 00:00:00 -0500",1,99,"B002",163113,,,," ",7,"GLP",7.93,1.03,1.21,8.13,1.46,9.59,,,,,,,"LTR"
"B","25-10-2019","2019-10-25 00:00:00 -0500",1,99,"B002",163112,,,," ",7,"GLP",10.87,1.03,1.21,11.14,2.01,13.15,,,,,,,"LTR"
"B","25-10-2019","2019-10-25 00:00:00 -0500",1,99,"B002",163111,,,," ",7,"GLP",1.65,1.03,1.21,1.69,0.31,2.00,,,,,,,"LTR"
"B","25-10-2019","2019-10-25 00:00:00 -0500",1,99,"B002",163110,,,," ",7,"GLP",5.79,1.03,1.21,5.93,1.07,7.00,,,,,,,"LTR"
"B","25-10-2019","2019-10-25 00:00:00 -0500",1,99,"B002",163109,,,," ",7,"GLP",24.46,1.03,1.21,25.08,4.51,29.59,,,,,,,"LTR"
"B","25-10-2019","2019-10-25 00:00:00 -0500",1,99,"B002",163108,,,," ",7,"GLP",2.48,1.03,1.21,2.54,0.46,3.00,,,,,,,"LTR"
"B","25-10-2019","2019-10-25 00:00:00 -0500",1,99,"B002",163107,,,," ",7,"GLP",4.13,1.03,1.21,4.24,0.76,5.00,,,,,,,"LTR"
"B","25-10-2019","2019-10-25 00:00:00 -0500",1,99,"B002",163106,,,," ",7,"GLP",4.13,1.03,1.21,4.24,0.76,5.00,,,,,,,"LTR"
"B","25-10-2019","2019-10-25 00:00:00 -0500",1,99,"B002",163105,,,," ",7,"GLP",8.26,1.03,1.21,8.47,1.53,10.00,,,,,,,"LTR"
"B","25-10-2019","2019-10-25 00:00:00 -0500",1,99,"B002",163104,,,," ",7,"GLP",4.13,1.03,1.21,4.24,0.76,5.00,,,,,,,"LTR"
"B","25-10-2019","2019-10-25 00:00:00 -0500",1,99,"B002",163103,,,," ",7,"GLP",16.53,1.03,1.21,16.95,3.05,20.00,,,,,,,"LTR"
"B","25-10-2019","2019-10-25 00:00:00 -0500",1,99,"B002",163102,,,," ",7,"GLP",12.4,1.03,1.21,12.71,2.29,15.00,,,,,,,"LTR"
"B","25-10-2019","2019-10-25 00:00:00 -0500",1,99,"B002",163101,,,," ",7,"GLP",14.05,1.03,1.21,14.41,2.59,17.00,,,,,,,"LTR"
"B","25-10-2019","2019-10-25 00:00:00 -0500",1,99,"B002",163100,,,," ",7,"GLP",8.26,1.03,1.21,8.47,1.53,10.00,,,,,,,"LTR"
"B","25-10-2019","2019-10-25 00:00:00 -0500",1,99,"B002",163099,,,," ",7,"GLP",8.26,1.03,1.21,8.47,1.53,10.00,,,,,,,"LTR"
"B","25-10-2019","2019-10-25 00:00:00 -0500",1,99,"B002",163098,,,," ",7,"GLP",8.26,1.03,1.21,8.47,1.53,10.00,,,,,,,"LTR"
"B","25-10-2019","2019-10-25 00:00:00 -0500",1,99,"B002",163097,,,," ",7,"GLP",25.62,1.03,1.21,26.27,4.73,31.00,,,,,,,"LTR"
"B","25-10-2019","2019-10-25 00:00:00 -0500",1,99,"B002",163096,,,," ",7,"GLP",4.96,1.03,1.21,5.08,0.92,6.00,,,,,,,"LTR"
"B","25-10-2019","2019-10-25 00:00:00 -0500",1,99,"B002",163095,,,," ",7,"GLP",4.13,1.03,1.21,4.24,0.76,5.00,,,,,,,"LTR"
"B","25-10-2019","2019-10-25 00:00:00 -0500",1,99,"B002",163094,,,," ",7,"GLP",8.26,1.03,1.21,8.47,1.53,10.00,,,,,,,"LTR"
"B","25-10-2019","2019-10-25 00:00:00 -0500",1,99,"B002",163093,,,," ",7,"GLP",7.85,1.03,1.21,8.05,1.45,9.50,,,,,,,"LTR"
"B","25-10-2019","2019-10-25 00:00:00 -0500",1,99,"B002",163092,,,," ",7,"GLP",5.79,1.03,1.21,5.93,1.07,7.00,,,,,,,"LTR"
"B","25-10-2019","2019-10-25 00:00:00 -0500",1,99,"B002",163091,,,," ",5,"DieselPro B5 S50 UV",3.38,10.03,11.84,33.90,6.10,40.00,,,,,,,"GLL"
"B","25-10-2019","2019-10-25 00:00:00 -0500",1,99,"B002",163090,,,," ",7,"GLP",8.26,1.03,1.21,8.47,1.53,10.00,,,,,,,"LTR"
"B","25-10-2019","2019-10-25 00:00:00 -0500",1,99,"B002",163089,,,," ",7,"GLP",4.13,1.03,1.21,4.24,0.76,5.00,,,,,,,"LTR"
"B","25-10-2019","2019-10-25 00:00:00 -0500",1,99,"B002",163088,,,," ",7,"GLP",8.26,1.03,1.21,8.47,1.53,10.00,,,,,,,"LTR"
"B","25-10-2019","2019-10-25 00:00:00 -0500",1,99,"B002",163087,,,," ",5,"DieselPro B5 S50 UV",5.07,10.03,11.84,50.85,9.15,60.00,,,,,,,"GLL"
"B","25-10-2019","2019-10-25 00:00:00 -0500",1,99,"B002",163086,,,," ",7,"GLP",4.13,1.03,1.21,4.24,0.76,5.00,,,,,,,"LTR"
"B","25-10-2019","2019-10-25 00:00:00 -0500",1,99,"B002",163085,,,," ",7,"GLP",6.61,1.03,1.21,6.78,1.22,8.00,,,,,,,"LTR"
"B","25-10-2019","2019-10-25 00:00:00 -0500",1,99,"B002",163084,,,," ",7,"GLP",4.13,1.03,1.21,4.24,0.76,5.00,,,,,,,"LTR"
"B","25-10-2019","2019-10-25 00:00:00 -0500",1,99,"B002",163083,,,," ",7,"GLP",4.96,1.03,1.21,5.08,0.92,6.00,,,,,,,"LTR"
"B","25-10-2019","2019-10-25 00:00:00 -0500",1,99,"B002",163082,,,," ",7,"GLP",9.92,1.03,1.21,10.17,1.83,12.00,,,,,,,"LTR"
"B","25-10-2019","2019-10-25 00:00:00 -0500",1,99,"B002",163081,,,," ",7,"GLP",4.96,1.03,1.21,5.08,0.92,6.00,,,,,,,"LTR"
"B","25-10-2019","2019-10-25 00:00:00 -0500",1,99,"B002",163080,,,," ",7,"GLP",5.79,1.03,1.21,5.93,1.07,7.00,,,,,,,"LTR"
"B","25-10-2019","2019-10-25 00:00:00 -0500",1,99,"B002",163079,,,," ",7,"GLP",4.13,1.03,1.21,4.24,0.76,5.00,,,,,,,"LTR"
"B","25-10-2019","2019-10-25 00:00:00 -0500",1,99,"B002",163078,,,," ",7,"GLP",8.26,1.03,1.21,8.47,1.53,10.00,,,,,,,"LTR"
"B","25-10-2019","2019-10-25 00:00:00 -0500",1,99,"B002",163077,,,," ",7,"GLP",12.4,1.03,1.21,12.71,2.29,15.00,,,,,,,"LTR"
"B","25-10-2019","2019-10-25 00:00:00 -0500",1,99,"B002",163076,,,," ",7,"GLP",4.13,1.03,1.21,4.24,0.76,5.00,,,,,,,"LTR"
"B","25-10-2019","2019-10-25 00:00:00 -0500",1,99,"B002",163075,,,," ",7,"GLP",29.75,1.03,1.21,30.51,5.49,36.00,,,,,,,"LTR"
"B","25-10-2019","2019-10-25 00:00:00 -0500",1,99,"B002",163074,,,," ",7,"GLP",4.96,1.03,1.21,5.08,0.92,6.00,,,,,,,"LTR"
"B","25-10-2019","2019-10-25 00:00:00 -0500",1,99,"B002",163073,,,," ",5,"DieselPro B5 S50 UV",13.02,10.03,11.84,130.59,23.51,154.10,,,,,,,"GLL"
"B","25-10-2019","2019-10-25 00:00:00 -0500",1,99,"B002",163072,,,," ",2,"Gasohol 90",1.58,10.75,12.69,16.95,3.05,20.00,,,,,,,"GLL"
"B","25-10-2019","2019-10-25 00:00:00 -0500",1,99,"B002",163071,,,," ",7,"GLP",24.79,1.03,1.21,25.42,4.57,29.99,,,,,,,"LTR"
"B","25-10-2019","2019-10-25 00:00:00 -0500",1,99,"B002",163070,,,," ",7,"GLP",16.53,1.03,1.21,16.95,3.05,20.00,,,,,,,"LTR"
"B","25-10-2019","2019-10-25 00:00:00 -0500",1,99,"B002",163069,,,," ",7,"GLP",8.26,1.03,1.21,8.47,1.53,10.00,,,,,,,"LTR"
"B","25-10-2019","2019-10-25 00:00:00 -0500",1,99,"B002",163068,,,," ",7,"GLP",0.06,1.03,1.21,0.06,0.01,0.07,,,,,,,"LTR"
"B","25-10-2019","2019-10-25 00:00:00 -0500",1,99,"B002",163067,,,," ",7,"GLP",8.26,1.03,1.21,8.47,1.53,10.00,,,,,,,"LTR"
"B","25-10-2019","2019-10-25 00:00:00 -0500",1,99,"B002",163066,,,," ",7,"GLP",4.13,1.03,1.21,4.24,0.76,5.00,,,,,,,"LTR"
"B","25-10-2019","2019-10-25 00:00:00 -0500",1,99,"B002",163065,,,," ",7,"GLP",4.13,1.03,1.21,4.24,0.76,5.00,,,,,,,"LTR"
"B","25-10-2019","2019-10-25 00:00:00 -0500",1,99,"B002",163064,,,," ",7,"GLP",8.26,1.03,1.21,8.47,1.53,10.00,,,,,,,"LTR"
"B","25-10-2019","2019-10-25 00:00:00 -0500",1,99,"B002",163063,,,," ",5,"DieselPro B5 S50 UV",9.29,10.03,11.84,93.23,16.78,110.01,,,,,,,"GLL"
"B","25-10-2019","2019-10-25 00:00:00 -0500",1,99,"B002",163062,,,," ",7,"GLP",24.79,1.03,1.21,25.42,4.58,30.00,,,,,,,"LTR"
"B","25-10-2019","2019-10-25 00:00:00 -0500",1,99,"B002",163061,,,," ",7,"GLP",8.26,1.03,1.21,8.47,1.53,10.00,,,,,,,"LTR"
"B","25-10-2019","2019-10-25 00:00:00 -0500",1,99,"B002",163060,,,," ",7,"GLP",8.26,1.03,1.21,8.47,1.53,10.00,,,,,,,"LTR"
"B","25-10-2019","2019-10-25 00:00:00 -0500",1,99,"B002",163059,,,," ",7,"GLP",4.13,1.03,1.21,4.24,0.76,5.00,,,,,,,"LTR"
"B","25-10-2019","2019-10-25 00:00:00 -0500",1,99,"B002",163058,,,," ",7,"GLP",14.05,1.03,1.21,14.41,2.59,17.00,,,,,,,"LTR"
"B","25-10-2019","2019-10-25 00:00:00 -0500",1,99,"B002",163057,,,," ",7,"GLP",20.66,1.03,1.21,21.19,3.81,25.00,,,,,,,"LTR"
"B","25-10-2019","2019-10-25 00:00:00 -0500",1,99,"B002",163056,,,," ",7,"GLP",4.13,1.03,1.21,4.24,0.76,5.00,,,,,,,"LTR"
"B","25-10-2019","2019-10-25 00:00:00 -0500",1,99,"B002",163055,,,," ",7,"GLP",7.84,1.03,1.21,8.03,1.45,9.48,,,,,,,"LTR"
"B","25-10-2019","2019-10-25 00:00:00 -0500",1,99,"B002",163054,,,," ",7,"GLP",16.84,1.03,1.21,17.27,3.11,20.38,,,,,,,"LTR"
"B","25-10-2019","2019-10-25 00:00:00 -0500",1,99,"B002",163053,,,," ",7,"GLP",11.57,1.03,1.21,11.86,2.14,14.00,,,,,,,"LTR"
"B","25-10-2019","2019-10-25 00:00:00 -0500",1,99,"B002",163052,,,," ",7,"GLP",8.26,1.03,1.21,8.47,1.53,10.00,,,,,,,"LTR"
"B","25-10-2019","2019-10-25 00:00:00 -0500",1,99,"B002",163051,,,," ",7,"GLP",9.92,1.03,1.21,10.17,1.83,12.00,,,,,,,"LTR"
"B","25-10-2019","2019-10-25 00:00:00 -0500",1,99,"B002",163050,,,," ",7,"GLP",11.9,1.03,1.21,12.20,2.20,14.40,,,,,,,"LTR"
"B","25-10-2019","2019-10-25 00:00:00 -0500",1,99,"B002",163049,,,," ",7,"GLP",5.79,1.03,1.21,5.93,1.07,7.00,,,,,,,"LTR"
"B","25-10-2019","2019-10-25 00:00:00 -0500",1,99,"B002",163048,,,," ",7,"GLP",20.66,1.03,1.21,21.19,3.81,25.00,,,,,,,"LTR"
"B","25-10-2019","2019-10-25 00:00:00 -0500",1,99,"B002",163047,,,," ",7,"GLP",4.13,1.03,1.21,4.24,0.76,5.00,,,,,,,"LTR"
"B","25-10-2019","2019-10-25 00:00:00 -0500",1,99,"B002",163046,,,," ",7,"GLP",4.13,1.03,1.21,4.24,0.76,5.00,,,,,,,"LTR"
"B","25-10-2019","2019-10-25 00:00:00 -0500",1,99,"B002",163045,,,," ",7,"GLP",5.79,1.03,1.21,5.93,1.07,7.00,,,,,,,"LTR"
"B","25-10-2019","2019-10-25 00:00:00 -0500",1,99,"B002",163044,,,," ",7,"GLP",16.53,1.03,1.21,16.95,3.05,20.00,,,,,,,"LTR"
"B","25-10-2019","2019-10-25 00:00:00 -0500",1,99,"B002",163043,,,," ",7,"GLP",4.96,1.03,1.21,5.08,0.92,6.00,,,,,,,"LTR"
"B","25-10-2019","2019-10-25 00:00:00 -0500",1,99,"B002",163042,,,," ",7,"GLP",30.57,1.03,1.21,31.35,5.64,36.99,,,,,,,"LTR"
"B","25-10-2019","2019-10-25 00:00:00 -0500",1,99,"B002",163041,,,," ",7,"GLP",7.44,1.03,1.21,7.63,1.37,9.00,,,,,,,"LTR"
"B","25-10-2019","2019-10-25 00:00:00 -0500",1,99,"B002",163040,,,," ",7,"GLP",8.26,1.03,1.21,8.47,1.53,10.00,,,,,,,"LTR"
"B","25-10-2019","2019-10-25 00:00:00 -0500",1,99,"B002",163039,,,," ",7,"GLP",8.26,1.03,1.21,8.47,1.53,10.00,,,,,,,"LTR"
"B","25-10-2019","2019-10-25 00:00:00 -0500",1,99,"B002",163038,,,," ",7,"GLP",8.26,1.03,1.21,8.47,1.53,10.00,,,,,,,"LTR"
"B","25-10-2019","2019-10-25 00:00:00 -0500",1,99,"B002",163037,,,," ",7,"GLP",4.13,1.03,1.21,4.24,0.76,5.00,,,,,,,"LTR"
"B","25-10-2019","2019-10-25 00:00:00 -0500",1,99,"B002",163036,,,," ",7,"GLP",6.61,1.03,1.21,6.78,1.22,8.00,,,,,,,"LTR"
"B","25-10-2019","2019-10-25 00:00:00 -0500",1,99,"B002",163035,,,," ",2,"Gasohol 90",1.58,10.75,12.69,16.95,3.05,20.00,,,,,,,"GLL"
"B","25-10-2019","2019-10-25 00:00:00 -0500",1,99,"B002",163034,,,," ",7,"GLP",1.65,1.03,1.21,1.69,0.31,2.00,,,,,,,"LTR"
"B","25-10-2019","2019-10-25 00:00:00 -0500",1,99,"B002",163033,,,," ",7,"GLP",10.74,1.03,1.21,11.02,1.98,13.00,,,,,,,"LTR"
"B","25-10-2019","2019-10-25 00:00:00 -0500",1,99,"B002",163032,,,," ",7,"GLP",8.26,1.03,1.21,8.47,1.53,10.00,,,,,,,"LTR"
"B","25-10-2019","2019-10-25 00:00:00 -0500",1,99,"B002",163031,,,," ",7,"GLP",4.13,1.03,1.21,4.24,0.76,5.00,,,,,,,"LTR"
"B","25-10-2019","2019-10-25 00:00:00 -0500",1,99,"B002",163030,,,," ",7,"GLP",4.13,1.03,1.21,4.24,0.76,5.00,,,,,,,"LTR"
"B","25-10-2019","2019-10-25 00:00:00 -0500",1,99,"B002",163029,,,," ",7,"GLP",20.65,1.03,1.21,21.17,3.81,24.98,,,,,,,"LTR"
"B","25-10-2019","2019-10-25 00:00:00 -0500",1,99,"B002",163028,,,," ",7,"GLP",8.26,1.03,1.21,8.47,1.53,10.00,,,,,,,"LTR"
"B","25-10-2019","2019-10-25 00:00:00 -0500",1,99,"B002",163027,,,," ",7,"GLP",8.26,1.03,1.21,8.47,1.53,10.00,,,,,,,"LTR"
"B","25-10-2019","2019-10-25 00:00:00 -0500",1,99,"B002",163026,,,," ",7,"GLP",4.13,1.03,1.21,4.24,0.76,5.00,,,,,,,"LTR"
"B","25-10-2019","2019-10-25 00:00:00 -0500",1,99,"B002",163025,,,," ",7,"GLP",8.26,1.03,1.21,8.47,1.53,10.00,,,,,,,"LTR"
"B","25-10-2019","2019-10-25 00:00:00 -0500",1,99,"B002",163024,,,," ",7,"GLP",8.26,1.03,1.21,8.47,1.53,10.00,,,,,,,"LTR"
"B","25-10-2019","2019-10-25 00:00:00 -0500",1,99,"B002",163023,,,," ",7,"GLP",4.13,1.03,1.21,4.24,0.76,5.00,,,,,,,"LTR"
"B","25-10-2019","2019-10-25 00:00:00 -0500",1,99,"B002",163022,,,," ",2,"Gasohol 90",1.14,10.75,12.69,12.28,2.21,14.49,,,,,,,"GLL"
"B","25-10-2019","2019-10-25 00:00:00 -0500",1,99,"B002",163021,,,," ",7,"GLP",9.92,1.03,1.21,10.17,1.83,12.00,,,,,,,"LTR"
"B","25-10-2019","2019-10-25 00:00:00 -0500",1,99,"B002",163020,,,," ",7,"GLP",16.53,1.03,1.21,16.95,3.05,20.00,,,,,,,"LTR"
"B","25-10-2019","2019-10-25 00:00:00 -0500",1,99,"B002",163019,,,," ",7,"GLP",8.26,1.03,1.21,8.47,1.53,10.00,,,,,,,"LTR"
"B","25-10-2019","2019-10-25 00:00:00 -0500",1,99,"B002",163018,,,," ",7,"GLP",3.31,1.03,1.21,3.39,0.61,4.00,,,,,,,"LTR"
"B","25-10-2019","2019-10-25 00:00:00 -0500",1,99,"B002",163017,,,," ",7,"GLP",2.48,1.03,1.21,2.54,0.46,3.00,,,,,,,"LTR"
"B","25-10-2019","2019-10-25 00:00:00 -0500",1,99,"B002",163016,,,," ",7,"GLP",8.26,1.03,1.21,8.47,1.53,10.00,,,,,,,"LTR"
"B","25-10-2019","2019-10-25 00:00:00 -0500",1,99,"B002",163015,,,," ",7,"GLP",8.26,1.03,1.21,8.47,1.53,10.00,,,,,,,"LTR"
"B","25-10-2019","2019-10-25 00:00:00 -0500",1,99,"B002",163014,,,," ",2,"Gasohol 90",0.95,10.75,12.69,10.17,1.83,12.00,,,,,,,"GLL"
"B","25-10-2019","2019-10-25 00:00:00 -0500",1,99,"B002",163013,,,," ",7,"GLP",4.13,1.03,1.21,4.24,0.76,5.00,,,,,,,"LTR"
"B","25-10-2019","2019-10-25 00:00:00 -0500",1,99,"B002",163012,,,," ",7,"GLP",4.13,1.03,1.21,4.24,0.76,5.00,,,,,,,"LTR"
"B","25-10-2019","2019-10-25 00:00:00 -0500",1,99,"B002",163011,,,," ",7,"GLP",8.26,1.03,1.21,8.47,1.53,10.00,,,,,,,"LTR"
"B","25-10-2019","2019-10-25 00:00:00 -0500",1,99,"B002",163010,,,," ",7,"GLP",2.48,1.03,1.21,2.54,0.46,3.00,,,,,,,"LTR"
"B","25-10-2019","2019-10-25 00:00:00 -0500",1,99,"B002",163009,,,," ",7,"GLP",6.61,1.03,1.21,6.78,1.22,8.00,,,,,,,"LTR"
"B","25-10-2019","2019-10-25 00:00:00 -0500",1,99,"B002",163008,,,," ",7,"GLP",4.13,1.03,1.21,4.24,0.76,5.00,,,,,,,"LTR"
"B","25-10-2019","2019-10-25 00:00:00 -0500",1,99,"B002",163007,,,," ",7,"GLP",4.13,1.03,1.21,4.24,0.76,5.00,,,,,,,"LTR"
"B","25-10-2019","2019-10-25 00:00:00 -0500",1,99,"B002",163006,,,," ",7,"GLP",4.13,1.03,1.21,4.24,0.76,5.00,,,,,,,"LTR"
"B","25-10-2019","2019-10-25 00:00:00 -0500",1,99,"B002",163005,,,," ",7,"GLP",15.94,1.03,1.21,16.35,2.94,19.29,,,,,,,"LTR"
"B","25-10-2019","2019-10-25 00:00:00 -0500",1,99,"B002",163004,,,," ",7,"GLP",6.61,1.03,1.21,6.78,1.22,8.00,,,,,,,"LTR"
"B","25-10-2019","2019-10-25 00:00:00 -0500",1,99,"B002",163003,,,," ",7,"GLP",8.26,1.03,1.21,8.47,1.53,10.00,,,,,,,"LTR"
"B","25-10-2019","2019-10-25 00:00:00 -0500",1,99,"B002",163002,,,," ",7,"GLP",8.27,1.03,1.21,8.48,1.53,10.01,,,,,,,"LTR"
"B","25-10-2019","2019-10-25 00:00:00 -0500",1,99,"B002",163001,,,," ",7,"GLP",4.96,1.03,1.21,5.08,0.92,6.00,,,,,,,"LTR"
"B","25-10-2019","2019-10-25 00:00:00 -0500",1,99,"B002",163000,,,," ",7,"GLP",4.13,1.03,1.21,4.24,0.76,5.00,,,,,,,"LTR"
"B","25-10-2019","2019-10-25 00:00:00 -0500",1,99,"B002",162999,,,," ",7,"GLP",4.13,1.03,1.21,4.24,0.76,5.00,,,,,,,"LTR"
"B","25-10-2019","2019-10-25 00:00:00 -0500",1,99,"B002",162998,,,," ",7,"GLP",8.26,1.03,1.21,8.47,1.53,10.00,,,,,,,"LTR"
"B","25-10-2019","2019-10-25 00:00:00 -0500",1,99,"B002",162997,,,," ",7,"GLP",8.26,1.03,1.21,8.47,1.53,10.00,,,,,,,"LTR"
"B","25-10-2019","2019-10-25 00:00:00 -0500",1,99,"B002",162996,,,," ",7,"GLP",4.13,1.03,1.21,4.24,0.76,5.00,,,,,,,"LTR"
"B","25-10-2019","2019-10-25 00:00:00 -0500",1,99,"B002",162995,,,," ",2,"Gasohol 90",0.79,10.75,12.69,8.47,1.53,10.00,,,,,,,"GLL"
"B","25-10-2019","2019-10-25 00:00:00 -0500",1,99,"B002",162994,,,," ",7,"GLP",2.48,1.03,1.21,2.54,0.46,3.00,,,,,,,"LTR"
"B","25-10-2019","2019-10-25 00:00:00 -0500",1,99,"B002",162993,,,," ",7,"GLP",8.26,1.03,1.21,8.47,1.53,10.00,,,,,,,"LTR"
"B","25-10-2019","2019-10-25 00:00:00 -0500",1,99,"B002",162992,,,," ",7,"GLP",4.13,1.03,1.21,4.24,0.76,5.00,,,,,,,"LTR"
"B","25-10-2019","2019-10-25 00:00:00 -0500",1,99,"B002",162991,,,," ",7,"GLP",28.64,1.03,1.21,29.36,5.29,34.65,,,,,,,"LTR"
"B","25-10-2019","2019-10-25 00:00:00 -0500",1,99,"B002",162990,,,," ",7,"GLP",3.46,1.03,1.21,3.55,0.64,4.19,,,,,,,"LTR"
"B","25-10-2019","2019-10-25 00:00:00 -0500",1,99,"B002",162989,,,," ",7,"GLP",5.29,1.03,1.21,5.42,0.98,6.40,,,,,,,"LTR"
"B","25-10-2019","2019-10-25 00:00:00 -0500",1,99,"B002",162988,,,," ",7,"GLP",11.82,1.03,1.21,12.12,2.18,14.30,,,,,,,"LTR"
"B","25-10-2019","2019-10-25 00:00:00 -0500",1,99,"B002",162987,,,," ",7,"GLP",4.96,1.03,1.21,5.08,0.92,6.00,,,,,,,"LTR"
"B","25-10-2019","2019-10-25 00:00:00 -0500",1,99,"B002",162986,,,," ",7,"GLP",16.53,1.03,1.21,16.95,3.05,20.00,,,,,,,"LTR"
"B","25-10-2019","2019-10-25 00:00:00 -0500",1,99,"B002",162985,,,," ",7,"GLP",24.79,1.03,1.21,25.42,4.58,30.00,,,,,,,"LTR"
"B","25-10-2019","2019-10-25 00:00:00 -0500",1,99,"B002",162984,,,," ",7,"GLP",8.26,1.03,1.21,8.47,1.53,10.00,,,,,,,"LTR"
"B","25-10-2019","2019-10-25 00:00:00 -0500",1,99,"B002",162983,,,," ",7,"GLP",8.26,1.03,1.21,8.47,1.53,10.00,,,,,,,"LTR"
"B","25-10-2019","2019-10-25 00:00:00 -0500",1,99,"B002",162982,,,," ",7,"GLP",4.96,1.03,1.21,5.08,0.92,6.00,,,,,,,"LTR"
"B","25-10-2019","2019-10-25 00:00:00 -0500",1,99,"B002",162981,,,," ",7,"GLP",5.79,1.03,1.21,5.93,1.07,7.00,,,,,,,"LTR"
"B","25-10-2019","2019-10-25 00:00:00 -0500",1,99,"B002",162980,,,," ",7,"GLP",5.79,1.03,1.21,5.93,1.07,7.00,,,,,,,"LTR"
"B","25-10-2019","2019-10-25 00:00:00 -0500",1,99,"B002",162979,,,," ",7,"GLP",4.13,1.03,1.21,4.24,0.76,5.00,,,,,,,"LTR"
"B","25-10-2019","2019-10-25 00:00:00 -0500",1,99,"B002",162978,,,," ",7,"GLP",22.56,1.03,1.21,23.14,4.16,27.30,,,,,,,"LTR"
"B","25-10-2019","2019-10-25 00:00:00 -0500",1,99,"B002",162977,,,," ",2,"Gasohol 90",0.55,10.75,12.69,5.93,1.07,7.00,,,,,,,"GLL"
"B","25-10-2019","2019-10-25 00:00:00 -0500",1,99,"B002",162976,,,," ",7,"GLP",16.53,1.03,1.21,16.95,3.05,20.00,,,,,,,"LTR"
"B","25-10-2019","2019-10-25 00:00:00 -0500",1,99,"B002",162975,,,," ",7,"GLP",7.44,1.03,1.21,7.63,1.37,9.00,,,,,,,"LTR"
"B","25-10-2019","2019-10-25 00:00:00 -0500",1,99,"B002",162974,,,," ",7,"GLP",5.79,1.03,1.21,5.93,1.07,7.00,,,,,,,"LTR"
"B","25-10-2019","2019-10-25 00:00:00 -0500",1,99,"B002",162973,,,," ",7,"GLP",0.38,1.03,1.21,0.39,0.07,0.46,,,,,,,"LTR"
"B","25-10-2019","2019-10-25 00:00:00 -0500",1,99,"B002",162972,,,," ",7,"GLP",9.92,1.03,1.21,10.17,1.83,12.00,,,,,,,"LTR"
"B","25-10-2019","2019-10-25 00:00:00 -0500",1,99,"B002",162971,,,," ",7,"GLP",8.26,1.03,1.21,8.47,1.53,10.00,,,,,,,"LTR"
"B","25-10-2019","2019-10-25 00:00:00 -0500",1,99,"B002",162970,,,," ",7,"GLP",4.96,1.03,1.21,5.08,0.92,6.00,,,,,,,"LTR"
"B","25-10-2019","2019-10-25 00:00:00 -0500",1,99,"B002",162969,,,," ",2,"Gasohol 90",2.36,10.75,12.69,25.42,4.58,30.00,,,,,,,"GLL"
"B","25-10-2019","2019-10-25 00:00:00 -0500",1,99,"B002",162968,,,," ",7,"GLP",4.13,1.03,1.21,4.24,0.76,5.00,,,,,,,"LTR"
"B","25-10-2019","2019-10-25 00:00:00 -0500",1,99,"B002",162967,,,," ",7,"GLP",10.41,1.03,1.21,10.68,1.92,12.60,,,,,,,"LTR"
"B","25-10-2019","2019-10-25 00:00:00 -0500",1,99,"B002",162966,,,," ",7,"GLP",4.13,1.03,1.21,4.24,0.76,5.00,,,,,,,"LTR"
"B","25-10-2019","2019-10-25 00:00:00 -0500",1,99,"B002",162965,,,," ",7,"GLP",7.84,1.03,1.21,8.04,1.45,9.49,,,,,,,"LTR"
"B","25-10-2019","2019-10-25 00:00:00 -0500",1,99,"B002",162964,,,," ",7,"GLP",16.53,1.03,1.21,16.95,3.05,20.00,,,,,,,"LTR"
"B","25-10-2019","2019-10-25 00:00:00 -0500",1,99,"B002",162963,,,," ",7,"GLP",9.92,1.03,1.21,10.17,1.83,12.00,,,,,,,"LTR"
"B","25-10-2019","2019-10-25 00:00:00 -0500",1,99,"B002",162962,,,," ",7,"GLP",13.61,1.03,1.21,13.96,2.51,16.47,,,,,,,"LTR"
"B","25-10-2019","2019-10-25 00:00:00 -0500",1,99,"B002",162961,,,," ",7,"GLP",4.13,1.03,1.21,4.24,0.76,5.00,,,,,,,"LTR"
"B","25-10-2019","2019-10-25 00:00:00 -0500",1,99,"B002",162960,,,," ",2,"Gasohol 90",0.79,10.75,12.69,8.47,1.53,10.00,,,,,,,"GLL"
"B","25-10-2019","2019-10-25 00:00:00 -0500",1,99,"B002",162959,,,," ",7,"GLP",4.13,1.03,1.21,4.24,0.76,5.00,,,,,,,"LTR"
"B","25-10-2019","2019-10-25 00:00:00 -0500",1,99,"B002",162958,,,," ",7,"GLP",9.92,1.03,1.21,10.17,1.83,12.00,,,,,,,"LTR"
"B","25-10-2019","2019-10-25 00:00:00 -0500",1,99,"B002",162957,,,," ",7,"GLP",8.26,1.03,1.21,8.47,1.53,10.00,,,,,,,"LTR"
"B","25-10-2019","2019-10-25 00:00:00 -0500",1,99,"B002",162956,,,," ",7,"GLP",8.26,1.03,1.21,8.47,1.53,10.00,,,,,,,"LTR"
"B","25-10-2019","2019-10-25 00:00:00 -0500",1,99,"B002",162955,,,," ",7,"GLP",14.88,1.03,1.21,15.25,2.75,18.00,,,,,,,"LTR"
"B","25-10-2019","2019-10-25 00:00:00 -0500",1,99,"B002",162954,,,," ",7,"GLP",4.96,1.03,1.21,5.08,0.92,6.00,,,,,,,"LTR"
"B","25-10-2019","2019-10-25 00:00:00 -0500",1,99,"B002",162953,,,," ",7,"GLP",16.53,1.03,1.21,16.95,3.05,20.00,,,,,,,"LTR"
"B","25-10-2019","2019-10-25 00:00:00 -0500",1,99,"B002",162952,,,," ",7,"GLP",12.4,1.03,1.21,12.71,2.29,15.00,,,,,,,"LTR"
"B","25-10-2019","2019-10-25 00:00:00 -0500",1,99,"B002",162951,,,," ",7,"GLP",5.45,1.03,1.21,5.58,1.01,6.59,,,,,,,"LTR"
"B","25-10-2019","2019-10-25 00:00:00 -0500",1,99,"B002",162950,,,," ",7,"GLP",8.26,1.03,1.21,8.47,1.53,10.00,,,,,,,"LTR"
"B","25-10-2019","2019-10-25 00:00:00 -0500",1,99,"B002",162949,,,," ",4,"Gasohol 98",0.08,13.13,15.49,1.10,0.20,1.30,,,,,,,"GLL"
"B","25-10-2019","2019-10-25 00:00:00 -0500",1,99,"B002",162948,,,," ",7,"GLP",8.26,1.03,1.21,8.47,1.53,10.00,,,,,,,"LTR"
"B","25-10-2019","2019-10-25 00:00:00 -0500",1,99,"B002",162947,,,," ",7,"GLP",8.26,1.03,1.21,8.47,1.53,10.00,,,,,,,"LTR"
"B","25-10-2019","2019-10-25 00:00:00 -0500",1,99,"B002",162946,,,," ",7,"GLP",6.61,1.03,1.21,6.78,1.22,8.00,,,,,,,"LTR"
"B","25-10-2019","2019-10-25 00:00:00 -0500",1,99,"B002",162945,,,," ",7,"GLP",2.48,1.03,1.21,2.54,0.46,3.00,,,,,,,"LTR"
"B","25-10-2019","2019-10-25 00:00:00 -0500",1,99,"B002",162944,,,," ",7,"GLP",20.66,1.03,1.21,21.19,3.81,25.00,,,,,,,"LTR"
"B","25-10-2019","2019-10-25 00:00:00 -0500",1,99,"B002",162943,,,," ",7,"GLP",8.26,1.03,1.21,8.47,1.53,10.00,,,,,,,"LTR"
"B","25-10-2019","2019-10-25 00:00:00 -0500",1,99,"B002",162942,,,," ",7,"GLP",0.16,1.03,1.21,0.16,0.03,0.19,,,,,,,"LTR"
"B","25-10-2019","2019-10-25 00:00:00 -0500",1,99,"B002",162941,,,," ",7,"GLP",8.26,1.03,1.21,8.47,1.53,10.00,,,,,,,"LTR"
"B","25-10-2019","2019-10-25 00:00:00 -0500",1,99,"B002",162940,,,," ",7,"GLP",4.96,1.03,1.21,5.08,0.92,6.00,,,,,,,"LTR"
"B","25-10-2019","2019-10-25 00:00:00 -0500",1,99,"B002",162939,,,," ",7,"GLP",11.55,1.03,1.21,11.85,2.13,13.98,,,,,,,"LTR"
"B","25-10-2019","2019-10-25 00:00:00 -0500",1,99,"B002",162938,,,," ",7,"GLP",9.09,1.03,1.21,9.32,1.68,11.00,,,,,,,"LTR"
"B","25-10-2019","2019-10-25 00:00:00 -0500",1,99,"B002",162937,,,," ",7,"GLP",22.48,1.03,1.21,23.05,4.15,27.20,,,,,,,"LTR"
"B","25-10-2019","2019-10-25 00:00:00 -0500",1,99,"B002",162936,,,," ",7,"GLP",9.92,1.03,1.21,10.17,1.83,12.00,,,,,,,"LTR"
"B","25-10-2019","2019-10-25 00:00:00 -0500",1,99,"B002",162935,,,," ",7,"GLP",8.26,1.03,1.21,8.47,1.53,10.00,,,,,,,"LTR"
"B","25-10-2019","2019-10-25 00:00:00 -0500",1,99,"B002",162934,,,," ",7,"GLP",12.01,1.03,1.21,12.31,2.22,14.53,,,,,,,"LTR"
"B","25-10-2019","2019-10-25 00:00:00 -0500",1,99,"B002",162933,,,," ",7,"GLP",12.4,1.03,1.21,12.71,2.29,15.00,,,,,,,"LTR"
"B","25-10-2019","2019-10-25 00:00:00 -0500",1,99,"B002",162932,,,," ",7,"GLP",16.53,1.03,1.21,16.95,3.05,20.00,,,,,,,"LTR"
"B","25-10-2019","2019-10-25 00:00:00 -0500",1,99,"B002",162931,,,," ",7,"GLP",11.57,1.03,1.21,11.86,2.14,14.00,,,,,,,"LTR"
"B","25-10-2019","2019-10-25 00:00:00 -0500",1,99,"B002",162930,,,," ",7,"GLP",6.61,1.03,1.21,6.78,1.22,8.00,,,,,,,"LTR"
"B","25-10-2019","2019-10-25 00:00:00 -0500",1,99,"B002",162929,,,," ",7,"GLP",3.31,1.03,1.21,3.39,0.61,4.00,,,,,,,"LTR"
"B","25-10-2019","2019-10-25 00:00:00 -0500",1,99,"B002",162928,,,," ",7,"GLP",8.26,1.03,1.21,8.47,1.53,10.00,,,,,,,"LTR"
"B","25-10-2019","2019-10-25 00:00:00 -0500",1,99,"B002",162927,,,," ",7,"GLP",22.31,1.03,1.21,22.88,4.12,27.00,,,,,,,"LTR"
"B","25-10-2019","2019-10-25 00:00:00 -0500",1,99,"B002",162926,,,," ",7,"GLP",28.1,1.03,1.21,28.81,5.19,34.00,,,,,,,"LTR"
"B","25-10-2019","2019-10-25 00:00:00 -0500",1,99,"B002",162925,,,," ",7,"GLP",10.74,1.03,1.21,11.02,1.98,13.00,,,,,,,"LTR"
"B","25-10-2019","2019-10-25 00:00:00 -0500",1,99,"B002",162924,,,," ",7,"GLP",9.66,1.03,1.21,9.91,1.78,11.69,,,,,,,"LTR"
"B","25-10-2019","2019-10-25 00:00:00 -0500",1,99,"B002",162923,,,," ",7,"GLP",4.13,1.03,1.21,4.24,0.76,5.00,,,,,,,"LTR"
"B","25-10-2019","2019-10-25 00:00:00 -0500",1,99,"B002",162922,,,," ",7,"GLP",5.79,1.03,1.21,5.93,1.07,7.00,,,,,,,"LTR"
"B","25-10-2019","2019-10-25 00:00:00 -0500",1,99,"B002",162921,,,," ",7,"GLP",7.43,1.03,1.21,7.62,1.37,8.99,,,,,,,"LTR"
"B","25-10-2019","2019-10-25 00:00:00 -0500",1,99,"B002",162920,,,," ",7,"GLP",4.13,1.03,1.21,4.24,0.76,5.00,,,,,,,"LTR"
"B","25-10-2019","2019-10-25 00:00:00 -0500",1,99,"B002",162919,,,," ",7,"GLP",8.26,1.03,1.21,8.47,1.53,10.00,,,,,,,"LTR"
"B","25-10-2019","2019-10-25 00:00:00 -0500",1,99,"B002",162918,,,," ",7,"GLP",4.13,1.03,1.21,4.24,0.76,5.00,,,,,,,"LTR"
"B","25-10-2019","2019-10-25 00:00:00 -0500",1,99,"B002",162917,,,," ",7,"GLP",18.51,1.03,1.21,18.98,3.42,22.40,,,,,,,"LTR"
"B","25-10-2019","2019-10-25 00:00:00 -0500",1,99,"B002",162916,,,," ",7,"GLP",8.26,1.03,1.21,8.47,1.53,10.00,,,,,,,"LTR"
"B","25-10-2019","2019-10-25 00:00:00 -0500",1,99,"B002",162915,,,," ",7,"GLP",5.79,1.03,1.21,5.93,1.07,7.00,,,,,,,"LTR"
"B","25-10-2019","2019-10-25 00:00:00 -0500",1,99,"B002",162914,,,," ",7,"GLP",7.44,1.03,1.21,7.63,1.37,9.00,,,,,,,"LTR"
"B","25-10-2019","2019-10-25 00:00:00 -0500",1,99,"B002",162913,,,," ",7,"GLP",7.44,1.03,1.21,7.63,1.37,9.00,,,,,,,"LTR"
"B","25-10-2019","2019-10-25 00:00:00 -0500",1,99,"B002",162912,,,," ",7,"GLP",4.13,1.03,1.21,4.24,0.76,5.00,,,,,,,"LTR"
"B","25-10-2019","2019-10-25 00:00:00 -0500",1,99,"B002",162911,,,," ",7,"GLP",4.96,1.03,1.21,5.08,0.92,6.00,,,,,,,"LTR"
"B","25-10-2019","2019-10-25 00:00:00 -0500",1,99,"B002",162910,,,," ",7,"GLP",22.41,1.03,1.21,22.97,4.14,27.11,,,,,,,"LTR"
"B","25-10-2019","2019-10-25 00:00:00 -0500",1,99,"B002",162909,,,," ",7,"GLP",4.13,1.03,1.21,4.24,0.76,5.00,,,,,,,"LTR"
"B","25-10-2019","2019-10-25 00:00:00 -0500",1,99,"B002",162908,,,," ",7,"GLP",8.26,1.03,1.21,8.47,1.53,10.00,,,,,,,"LTR"
"B","25-10-2019","2019-10-25 00:00:00 -0500",1,99,"B002",162907,,,," ",7,"GLP",8.26,1.03,1.21,8.47,1.53,10.00,,,,,,,"LTR"
"B","25-10-2019","2019-10-25 00:00:00 -0500",1,99,"B002",162906,,,," ",7,"GLP",5.79,1.03,1.21,5.93,1.07,7.00,,,,,,,"LTR"
"B","25-10-2019","2019-10-25 00:00:00 -0500",1,99,"B002",162905,,,," ",7,"GLP",5.79,1.03,1.21,5.93,1.07,7.00,,,,,,,"LTR"
"B","25-10-2019","2019-10-25 00:00:00 -0500",1,99,"B002",162904,,,," ",7,"GLP",19.26,1.03,1.21,19.75,3.56,23.31,,,,,,,"LTR"
"B","25-10-2019","2019-10-25 00:00:00 -0500",1,99,"B002",162903,,,," ",7,"GLP",8.26,1.03,1.21,8.47,1.53,10.00,,,,,,,"LTR"
"B","25-10-2019","2019-10-25 00:00:00 -0500",1,99,"B002",162902,,,," ",7,"GLP",8.26,1.03,1.21,8.47,1.53,10.00,,,,,,,"LTR"
"B","25-10-2019","2019-10-25 00:00:00 -0500",1,99,"B002",162901,,,," ",7,"GLP",8.26,1.03,1.21,8.47,1.53,10.00,,,,,,,"LTR"
"B","25-10-2019","2019-10-25 00:00:00 -0500",1,99,"B002",162900,,,," ",7,"GLP",7.44,1.03,1.21,7.63,1.37,9.00,,,,,,,"LTR"
"B","25-10-2019","2019-10-25 00:00:00 -0500",1,99,"B002",162899,,,," ",7,"GLP",12.4,1.03,1.21,12.71,2.29,15.00,,,,,,,"LTR"
"B","25-10-2019","2019-10-25 00:00:00 -0500",1,99,"B002",162898,,,," ",7,"GLP",4.13,1.03,1.21,4.24,0.76,5.00,,,,,,,"LTR"
"B","25-10-2019","2019-10-25 00:00:00 -0500",1,99,"B002",162897,,,," ",7,"GLP",5.79,1.03,1.21,5.93,1.07,7.00,,,,,,,"LTR"
"B","25-10-2019","2019-10-25 00:00:00 -0500",1,99,"B002",162896,,,," ",7,"GLP",7.44,1.03,1.21,7.63,1.37,9.00,,,,,,,"LTR"
"B","25-10-2019","2019-10-25 00:00:00 -0500",1,99,"B002",162895,,,," ",7,"GLP",2.48,1.03,1.21,2.54,0.46,3.00,,,,,,,"LTR"
"B","25-10-2019","2019-10-25 00:00:00 -0500",1,99,"B002",162894,,,," ",7,"GLP",4.96,1.03,1.21,5.08,0.92,6.00,,,,,,,"LTR"
"B","25-10-2019","2019-10-25 00:00:00 -0500",1,99,"B002",162893,,,," ",7,"GLP",9.09,1.03,1.21,9.32,1.68,11.00,,,,,,,"LTR"
"B","25-10-2019","2019-10-25 00:00:00 -0500",1,99,"B002",162892,,,," ",7,"GLP",4.13,1.03,1.21,4.24,0.76,5.00,,,,,,,"LTR"
"B","25-10-2019","2019-10-25 00:00:00 -0500",1,99,"B002",162891,,,," ",7,"GLP",16.53,1.03,1.21,16.95,3.05,20.00,,,,,,,"LTR"
"B","25-10-2019","2019-10-25 00:00:00 -0500",1,99,"B002",162890,,,," ",7,"GLP",8.26,1.03,1.21,8.47,1.53,10.00,,,,,,,"LTR"
"B","25-10-2019","2019-10-25 00:00:00 -0500",1,99,"B002",162889,,,," ",7,"GLP",13.22,1.03,1.21,13.56,2.44,16.00,,,,,,,"LTR"
"B","25-10-2019","2019-10-25 00:00:00 -0500",1,99,"B002",162888,,,," ",7,"GLP",8.26,1.03,1.21,8.47,1.53,10.00,,,,,,,"LTR"
"B","25-10-2019","2019-10-25 00:00:00 -0500",1,99,"B002",162887,,,," ",7,"GLP",4.13,1.03,1.21,4.24,0.76,5.00,,,,,,,"LTR"
"B","25-10-2019","2019-10-25 00:00:00 -0500",1,99,"B002",162886,,,," ",7,"GLP",8.26,1.03,1.21,8.47,1.53,10.00,,,,,,,"LTR"
"B","25-10-2019","2019-10-25 00:00:00 -0500",1,99,"B002",162885,,,," ",7,"GLP",8.26,1.03,1.21,8.47,1.53,10.00,,,,,,,"LTR"
"B","25-10-2019","2019-10-25 00:00:00 -0500",1,99,"B002",162884,,,," ",7,"GLP",14.88,1.03,1.21,15.25,2.75,18.00,,,,,,,"LTR"
"B","25-10-2019","2019-10-25 00:00:00 -0500",1,99,"B002",162883,,,," ",7,"GLP",8.26,1.03,1.21,8.47,1.53,10.00,,,,,,,"LTR"
"B","25-10-2019","2019-10-25 00:00:00 -0500",1,99,"B002",162882,,,," ",7,"GLP",8.26,1.03,1.21,8.47,1.53,10.00,,,,,,,"LTR"
"B","25-10-2019","2019-10-25 00:00:00 -0500",1,99,"B002",162881,,,," ",7,"GLP",8.26,1.03,1.21,8.47,1.53,10.00,,,,,,,"LTR"
"B","25-10-2019","2019-10-25 00:00:00 -0500",1,99,"B002",162880,,,," ",7,"GLP",8.26,1.03,1.21,8.47,1.53,10.00,,,,,,,"LTR"
"B","25-10-2019","2019-10-25 00:00:00 -0500",1,99,"B002",162879,,,," ",7,"GLP",4.96,1.03,1.21,5.08,0.92,6.00,,,,,,,"LTR"
"B","25-10-2019","2019-10-25 00:00:00 -0500",1,99,"B002",162878,,,," ",7,"GLP",13.22,1.03,1.21,13.56,2.44,16.00,,,,,,,"LTR"
"B","25-10-2019","2019-10-25 00:00:00 -0500",1,99,"B002",162877,,,," ",7,"GLP",4.13,1.03,1.21,4.24,0.76,5.00,,,,,,,"LTR"
"B","25-10-2019","2019-10-25 00:00:00 -0500",1,99,"B002",162876,,,," ",7,"GLP",12.4,1.03,1.21,12.71,2.29,15.00,,,,,,,"LTR"
"B","25-10-2019","2019-10-25 00:00:00 -0500",1,99,"B002",162875,,,," ",7,"GLP",4.96,1.03,1.21,5.08,0.92,6.00,,,,,,,"LTR"
"B","25-10-2019","2019-10-25 00:00:00 -0500",1,99,"B002",162874,,,," ",7,"GLP",16.53,1.03,1.21,16.95,3.05,20.00,,,,,,,"LTR"
"B","25-10-2019","2019-10-25 00:00:00 -0500",1,99,"B002",162873,,,," ",7,"GLP",5.79,1.03,1.21,5.93,1.07,7.00,,,,,,,"LTR"
"B","25-10-2019","2019-10-25 00:00:00 -0500",1,99,"B002",162872,,,," ",7,"GLP",20.66,1.03,1.21,21.19,3.81,25.00,,,,,,,"LTR"
"B","25-10-2019","2019-10-25 00:00:00 -0500",1,99,"B002",162871,,,," ",7,"GLP",10.91,1.03,1.21,11.19,2.01,13.20,,,,,,,"LTR"
"B","25-10-2019","2019-10-25 00:00:00 -0500",1,99,"B002",162870,,,," ",7,"GLP",9.41,1.03,1.21,9.65,1.74,11.39,,,,,,,"LTR"
"B","25-10-2019","2019-10-25 00:00:00 -0500",1,99,"B002",162869,,,," ",7,"GLP",4.13,1.03,1.21,4.24,0.76,5.00,,,,,,,"LTR"
"B","25-10-2019","2019-10-25 00:00:00 -0500",1,99,"B002",162868,,,," ",7,"GLP",6.61,1.03,1.21,6.78,1.22,8.00,,,,,,,"LTR"
"B","25-10-2019","2019-10-25 00:00:00 -0500",1,99,"B002",162867,,,," ",7,"GLP",4.96,1.03,1.21,5.08,0.92,6.00,,,,,,,"LTR"
"B","25-10-2019","2019-10-25 00:00:00 -0500",1,99,"B002",162866,,,," ",7,"GLP",7.19,1.03,1.21,7.37,1.33,8.70,,,,,,,"LTR"
"B","25-10-2019","2019-10-25 00:00:00 -0500",1,99,"B002",162865,,,," ",7,"GLP",8.26,1.03,1.21,8.47,1.53,10.00,,,,,,,"LTR"
"B","25-10-2019","2019-10-25 00:00:00 -0500",1,99,"B002",162864,,,," ",7,"GLP",8.26,1.03,1.21,8.47,1.53,10.00,,,,,,,"LTR"
"B","25-10-2019","2019-10-25 00:00:00 -0500",1,99,"B002",162863,,,," ",7,"GLP",4.13,1.03,1.21,4.24,0.76,5.00,,,,,,,"LTR"
"B","25-10-2019","2019-10-25 00:00:00 -0500",1,99,"B002",162862,,,," ",7,"GLP",8.51,1.03,1.21,8.73,1.57,10.30,,,,,,,"LTR"
"B","25-10-2019","2019-10-25 00:00:00 -0500",1,99,"B002",162861,,,," ",7,"GLP",5.79,1.03,1.21,5.93,1.07,7.00,,,,,,,"LTR"
"B","25-10-2019","2019-10-25 00:00:00 -0500",1,99,"B002",162860,,,," ",7,"GLP",41.33,1.03,1.21,42.38,7.63,50.01,,,,,,,"LTR"
"B","25-10-2019","2019-10-25 00:00:00 -0500",1,99,"B002",162859,,,," ",7,"GLP",4.13,1.03,1.21,4.24,0.76,5.00,,,,,,,"LTR"
"B","25-10-2019","2019-10-25 00:00:00 -0500",1,99,"B002",162858,,,," ",7,"GLP",6.61,1.03,1.21,6.78,1.22,8.00,,,,,,,"LTR"
"B","25-10-2019","2019-10-25 00:00:00 -0500",1,99,"B002",162857,,,," ",7,"GLP",12.65,1.03,1.21,12.97,2.33,15.30,,,,,,,"LTR"
"B","25-10-2019","2019-10-25 00:00:00 -0500",1,99,"B002",162856,,,," ",7,"GLP",5.79,1.03,1.21,5.93,1.07,7.00,,,,,,,"LTR"
"B","25-10-2019","2019-10-25 00:00:00 -0500",1,99,"B002",162855,,,," ",7,"GLP",6.61,1.03,1.21,6.78,1.22,8.00,,,,,,,"LTR"
"B","25-10-2019","2019-10-25 00:00:00 -0500",1,99,"B002",162854,,,," ",7,"GLP",8.26,1.03,1.21,8.47,1.53,10.00,,,,,,,"LTR"
"B","25-10-2019","2019-10-25 00:00:00 -0500",1,99,"B002",162853,,,," ",7,"GLP",8.26,1.03,1.21,8.47,1.53,10.00,,,,,,,"LTR"
"B","25-10-2019","2019-10-25 00:00:00 -0500",1,99,"B002",162852,,,," ",7,"GLP",8.26,1.03,1.21,8.47,1.53,10.00,,,,,,,"LTR"
"B","25-10-2019","2019-10-25 00:00:00 -0500",1,99,"B002",162851,,,," ",7,"GLP",5.37,1.03,1.21,5.51,0.99,6.50,,,,,,,"LTR"
"B","25-10-2019","2019-10-25 00:00:00 -0500",1,99,"B002",162850,,,," ",7,"GLP",6.61,1.03,1.21,6.78,1.22,8.00,,,,,,,"LTR"
"B","25-10-2019","2019-10-25 00:00:00 -0500",1,99,"B002",162849,,,," ",7,"GLP",8.26,1.03,1.21,8.47,1.53,10.00,,,,,,,"LTR"
"B","25-10-2019","2019-10-25 00:00:00 -0500",1,99,"B002",162848,,,," ",7,"GLP",4.13,1.03,1.21,4.24,0.76,5.00,,,,,,,"LTR"
"B","25-10-2019","2019-10-25 00:00:00 -0500",1,99,"B002",162847,,,," ",7,"GLP",3.31,1.03,1.21,3.39,0.61,4.00,,,,,,,"LTR"
"B","25-10-2019","2019-10-25 00:00:00 -0500",1,99,"B002",162846,,,," ",7,"GLP",12.4,1.03,1.21,12.71,2.29,15.00,,,,,,,"LTR"
"B","25-10-2019","2019-10-25 00:00:00 -0500",1,99,"B002",162845,,,," ",7,"GLP",8.26,1.03,1.21,8.47,1.53,10.00,,,,,,,"LTR"
"B","25-10-2019","2019-10-25 00:00:00 -0500",1,99,"B002",162844,,,," ",7,"GLP",6.61,1.03,1.21,6.78,1.22,8.00,,,,,,,"LTR"
"B","25-10-2019","2019-10-25 00:00:00 -0500",1,99,"B002",162843,,,," ",7,"GLP",17.36,1.03,1.21,17.81,3.20,21.01,,,,,,,"LTR"
"B","25-10-2019","2019-10-25 00:00:00 -0500",1,99,"B002",162842,,,," ",7,"GLP",4.13,1.03,1.21,4.24,0.76,5.00,,,,,,,"LTR"
"B","25-10-2019","2019-10-25 00:00:00 -0500",1,99,"B002",162841,,,," ",7,"GLP",14.46,1.03,1.21,14.83,2.67,17.50,,,,,,,"LTR"
"B","25-10-2019","2019-10-25 00:00:00 -0500",1,99,"B002",162840,,,," ",7,"GLP",9,1.03,1.21,9.23,1.66,10.89,,,,,,,"LTR"
"B","25-10-2019","2019-10-25 00:00:00 -0500",1,99,"B002",162839,,,," ",7,"GLP",5.79,1.03,1.21,5.93,1.07,7.00,,,,,,,"LTR"
"B","25-10-2019","2019-10-25 00:00:00 -0500",1,99,"B002",162838,,,," ",7,"GLP",5.71,1.03,1.21,5.86,1.05,6.91,,,,,,,"LTR"
"B","25-10-2019","2019-10-25 00:00:00 -0500",1,99,"B002",162837,,,," ",7,"GLP",8.06,1.03,1.21,8.26,1.49,9.75,,,,,,,"LTR"
"B","25-10-2019","2019-10-25 00:00:00 -0500",1,99,"B002",162836,,,," ",7,"GLP",4.96,1.03,1.21,5.08,0.92,6.00,,,,,,,"LTR"
"B","25-10-2019","2019-10-25 00:00:00 -0500",1,99,"B002",162835,,,," ",7,"GLP",5.79,1.03,1.21,5.93,1.07,7.00,,,,,,,"LTR"
"B","25-10-2019","2019-10-25 00:00:00 -0500",1,99,"B002",162834,,,," ",7,"GLP",6.67,1.03,1.21,6.84,1.23,8.07,,,,,,,"LTR"
"B","25-10-2019","2019-10-25 00:00:00 -0500",1,99,"B002",162833,,,," ",7,"GLP",5.79,1.03,1.21,5.93,1.07,7.00,,,,,,,"LTR"
"B","25-10-2019","2019-10-25 00:00:00 -0500",1,99,"B002",162832,,,," ",7,"GLP",9.09,1.03,1.21,9.32,1.68,11.00,,,,,,,"LTR"
"B","25-10-2019","2019-10-25 00:00:00 -0500",1,99,"B002",162831,,,," ",7,"GLP",8.26,1.03,1.21,8.47,1.53,10.00,,,,,,,"LTR"
"B","25-10-2019","2019-10-25 00:00:00 -0500",1,99,"B002",162830,,,," ",7,"GLP",8.26,1.03,1.21,8.47,1.53,10.00,,,,,,,"LTR"
"B","25-10-2019","2019-10-25 00:00:00 -0500",1,99,"B002",162829,,,," ",7,"GLP",4.13,1.03,1.21,4.24,0.76,5.00,,,,,,,"LTR"
"B","25-10-2019","2019-10-25 00:00:00 -0500",1,99,"B002",162828,,,," ",7,"GLP",20.66,1.03,1.21,21.19,3.81,25.00,,,,,,,"LTR"
"B","25-10-2019","2019-10-25 00:00:00 -0500",1,99,"B002",162827,,,," ",7,"GLP",4.96,1.03,1.21,5.08,0.92,6.00,,,,,,,"LTR"
"B","25-10-2019","2019-10-25 00:00:00 -0500",1,99,"B002",162826,,,," ",7,"GLP",16.19,1.03,1.21,16.60,2.99,19.59,,,,,,,"LTR"
"B","25-10-2019","2019-10-25 00:00:00 -0500",1,99,"B002",162825,,,," ",7,"GLP",6.61,1.03,1.21,6.78,1.22,8.00,,,,,,,"LTR"
"B","25-10-2019","2019-10-25 00:00:00 -0500",1,99,"B002",162824,,,," ",7,"GLP",3.06,1.03,1.21,3.14,0.56,3.70,,,,,,,"LTR"
"B","25-10-2019","2019-10-25 00:00:00 -0500",1,99,"B002",162823,,,," ",7,"GLP",9.09,1.03,1.21,9.32,1.68,11.00,,,,,,,"LTR"
"B","25-10-2019","2019-10-25 00:00:00 -0500",1,99,"B002",162822,,,," ",7,"GLP",4.13,1.03,1.21,4.24,0.76,5.00,,,,,,,"LTR"
"B","25-10-2019","2019-10-25 00:00:00 -0500",1,99,"B002",162821,,,," ",7,"GLP",9.5,1.03,1.21,9.75,1.75,11.50,,,,,,,"LTR"
"B","25-10-2019","2019-10-25 00:00:00 -0500",1,99,"B002",162820,,,," ",7,"GLP",7.44,1.03,1.21,7.63,1.37,9.00,,,,,,,"LTR"
"B","25-10-2019","2019-10-25 00:00:00 -0500",1,99,"B002",162819,,,," ",7,"GLP",5.37,1.03,1.21,5.51,0.99,6.50,,,,,,,"LTR"
"B","25-10-2019","2019-10-25 00:00:00 -0500",1,99,"B002",162818,,,," ",7,"GLP",11.56,1.03,1.21,11.86,2.13,13.99,,,,,,,"LTR"
"B","25-10-2019","2019-10-25 00:00:00 -0500",1,99,"B002",162817,,,," ",7,"GLP",0.03,1.03,1.21,0.03,0.00,0.03,,,,,,,"LTR"
"B","25-10-2019","2019-10-25 00:00:00 -0500",1,99,"B002",162816,,,," ",7,"GLP",4.13,1.03,1.21,4.24,0.76,5.00,,,,,,,"LTR"
"B","25-10-2019","2019-10-25 00:00:00 -0500",1,99,"B002",162815,,,," ",7,"GLP",8.26,1.03,1.21,8.47,1.53,10.00,,,,,,,"LTR"
"B","25-10-2019","2019-10-25 00:00:00 -0500",1,99,"B002",162814,,,," ",7,"GLP",12.4,1.03,1.21,12.71,2.29,15.00,,,,,,,"LTR"
"B","25-10-2019","2019-10-25 00:00:00 -0500",1,99,"B002",162813,,,," ",7,"GLP",8.26,1.03,1.21,8.47,1.53,10.00,,,,,,,"LTR"
"B","25-10-2019","2019-10-25 00:00:00 -0500",1,99,"B002",162812,,,," ",7,"GLP",10.74,1.03,1.21,11.02,1.98,13.00,,,,,,,"LTR"
"B","25-10-2019","2019-10-25 00:00:00 -0500",1,99,"B002",162811,,,," ",7,"GLP",4.13,1.03,1.21,4.24,0.76,5.00,,,,,,,"LTR"
"B","25-10-2019","2019-10-25 00:00:00 -0500",1,99,"B002",162810,,,," ",7,"GLP",4.96,1.03,1.21,5.08,0.92,6.00,,,,,,,"LTR"
"B","25-10-2019","2019-10-25 00:00:00 -0500",1,99,"B002",162809,,,," ",7,"GLP",17.36,1.03,1.21,17.80,3.20,21.00,,,,,,,"LTR"
"B","25-10-2019","2019-10-25 00:00:00 -0500",1,99,"B002",162808,,,," ",7,"GLP",8.84,1.03,1.21,9.07,1.63,10.70,,,,,,,"LTR"
"B","25-10-2019","2019-10-25 00:00:00 -0500",1,99,"B002",162807,,,," ",5,"DieselPro B5 S50 UV",0.25,10.03,11.84,2.54,0.46,3.00,,,,,,,"GLL"
"B","25-10-2019","2019-10-25 00:00:00 -0500",1,99,"B002",162806,,,," ",7,"GLP",10.41,1.03,1.21,10.68,1.92,12.60,,,,,,,"LTR"
"B","25-10-2019","2019-10-25 00:00:00 -0500",1,99,"B002",162805,,,," ",7,"GLP",8.26,1.03,1.21,8.47,1.53,10.00,,,,,,,"LTR"
"B","25-10-2019","2019-10-25 00:00:00 -0500",1,99,"B002",162804,,,," ",7,"GLP",16.53,1.03,1.21,16.95,3.05,20.00,,,,,,,"LTR"
"B","25-10-2019","2019-10-25 00:00:00 -0500",1,99,"B002",162803,,,," ",7,"GLP",19.08,1.03,1.21,19.57,3.52,23.09,,,,,,,"LTR"
"B","25-10-2019","2019-10-25 00:00:00 -0500",1,99,"B002",162802,,,," ",7,"GLP",6.61,1.03,1.21,6.78,1.22,8.00,,,,,,,"LTR"
"B","25-10-2019","2019-10-25 00:00:00 -0500",1,99,"B002",162801,,,," ",7,"GLP",20.66,1.03,1.21,21.19,3.81,25.00,,,,,,,"LTR"
"B","25-10-2019","2019-10-25 00:00:00 -0500",1,99,"B002",162800,,,," ",7,"GLP",16.69,1.03,1.21,17.11,3.08,20.19,,,,,,,"LTR"
"B","25-10-2019","2019-10-25 00:00:00 -0500",1,99,"B002",162799,,,," ",7,"GLP",9.46,1.03,1.21,9.70,1.75,11.45,,,,,,,"LTR"
"B","25-10-2019","2019-10-25 00:00:00 -0500",1,99,"B002",162798,,,," ",5,"DieselPro B5 S50 UV",0.85,10.03,11.84,8.47,1.53,10.00,,,,,,,"GLL"
"B","25-10-2019","2019-10-25 00:00:00 -0500",1,99,"B002",162797,,,," ",7,"GLP",23.5,1.03,1.21,24.10,4.34,28.44,,,,,,,"LTR"
"B","25-10-2019","2019-10-25 00:00:00 -0500",1,99,"B002",162796,,,," ",7,"GLP",9.42,1.03,1.21,9.66,1.74,11.40,,,,,,,"LTR"
"B","25-10-2019","2019-10-25 00:00:00 -0500",1,99,"B002",162795,,,," ",7,"GLP",9.09,1.03,1.21,9.32,1.68,11.00,,,,,,,"LTR"
"B","25-10-2019","2019-10-25 00:00:00 -0500",1,99,"B002",162794,,,," ",7,"GLP",2.48,1.03,1.21,2.54,0.46,3.00,,,,,,,"LTR"
"B","25-10-2019","2019-10-25 00:00:00 -0500",1,99,"B002",162793,,,," ",7,"GLP",5.79,1.03,1.21,5.93,1.07,7.00,,,,,,,"LTR"
"B","25-10-2019","2019-10-25 00:00:00 -0500",1,99,"B002",162792,,,," ",7,"GLP",4.13,1.03,1.21,4.24,0.76,5.00,,,,,,,"LTR"
"B","25-10-2019","2019-10-25 00:00:00 -0500",1,99,"B002",162791,,,," ",7,"GLP",4.13,1.03,1.21,4.24,0.76,5.00,,,,,,,"LTR"
"B","25-10-2019","2019-10-25 00:00:00 -0500",1,99,"B002",162790,,,," ",7,"GLP",18.62,1.03,1.21,19.09,3.44,22.53,,,,,,,"LTR"
"B","25-10-2019","2019-10-25 00:00:00 -0500",1,99,"B002",162789,,,," ",7,"GLP",5.79,1.03,1.21,5.93,1.07,7.00,,,,,,,"LTR"
"B","25-10-2019","2019-10-25 00:00:00 -0500",1,99,"B002",162788,,,," ",7,"GLP",4.13,1.03,1.21,4.24,0.76,5.00,,,,,,,"LTR"
"B","25-10-2019","2019-10-25 00:00:00 -0500",1,99,"B002",162787,,,," ",7,"GLP",11.31,1.03,1.21,11.60,2.09,13.69,,,,,,,"LTR"
"B","25-10-2019","2019-10-25 00:00:00 -0500",1,99,"B002",162786,,,," ",7,"GLP",15.28,1.03,1.21,15.67,2.82,18.49,,,,,,,"LTR"
"B","25-10-2019","2019-10-25 00:00:00 -0500",1,99,"B002",162785,,,," ",7,"GLP",4.13,1.03,1.21,4.24,0.76,5.00,,,,,,,"LTR"
"B","25-10-2019","2019-10-25 00:00:00 -0500",1,99,"B002",162784,,,," ",7,"GLP",4.13,1.03,1.21,4.24,0.76,5.00,,,,,,,"LTR"
"B","25-10-2019","2019-10-25 00:00:00 -0500",1,99,"B002",162783,,,," ",7,"GLP",8.26,1.03,1.21,8.47,1.53,10.00,,,,,,,"LTR"
"B","25-10-2019","2019-10-25 00:00:00 -0500",1,99,"B002",162782,,,," ",7,"GLP",6.61,1.03,1.21,6.78,1.22,8.00,,,,,,,"LTR"
"B","25-10-2019","2019-10-25 00:00:00 -0500",1,99,"B002",162781,,,," ",2,"Gasohol 90",0.24,10.75,12.69,2.54,0.46,3.00,,,,,,,"GLL"
"B","25-10-2019","2019-10-25 00:00:00 -0500",1,99,"B002",162780,,,," ",7,"GLP",6.61,1.03,1.21,6.78,1.22,8.00,,,,,,,"LTR"
"B","25-10-2019","2019-10-25 00:00:00 -0500",1,99,"B002",162779,,,," ",7,"GLP",6.92,1.03,1.21,7.09,1.28,8.37,,,,,,,"LTR"
"B","25-10-2019","2019-10-25 00:00:00 -0500",1,99,"B002",162778,,,," ",7,"GLP",7.55,1.03,1.21,7.75,1.39,9.14,,,,,,,"LTR"
"B","25-10-2019","2019-10-25 00:00:00 -0500",1,99,"B002",162777,,,," ",7,"GLP",8.26,1.03,1.21,8.47,1.53,10.00,,,,,,,"LTR"
"B","25-10-2019","2019-10-25 00:00:00 -0500",1,99,"B002",162776,,,," ",7,"GLP",4.13,1.03,1.21,4.24,0.76,5.00,,,,,,,"LTR"
"B","25-10-2019","2019-10-25 00:00:00 -0500",1,99,"B002",162775,,,," ",7,"GLP",12.4,1.03,1.21,12.71,2.29,15.00,,,,,,,"LTR"
"B","25-10-2019","2019-10-25 00:00:00 -0500",1,99,"B002",162774,,,," ",7,"GLP",4.13,1.03,1.21,4.24,0.76,5.00,,,,,,,"LTR"
"B","25-10-2019","2019-10-25 00:00:00 -0500",1,99,"B002",162773,,,," ",7,"GLP",4.13,1.03,1.21,4.24,0.76,5.00,,,,,,,"LTR"
"B","25-10-2019","2019-10-25 00:00:00 -0500",1,99,"B002",162772,,,," ",7,"GLP",5.79,1.03,1.21,5.93,1.07,7.00,,,,,,,"LTR"
"B","25-10-2019","2019-10-25 00:00:00 -0500",1,99,"B002",162771,,,," ",7,"GLP",9.6,1.03,1.21,9.84,1.77,11.61,,,,,,,"LTR"
"B","25-10-2019","2019-10-25 00:00:00 -0500",1,99,"B002",162770,,,," ",7,"GLP",18.18,1.03,1.21,18.64,3.36,22.00,,,,,,,"LTR"
"B","25-10-2019","2019-10-25 00:00:00 -0500",1,99,"B002",162769,,,," ",7,"GLP",4.13,1.03,1.21,4.24,0.76,5.00,,,,,,,"LTR"
"B","25-10-2019","2019-10-25 00:00:00 -0500",1,99,"B002",162768,,,," ",7,"GLP",8.26,1.03,1.21,8.47,1.53,10.00,,,,,,,"LTR"
"B","25-10-2019","2019-10-25 00:00:00 -0500",1,99,"B002",162767,,,," ",7,"GLP",10.74,1.03,1.21,11.02,1.98,13.00,,,,,,,"LTR"
"B","25-10-2019","2019-10-25 00:00:00 -0500",1,99,"B002",162766,,,," ",7,"GLP",4.13,1.03,1.21,4.24,0.76,5.00,,,,,,,"LTR"
"B","25-10-2019","2019-10-25 00:00:00 -0500",1,99,"B002",162765,,,," ",7,"GLP",8.26,1.03,1.21,8.47,1.53,10.00,,,,,,,"LTR"
"B","25-10-2019","2019-10-25 00:00:00 -0500",1,99,"B002",162764,,,," ",7,"GLP",4.13,1.03,1.21,4.24,0.76,5.00,,,,,,,"LTR"
"B","25-10-2019","2019-10-25 00:00:00 -0500",1,99,"B002",162763,,,," ",7,"GLP",4.13,1.03,1.21,4.24,0.76,5.00,,,,,,,"LTR"
"B","25-10-2019","2019-10-25 00:00:00 -0500",1,99,"B002",162762,,,," ",7,"GLP",32.79,1.03,1.21,33.62,6.05,39.67,,,,,,,"LTR"
"B","25-10-2019","2019-10-25 00:00:00 -0500",1,99,"B002",162761,,,," ",7,"GLP",4.13,1.03,1.21,4.24,0.76,5.00,,,,,,,"LTR"
"B","25-10-2019","2019-10-25 00:00:00 -0500",1,99,"B002",162760,,,," ",5,"DieselPro B5 S50 UV",1.69,10.03,11.84,16.95,3.05,20.00,,,,,,,"GLL"
"B","25-10-2019","2019-10-25 00:00:00 -0500",1,99,"B002",162759,,,," ",7,"GLP",5.79,1.03,1.21,5.93,1.07,7.00,,,,,,,"LTR"
"B","25-10-2019","2019-10-25 00:00:00 -0500",1,99,"B002",162758,,,," ",7,"GLP",16.53,1.03,1.21,16.95,3.05,20.00,,,,,,,"LTR"
"B","25-10-2019","2019-10-25 00:00:00 -0500",1,99,"B002",162757,,,," ",7,"GLP",4.13,1.03,1.21,4.24,0.76,5.00,,,,,,,"LTR"
"B","25-10-2019","2019-10-25 00:00:00 -0500",1,99,"B002",162756,,,," ",7,"GLP",18.43,1.03,1.21,18.90,3.40,22.30,,,,,,,"LTR"
"B","25-10-2019","2019-10-25 00:00:00 -0500",1,99,"B002",162755,,,," ",7,"GLP",5.79,1.03,1.21,5.93,1.07,7.00,,,,,,,"LTR"
"B","25-10-2019","2019-10-25 00:00:00 -0500",1,99,"B002",162754,,,," ",7,"GLP",12.4,1.03,1.21,12.71,2.29,15.00,,,,,,,"LTR"
"B","25-10-2019","2019-10-25 00:00:00 -0500",1,99,"B002",162753,,,," ",7,"GLP",3.39,1.03,1.21,3.47,0.63,4.10,,,,,,,"LTR"
"B","25-10-2019","2019-10-25 00:00:00 -0500",1,99,"B002",162752,,,," ",7,"GLP",4.13,1.03,1.21,4.24,0.76,5.00,,,,,,,"LTR"
"B","25-10-2019","2019-10-25 00:00:00 -0500",1,99,"B002",162751,,,," ",7,"GLP",6.61,1.03,1.21,6.78,1.22,8.00,,,,,,,"LTR"
"B","25-10-2019","2019-10-25 00:00:00 -0500",1,99,"B002",162750,,,," ",7,"GLP",4.13,1.03,1.21,4.24,0.76,5.00,,,,,,,"LTR"
"B","25-10-2019","2019-10-25 00:00:00 -0500",1,99,"B002",162749,,,," ",7,"GLP",4.13,1.03,1.21,4.24,0.76,5.00,,,,,,,"LTR"
"B","25-10-2019","2019-10-25 00:00:00 -0500",1,99,"B002",162748,,,," ",7,"GLP",8.26,1.03,1.21,8.47,1.53,10.00,,,,,,,"LTR"
"B","25-10-2019","2019-10-25 00:00:00 -0500",1,99,"B002",162747,,,," ",7,"GLP",4.13,1.03,1.21,4.24,0.76,5.00,,,,,,,"LTR"
"B","25-10-2019","2019-10-25 00:00:00 -0500",1,99,"B002",162746,,,," ",7,"GLP",8.26,1.03,1.21,8.47,1.53,10.00,,,,,,,"LTR"
"B","25-10-2019","2019-10-25 00:00:00 -0500",1,99,"B002",162745,,,," ",7,"GLP",4.13,1.03,1.21,4.24,0.76,5.00,,,,,,,"LTR"
"B","25-10-2019","2019-10-25 00:00:00 -0500",1,99,"B002",162744,,,," ",7,"GLP",4.13,1.03,1.21,4.24,0.76,5.00,,,,,,,"LTR"
"B","25-10-2019","2019-10-25 00:00:00 -0500",1,99,"B002",162743,,,," ",7,"GLP",4.96,1.03,1.21,5.08,0.92,6.00,,,,,,,"LTR"
"B","25-10-2019","2019-10-25 00:00:00 -0500",1,99,"B002",162742,,,," ",7,"GLP",5.79,1.03,1.21,5.93,1.07,7.00,,,,,,,"LTR"
"B","25-10-2019","2019-10-25 00:00:00 -0500",1,99,"B002",162741,,,," ",7,"GLP",16.53,1.03,1.21,16.95,3.05,20.00,,,,,,,"LTR"
"B","25-10-2019","2019-10-25 00:00:00 -0500",1,99,"B002",162740,,,," ",7,"GLP",8.26,1.03,1.21,8.47,1.53,10.00,,,,,,,"LTR"
"B","25-10-2019","2019-10-25 00:00:00 -0500",1,99,"B002",162739,,,," ",7,"GLP",37.36,1.03,1.21,38.31,6.89,45.20,,,,,,,"LTR"
"B","25-10-2019","2019-10-25 00:00:00 -0500",1,99,"B002",162738,,,," ",7,"GLP",4.13,1.03,1.21,4.24,0.76,5.00,,,,,,,"LTR"
"B","25-10-2019","2019-10-25 00:00:00 -0500",1,99,"B002",162737,,,," ",7,"GLP",7.69,1.03,1.21,7.89,1.42,9.31,,,,,,,"LTR"
"B","25-10-2019","2019-10-25 00:00:00 -0500",1,99,"B002",162736,,,," ",7,"GLP",16.53,1.03,1.21,16.95,3.05,20.00,,,,,,,"LTR"
"B","25-10-2019","2019-10-25 00:00:00 -0500",1,99,"B002",162735,,,," ",7,"GLP",8.26,1.03,1.21,8.47,1.53,10.00,,,,,,,"LTR"
"B","25-10-2019","2019-10-25 00:00:00 -0500",1,99,"B002",162734,,,," ",7,"GLP",6.61,1.03,1.21,6.78,1.22,8.00,,,,,,,"LTR"
"B","25-10-2019","2019-10-25 00:00:00 -0500",1,99,"B002",162733,,,," ",7,"GLP",4.96,1.03,1.21,5.08,0.92,6.00,,,,,,,"LTR"
"B","25-10-2019","2019-10-25 00:00:00 -0500",1,99,"B002",162732,,,," ",7,"GLP",9.92,1.03,1.21,10.17,1.83,12.00,,,,,,,"LTR"
"B","25-10-2019","2019-10-25 00:00:00 -0500",1,99,"B002",162731,,,," ",7,"GLP",9.01,1.03,1.21,9.24,1.66,10.90,,,,,,,"LTR"
"B","25-10-2019","2019-10-25 00:00:00 -0500",1,99,"B002",162730,,,," ",7,"GLP",13.55,1.03,1.21,13.90,2.50,16.40,,,,,,,"LTR"
"B","25-10-2019","2019-10-25 00:00:00 -0500",1,99,"B002",162729,,,," ",2,"Gasohol 90",0.24,10.75,12.69,2.54,0.46,3.00,,,,,,,"GLL"
"B","25-10-2019","2019-10-25 00:00:00 -0500",1,99,"B002",162728,,,," ",7,"GLP",6.61,1.03,1.21,6.78,1.22,8.00,,,,,,,"LTR"
"B","25-10-2019","2019-10-25 00:00:00 -0500",1,99,"B002",162727,,,," ",7,"GLP",10.99,1.03,1.21,11.27,2.03,13.30,,,,,,,"LTR"
"B","25-10-2019","2019-10-25 00:00:00 -0500",1,99,"B002",162726,,,," ",7,"GLP",4.13,1.03,1.21,4.24,0.76,5.00,,,,,,,"LTR"
"B","25-10-2019","2019-10-25 00:00:00 -0500",1,99,"B002",162725,,,," ",7,"GLP",16.53,1.03,1.21,16.95,3.05,20.00,,,,,,,"LTR"
"B","25-10-2019","2019-10-25 00:00:00 -0500",1,99,"B002",162724,,,," ",7,"GLP",4.13,1.03,1.21,4.24,0.76,5.00,,,,,,,"LTR"
"B","25-10-2019","2019-10-25 00:00:00 -0500",1,99,"B002",162723,,,," ",7,"GLP",23.14,1.03,1.21,23.73,4.27,28.00,,,,,,,"LTR"
"B","25-10-2019","2019-10-25 00:00:00 -0500",1,99,"B002",162722,,,," ",7,"GLP",7.76,1.03,1.21,7.96,1.43,9.39,,,,,,,"LTR"
"B","25-10-2019","2019-10-25 00:00:00 -0500",1,99,"B002",162721,,,," ",7,"GLP",13.46,1.03,1.21,13.81,2.48,16.29,,,,,,,"LTR"
"B","25-10-2019","2019-10-25 00:00:00 -0500",1,99,"B002",162720,,,," ",7,"GLP",16.53,1.03,1.21,16.95,3.05,20.00,,,,,,,"LTR"
"B","25-10-2019","2019-10-25 00:00:00 -0500",1,99,"B002",162719,,,," ",7,"GLP",5.79,1.03,1.21,5.93,1.07,7.00,,,,,,,"LTR"
"B","25-10-2019","2019-10-25 00:00:00 -0500",1,99,"B002",162718,,,," ",7,"GLP",5.79,1.03,1.21,5.93,1.07,7.00,,,,,,,"LTR"
"B","25-10-2019","2019-10-25 00:00:00 -0500",1,99,"B002",162717,,,," ",7,"GLP",4.13,1.03,1.21,4.24,0.76,5.00,,,,,,,"LTR"
"B","25-10-2019","2019-10-25 00:00:00 -0500",1,99,"B002",162716,,,," ",7,"GLP",16.53,1.03,1.21,16.95,3.05,20.00,,,,,,,"LTR"
"B","25-10-2019","2019-10-25 00:00:00 -0500",1,99,"B002",162715,,,," ",7,"GLP",7.44,1.03,1.21,7.63,1.37,9.00,,,,,,,"LTR"
"B","25-10-2019","2019-10-25 00:00:00 -0500",1,99,"B002",162714,,,," ",7,"GLP",8.26,1.03,1.21,8.47,1.53,10.00,,,,,,,"LTR"
"B","25-10-2019","2019-10-25 00:00:00 -0500",1,99,"B002",162713,,,," ",7,"GLP",9.92,1.03,1.21,10.17,1.83,12.00,,,,,,,"LTR"
"B","25-10-2019","2019-10-25 00:00:00 -0500",1,99,"B002",162712,,,," ",7,"GLP",16.53,1.03,1.21,16.95,3.05,20.00,,,,,,,"LTR"
"B","25-10-2019","2019-10-25 00:00:00 -0500",1,99,"B002",162711,,,," ",7,"GLP",8.26,1.03,1.21,8.47,1.53,10.00,,,,,,,"LTR"
"B","25-10-2019","2019-10-25 00:00:00 -0500",1,99,"B002",162710,,,," ",7,"GLP",8.26,1.03,1.21,8.47,1.53,10.00,,,,,,,"LTR"
"B","25-10-2019","2019-10-25 00:00:00 -0500",1,99,"B002",162709,,,," ",7,"GLP",12.4,1.03,1.21,12.71,2.29,15.00,,,,,,,"LTR"
"B","25-10-2019","2019-10-25 00:00:00 -0500",1,99,"B002",162708,,,," ",7,"GLP",9.92,1.03,1.21,10.17,1.83,12.00,,,,,,,"LTR"
"B","25-10-2019","2019-10-25 00:00:00 -0500",1,99,"B002",162707,,,," ",7,"GLP",8.26,1.03,1.21,8.47,1.53,10.00,,,,,,,"LTR"
"B","25-10-2019","2019-10-25 00:00:00 -0500",1,99,"B002",162706,,,," ",7,"GLP",7.44,1.03,1.21,7.63,1.37,9.00,,,,,,,"LTR"
"B","25-10-2019","2019-10-25 00:00:00 -0500",1,99,"B002",162705,,,," ",7,"GLP",16.53,1.03,1.21,16.95,3.05,20.00,,,,,,,"LTR"
"B","25-10-2019","2019-10-25 00:00:00 -0500",1,99,"B002",162704,,,," ",7,"GLP",8.26,1.03,1.21,8.47,1.53,10.00,,,,,,,"LTR"
"B","25-10-2019","2019-10-25 00:00:00 -0500",1,99,"B002",162703,,,," ",7,"GLP",4.13,1.03,1.21,4.24,0.76,5.00,,,,,,,"LTR"
"B","25-10-2019","2019-10-25 00:00:00 -0500",1,99,"B002",162702,,,," ",7,"GLP",4.13,1.03,1.21,4.24,0.76,5.00,,,,,,,"LTR"
"B","25-10-2019","2019-10-25 00:00:00 -0500",1,99,"B002",162701,,,," ",7,"GLP",6.61,1.03,1.21,6.78,1.22,8.00,,,,,,,"LTR"
"B","25-10-2019","2019-10-25 00:00:00 -0500",1,99,"B002",162700,,,," ",7,"GLP",11.65,1.03,1.21,11.95,2.15,14.10,,,,,,,"LTR"
"B","25-10-2019","2019-10-25 00:00:00 -0500",1,99,"B002",162699,,,," ",7,"GLP",6.61,1.03,1.21,6.78,1.22,8.00,,,,,,,"LTR"
"B","25-10-2019","2019-10-25 00:00:00 -0500",1,99,"B002",162698,,,," ",7,"GLP",9.92,1.03,1.21,10.17,1.83,12.00,,,,,,,"LTR"
"B","25-10-2019","2019-10-25 00:00:00 -0500",1,99,"B002",162697,,,," ",7,"GLP",9.92,1.03,1.21,10.17,1.83,12.00,,,,,,,"LTR"
"B","25-10-2019","2019-10-25 00:00:00 -0500",1,99,"B002",162696,,,," ",7,"GLP",8.26,1.03,1.21,8.47,1.53,10.00,,,,,,,"LTR"
"B","25-10-2019","2019-10-25 00:00:00 -0500",1,99,"B002",162695,,,," ",7,"GLP",18.6,1.03,1.21,19.08,3.43,22.51,,,,,,,"LTR"
"B","25-10-2019","2019-10-25 00:00:00 -0500",1,99,"B002",162694,,,," ",7,"GLP",8.26,1.03,1.21,8.47,1.53,10.00,,,,,,,"LTR"
"B","25-10-2019","2019-10-25 00:00:00 -0500",1,99,"B002",162693,,,," ",7,"GLP",5.79,1.03,1.21,5.93,1.07,7.00,,,,,,,"LTR"
"B","25-10-2019","2019-10-25 00:00:00 -0500",1,99,"B002",162692,,,," ",7,"GLP",8.26,1.03,1.21,8.47,1.53,10.00,,,,,,,"LTR"
"B","25-10-2019","2019-10-25 00:00:00 -0500",1,99,"B002",162691,,,," ",7,"GLP",9.92,1.03,1.21,10.17,1.83,12.00,,,,,,,"LTR"
"B","25-10-2019","2019-10-25 00:00:00 -0500",1,99,"B002",162690,,,," ",7,"GLP",9.09,1.03,1.21,9.32,1.68,11.00,,,,,,,"LTR"
"B","25-10-2019","2019-10-25 00:00:00 -0500",1,99,"B002",162689,,,," ",7,"GLP",5.79,1.03,1.21,5.93,1.07,7.00,,,,,,,"LTR"
"B","25-10-2019","2019-10-25 00:00:00 -0500",1,99,"B002",162688,,,," ",7,"GLP",7.11,1.03,1.21,7.29,1.31,8.60,,,,,,,"LTR"
"B","25-10-2019","2019-10-25 00:00:00 -0500",1,99,"B002",162687,,,," ",7,"GLP",12.15,1.03,1.21,12.46,2.24,14.70,,,,,,,"LTR"
"B","25-10-2019","2019-10-25 00:00:00 -0500",1,99,"B002",162686,,,," ",5,"DieselPro B5 S50 UV",0.85,10.03,11.84,8.47,1.53,10.00,,,,,,,"GLL"
"B","25-10-2019","2019-10-25 00:00:00 -0500",1,99,"B002",162685,,,," ",7,"GLP",4.96,1.03,1.21,5.08,0.92,6.00,,,,,,,"LTR"
"B","25-10-2019","2019-10-25 00:00:00 -0500",1,99,"B002",162684,,,," ",7,"GLP",8.26,1.03,1.21,8.47,1.53,10.00,,,,,,,"LTR"
"B","25-10-2019","2019-10-25 00:00:00 -0500",1,99,"B002",162683,,,," ",7,"GLP",23.96,1.03,1.21,24.57,4.42,28.99,,,,,,,"LTR"
"B","25-10-2019","2019-10-25 00:00:00 -0500",1,99,"B002",162682,,,," ",7,"GLP",16.53,1.03,1.21,16.95,3.05,20.00,,,,,,,"LTR"
"B","25-10-2019","2019-10-25 00:00:00 -0500",1,99,"B002",162681,,,," ",7,"GLP",9.92,1.03,1.21,10.17,1.83,12.00,,,,,,,"LTR"
"B","25-10-2019","2019-10-25 00:00:00 -0500",1,99,"B002",162680,,,," ",7,"GLP",5.79,1.03,1.21,5.93,1.07,7.00,,,,,,,"LTR"
"B","25-10-2019","2019-10-25 00:00:00 -0500",1,99,"B002",162679,,,," ",7,"GLP",4.13,1.03,1.21,4.24,0.76,5.00,,,,,,,"LTR"
"B","25-10-2019","2019-10-25 00:00:00 -0500",1,99,"B002",162678,,,," ",2,"Gasohol 90",1.5,10.75,12.69,16.14,2.90,19.04,,,,,,,"GLL"
"B","25-10-2019","2019-10-25 00:00:00 -0500",1,99,"B002",162677,,,," ",7,"GLP",9.25,1.03,1.21,9.48,1.71,11.19,,,,,,,"LTR"
"B","25-10-2019","2019-10-25 00:00:00 -0500",1,99,"B002",162676,,,," ",7,"GLP",6.61,1.03,1.21,6.78,1.22,8.00,,,,,,,"LTR"
"B","25-10-2019","2019-10-25 00:00:00 -0500",1,99,"B002",162675,,,," ",7,"GLP",4.13,1.03,1.21,4.24,0.76,5.00,,,,,,,"LTR"
"B","25-10-2019","2019-10-25 00:00:00 -0500",1,99,"B002",162674,,,," ",7,"GLP",4.13,1.03,1.21,4.24,0.76,5.00,,,,,,,"LTR"
"B","25-10-2019","2019-10-25 00:00:00 -0500",1,99,"B002",162673,,,," ",7,"GLP",8.26,1.03,1.21,8.47,1.53,10.00,,,,,,,"LTR"
"B","25-10-2019","2019-10-25 00:00:00 -0500",1,99,"B002",162672,,,," ",7,"GLP",9.92,1.03,1.21,10.17,1.83,12.00,,,,,,,"LTR"
"B","25-10-2019","2019-10-25 00:00:00 -0500",1,99,"B002",162671,,,," ",7,"GLP",7.85,1.03,1.21,8.05,1.45,9.50,,,,,,,"LTR"
"B","25-10-2019","2019-10-25 00:00:00 -0500",1,99,"B002",162670,,,," ",7,"GLP",12.4,1.03,1.21,12.71,2.29,15.00,,,,,,,"LTR"
"B","25-10-2019","2019-10-25 00:00:00 -0500",1,99,"B002",162669,,,," ",7,"GLP",11.49,1.03,1.21,11.78,2.12,13.90,,,,,,,"LTR"
"B","25-10-2019","2019-10-25 00:00:00 -0500",1,99,"B002",162668,,,," ",7,"GLP",10.74,1.03,1.21,11.02,1.98,13.00,,,,,,,"LTR"
"B","25-10-2019","2019-10-25 00:00:00 -0500",1,99,"B002",162667,,,," ",7,"GLP",24.3,1.03,1.21,24.92,4.48,29.40,,,,,,,"LTR"
"B","25-10-2019","2019-10-25 00:00:00 -0500",1,99,"B002",162666,,,," ",7,"GLP",3.31,1.03,1.21,3.39,0.61,4.00,,,,,,,"LTR"
"B","25-10-2019","2019-10-25 00:00:00 -0500",1,99,"B002",162665,,,," ",7,"GLP",8.26,1.03,1.21,8.47,1.53,10.00,,,,,,,"LTR"
"B","25-10-2019","2019-10-25 00:00:00 -0500",1,99,"B002",162664,,,," ",7,"GLP",20.17,1.03,1.21,20.68,3.72,24.40,,,,,,,"LTR"
"B","25-10-2019","2019-10-25 00:00:00 -0500",1,99,"B002",162663,,,," ",7,"GLP",4.13,1.03,1.21,4.24,0.76,5.00,,,,,,,"LTR"
"B","25-10-2019","2019-10-25 00:00:00 -0500",1,99,"B002",162662,,,," ",7,"GLP",8.26,1.03,1.21,8.47,1.53,10.00,,,,,,,"LTR"
"B","25-10-2019","2019-10-25 00:00:00 -0500",1,99,"B002",162661,,,," ",7,"GLP",10.74,1.03,1.21,11.02,1.98,13.00,,,,,,,"LTR"
"B","25-10-2019","2019-10-25 00:00:00 -0500",1,99,"B002",162660,,,," ",7,"GLP",8.26,1.03,1.21,8.47,1.53,10.00,,,,,,,"LTR"
"B","25-10-2019","2019-10-25 00:00:00 -0500",1,99,"B002",162659,,,," ",7,"GLP",8.26,1.03,1.21,8.47,1.53,10.00,,,,,,,"LTR"
"B","25-10-2019","2019-10-25 00:00:00 -0500",1,99,"B002",162658,,,," ",7,"GLP",16.53,1.03,1.21,16.95,3.05,20.00,,,,,,,"LTR"
"B","25-10-2019","2019-10-25 00:00:00 -0500",1,99,"B002",162657,,,," ",7,"GLP",29.03,1.03,1.21,29.77,5.36,35.13,,,,,,,"LTR"
"B","25-10-2019","2019-10-25 00:00:00 -0500",1,99,"B002",162656,,,," ",7,"GLP",3.31,1.03,1.21,3.39,0.61,4.00,,,,,,,"LTR"
"B","25-10-2019","2019-10-25 00:00:00 -0500",1,99,"B002",162655,,,," ",7,"GLP",4.96,1.03,1.21,5.08,0.92,6.00,,,,,,,"LTR"
"B","25-10-2019","2019-10-25 00:00:00 -0500",1,99,"B002",162654,,,," ",7,"GLP",4.96,1.03,1.21,5.08,0.92,6.00,,,,,,,"LTR"
"B","25-10-2019","2019-10-25 00:00:00 -0500",1,99,"B002",162653,,,," ",7,"GLP",5.79,1.03,1.21,5.93,1.07,7.00,,,,,,,"LTR"
"B","25-10-2019","2019-10-25 00:00:00 -0500",1,99,"B002",162652,,,," ",7,"GLP",10.3,1.03,1.21,10.56,1.90,12.46,,,,,,,"LTR"
"B","25-10-2019","2019-10-25 00:00:00 -0500",1,99,"B002",162651,,,," ",7,"GLP",6.61,1.03,1.21,6.78,1.22,8.00,,,,,,,"LTR"
"B","25-10-2019","2019-10-25 00:00:00 -0500",1,99,"B002",162650,,,," ",7,"GLP",4.13,1.03,1.21,4.24,0.76,5.00,,,,,,,"LTR"
"B","25-10-2019","2019-10-25 00:00:00 -0500",1,99,"B002",162649,,,," ",7,"GLP",8.26,1.03,1.21,8.47,1.53,10.00,,,,,,,"LTR"
"B","25-10-2019","2019-10-25 00:00:00 -0500",1,99,"B002",162648,,,," ",7,"GLP",9.92,1.03,1.21,10.17,1.83,12.00,,,,,,,"LTR"
"B","25-10-2019","2019-10-25 00:00:00 -0500",1,99,"B002",162647,,,," ",7,"GLP",9.09,1.03,1.21,9.32,1.68,11.00,,,,,,,"LTR"
"B","25-10-2019","2019-10-25 00:00:00 -0500",1,99,"B002",162646,,,," ",7,"GLP",5.79,1.03,1.21,5.93,1.07,7.00,,,,,,,"LTR"
"B","25-10-2019","2019-10-25 00:00:00 -0500",1,99,"B002",162645,,,," ",7,"GLP",4.13,1.03,1.21,4.24,0.76,5.00,,,,,,,"LTR"
"B","25-10-2019","2019-10-25 00:00:00 -0500",1,99,"B002",162644,,,," ",7,"GLP",4.96,1.03,1.21,5.08,0.92,6.00,,,,,,,"LTR"
"B","25-10-2019","2019-10-25 00:00:00 -0500",1,99,"B002",162643,,,," ",7,"GLP",4.13,1.03,1.21,4.24,0.76,5.00,,,,,,,"LTR"
"B","25-10-2019","2019-10-25 00:00:00 -0500",1,99,"B002",162642,,,," ",7,"GLP",4.13,1.03,1.21,4.24,0.76,5.00,,,,,,,"LTR"
"B","25-10-2019","2019-10-25 00:00:00 -0500",1,99,"B002",162641,,,," ",7,"GLP",8.26,1.03,1.21,8.47,1.53,10.00,,,,,,,"LTR"
"B","25-10-2019","2019-10-25 00:00:00 -0500",1,99,"B002",162640,,,," ",7,"GLP",16.53,1.03,1.21,16.95,3.05,20.00,,,,,,,"LTR"
"B","25-10-2019","2019-10-25 00:00:00 -0500",1,99,"B002",162639,,,," ",7,"GLP",7.85,1.03,1.21,8.05,1.45,9.50,,,,,,,"LTR"
"B","25-10-2019","2019-10-25 00:00:00 -0500",1,99,"B002",162638,,,," ",7,"GLP",8.26,1.03,1.21,8.47,1.53,10.00,,,,,,,"LTR"
"B","25-10-2019","2019-10-25 00:00:00 -0500",1,99,"B002",162637,,,," ",7,"GLP",4.96,1.03,1.21,5.08,0.92,6.00,,,,,,,"LTR"
"B","25-10-2019","2019-10-25 00:00:00 -0500",1,99,"B002",162636,,,," ",7,"GLP",5.79,1.03,1.21,5.93,1.07,7.00,,,,,,,"LTR"
"B","25-10-2019","2019-10-25 00:00:00 -0500",1,99,"B002",162635,,,," ",7,"GLP",7.85,1.03,1.21,8.05,1.45,9.50,,,,,,,"LTR"
"B","25-10-2019","2019-10-25 00:00:00 -0500",1,99,"B002",162634,,,," ",7,"GLP",4.13,1.03,1.21,4.24,0.76,5.00,,,,,,,"LTR"
"B","25-10-2019","2019-10-25 00:00:00 -0500",1,99,"B002",162633,,,," ",5,"DieselPro B5 S50 UV",0.17,10.03,11.84,1.69,0.31,2.00,,,,,,,"GLL"
"B","25-10-2019","2019-10-25 00:00:00 -0500",1,99,"B002",162632,,,," ",7,"GLP",10.77,1.03,1.21,11.04,1.99,13.03,,,,,,,"LTR"
"B","25-10-2019","2019-10-25 00:00:00 -0500",1,99,"B002",162631,,,," ",7,"GLP",12.4,1.03,1.21,12.71,2.29,15.00,,,,,,,"LTR"
"B","25-10-2019","2019-10-25 00:00:00 -0500",1,99,"B002",162630,,,," ",2,"Gasohol 90",0.16,10.75,12.69,1.69,0.31,2.00,,,,,,,"GLL"
"B","25-10-2019","2019-10-25 00:00:00 -0500",1,99,"B002",162629,,,," ",2,"Gasohol 90",0.63,10.75,12.69,6.78,1.22,8.00,,,,,,,"GLL"
"B","25-10-2019","2019-10-25 00:00:00 -0500",1,99,"B002",162628,,,," ",7,"GLP",8.26,1.03,1.21,8.47,1.53,10.00,,,,,,,"LTR"
"B","25-10-2019","2019-10-25 00:00:00 -0500",1,99,"B002",162627,,,," ",7,"GLP",2.49,1.03,1.21,2.55,0.46,3.01,,,,,,,"LTR"
"B","25-10-2019","2019-10-25 00:00:00 -0500",1,99,"B002",162626,,,," ",7,"GLP",8.26,1.03,1.21,8.47,1.53,10.00,,,,,,,"LTR"
"B","25-10-2019","2019-10-25 00:00:00 -0500",1,99,"B002",162625,,,," ",7,"GLP",4.96,1.03,1.21,5.08,0.92,6.00,,,,,,,"LTR"
"B","25-10-2019","2019-10-25 00:00:00 -0500",1,99,"B002",162624,,,," ",7,"GLP",8.26,1.03,1.21,8.47,1.53,10.00,,,,,,,"LTR"
"B","25-10-2019","2019-10-25 00:00:00 -0500",1,99,"B002",162623,,,," ",7,"GLP",16.53,1.03,1.21,16.95,3.05,20.00,,,,,,,"LTR"
"B","25-10-2019","2019-10-25 00:00:00 -0500",1,99,"B002",162622,,,," ",7,"GLP",8.26,1.03,1.21,8.47,1.53,10.00,,,,,,,"LTR"
"B","25-10-2019","2019-10-25 00:00:00 -0500",1,99,"B002",162621,,,," ",7,"GLP",8.26,1.03,1.21,8.47,1.53,10.00,,,,,,,"LTR"
"B","25-10-2019","2019-10-25 00:00:00 -0500",1,99,"B002",162620,,,," ",7,"GLP",4.13,1.03,1.21,4.24,0.76,5.00,,,,,,,"LTR"
"B","25-10-2019","2019-10-25 00:00:00 -0500",1,99,"B002",162619,,,," ",7,"GLP",10.74,1.03,1.21,11.02,1.98,13.00,,,,,,,"LTR"
"B","25-10-2019","2019-10-25 00:00:00 -0500",1,99,"B002",162618,,,," ",7,"GLP",4.13,1.03,1.21,4.24,0.76,5.00,,,,,,,"LTR"
"B","25-10-2019","2019-10-25 00:00:00 -0500",1,99,"B002",162617,,,," ",7,"GLP",8.26,1.03,1.21,8.47,1.53,10.00,,,,,,,"LTR"
"B","25-10-2019","2019-10-25 00:00:00 -0500",1,99,"B002",162616,,,," ",7,"GLP",11.9,1.03,1.21,12.20,2.20,14.40,,,,,,,"LTR"
"B","25-10-2019","2019-10-25 00:00:00 -0500",1,99,"B002",162615,,,," ",7,"GLP",4.13,1.03,1.21,4.24,0.76,5.00,,,,,,,"LTR"
"B","25-10-2019","2019-10-25 00:00:00 -0500",1,99,"B002",162614,,,," ",7,"GLP",9.09,1.03,1.21,9.32,1.68,11.00,,,,,,,"LTR"
"B","25-10-2019","2019-10-25 00:00:00 -0500",1,99,"B002",162613,,,," ",7,"GLP",14.88,1.03,1.21,15.25,2.75,18.00,,,,,,,"LTR"
"B","25-10-2019","2019-10-25 00:00:00 -0500",1,99,"B002",162612,,,," ",7,"GLP",8.6,1.03,1.21,8.81,1.59,10.40,,,,,,,"LTR"
"B","25-10-2019","2019-10-25 00:00:00 -0500",1,99,"B002",162611,,,," ",7,"GLP",19.5,1.03,1.21,19.99,3.60,23.59,,,,,,,"LTR"
"B","25-10-2019","2019-10-25 00:00:00 -0500",1,99,"B002",162610,,,," ",7,"GLP",16.53,1.03,1.21,16.95,3.05,20.00,,,,,,,"LTR"
"B","25-10-2019","2019-10-25 00:00:00 -0500",1,99,"B002",162609,,,," ",7,"GLP",12.4,1.03,1.21,12.71,2.29,15.00,,,,,,,"LTR"
"B","25-10-2019","2019-10-25 00:00:00 -0500",1,99,"B002",162608,,,," ",7,"GLP",8.26,1.03,1.21,8.47,1.53,10.00,,,,,,,"LTR"
"B","25-10-2019","2019-10-25 00:00:00 -0500",1,99,"B002",162607,,,," ",7,"GLP",16.53,1.03,1.21,16.95,3.05,20.00,,,,,,,"LTR"
"B","25-10-2019","2019-10-25 00:00:00 -0500",1,99,"B002",162606,,,," ",7,"GLP",8.26,1.03,1.21,8.47,1.53,10.00,,,,,,,"LTR"
"B","25-10-2019","2019-10-25 00:00:00 -0500",1,99,"B002",162605,,,," ",7,"GLP",10.5,1.03,1.21,10.76,1.94,12.70,,,,,,,"LTR"
"B","25-10-2019","2019-10-25 00:00:00 -0500",1,99,"B002",162604,,,," ",7,"GLP",4.13,1.03,1.21,4.24,0.76,5.00,,,,,,,"LTR"
"B","25-10-2019","2019-10-25 00:00:00 -0500",1,99,"B002",162603,,,," ",7,"GLP",16.53,1.03,1.21,16.95,3.05,20.00,,,,,,,"LTR"
"B","25-10-2019","2019-10-25 00:00:00 -0500",1,99,"B002",162602,,,," ",7,"GLP",12.15,1.03,1.21,12.46,2.24,14.70,,,,,,,"LTR"
"B","25-10-2019","2019-10-25 00:00:00 -0500",1,99,"B002",162601,,,," ",7,"GLP",8.26,1.03,1.21,8.47,1.53,10.00,,,,,,,"LTR"
"B","25-10-2019","2019-10-25 00:00:00 -0500",1,99,"B002",162600,,,," ",7,"GLP",8.26,1.03,1.21,8.47,1.53,10.00,,,,,,,"LTR"
"B","25-10-2019","2019-10-25 00:00:00 -0500",1,99,"B002",162599,,,," ",7,"GLP",4.13,1.03,1.21,4.24,0.76,5.00,,,,,,,"LTR"
"B","25-10-2019","2019-10-25 00:00:00 -0500",1,99,"B002",162598,,,," ",7,"GLP",8.26,1.03,1.21,8.47,1.53,10.00,,,,,,,"LTR"
"B","25-10-2019","2019-10-25 00:00:00 -0500",1,99,"B002",162597,,,," ",7,"GLP",6.61,1.03,1.21,6.78,1.22,8.00,,,,,,,"LTR"
"B","25-10-2019","2019-10-25 00:00:00 -0500",1,99,"B002",162596,,,," ",7,"GLP",4.13,1.03,1.21,4.24,0.76,5.00,,,,,,,"LTR"
"B","25-10-2019","2019-10-25 00:00:00 -0500",1,99,"B002",162595,,,," ",7,"GLP",10.49,1.03,1.21,10.75,1.94,12.69,,,,,,,"LTR"
"B","25-10-2019","2019-10-25 00:00:00 -0500",1,99,"B002",162594,,,," ",7,"GLP",6.61,1.03,1.21,6.78,1.22,8.00,,,,,,,"LTR"
"B","25-10-2019","2019-10-25 00:00:00 -0500",1,99,"B002",162593,,,," ",7,"GLP",8.26,1.03,1.21,8.47,1.53,10.00,,,,,,,"LTR"
"B","25-10-2019","2019-10-25 00:00:00 -0500",1,99,"B002",162592,,,," ",7,"GLP",8.26,1.03,1.21,8.47,1.53,10.00,,,,,,,"LTR"
"B","25-10-2019","2019-10-25 00:00:00 -0500",1,99,"B002",162591,,,," ",7,"GLP",8.26,1.03,1.21,8.47,1.53,10.00,,,,,,,"LTR"
"B","25-10-2019","2019-10-25 00:00:00 -0500",1,99,"B002",162590,,,," ",7,"GLP",5.79,1.03,1.21,5.93,1.07,7.00,,,,,,,"LTR"
"B","25-10-2019","2019-10-25 00:00:00 -0500",1,99,"B002",162589,,,," ",7,"GLP",5.79,1.03,1.21,5.93,1.07,7.00,,,,,,,"LTR"
"B","25-10-2019","2019-10-25 00:00:00 -0500",1,99,"B002",162588,,,," ",7,"GLP",6.61,1.03,1.21,6.78,1.22,8.00,,,,,,,"LTR"
"B","25-10-2019","2019-10-25 00:00:00 -0500",1,99,"B002",162587,,,," ",7,"GLP",8.51,1.03,1.21,8.73,1.57,10.30,,,,,,,"LTR"
"B","25-10-2019","2019-10-25 00:00:00 -0500",1,99,"B002",162586,,,," ",7,"GLP",4.13,1.03,1.21,4.24,0.76,5.00,,,,,,,"LTR"
"B","25-10-2019","2019-10-25 00:00:00 -0500",1,99,"B002",162585,,,," ",7,"GLP",8.84,1.03,1.21,9.07,1.63,10.70,,,,,,,"LTR"
"B","25-10-2019","2019-10-25 00:00:00 -0500",1,99,"B002",162584,,,," ",7,"GLP",14.05,1.03,1.21,14.41,2.59,17.00,,,,,,,"LTR"
"B","25-10-2019","2019-10-25 00:00:00 -0500",1,99,"B002",162583,,,," ",7,"GLP",10.55,1.03,1.21,10.81,1.95,12.76,,,,,,,"LTR"
"B","25-10-2019","2019-10-25 00:00:00 -0500",1,99,"B002",162582,,,," ",7,"GLP",4.13,1.03,1.21,4.24,0.76,5.00,,,,,,,"LTR"
"B","25-10-2019","2019-10-25 00:00:00 -0500",1,99,"B002",162581,,,," ",7,"GLP",14.88,1.03,1.21,15.25,2.75,18.00,,,,,,,"LTR"
"B","25-10-2019","2019-10-25 00:00:00 -0500",1,99,"B002",162580,,,," ",7,"GLP",11.57,1.03,1.21,11.86,2.14,14.00,,,,,,,"LTR"
"B","25-10-2019","2019-10-25 00:00:00 -0500",1,99,"B002",162579,,,," ",7,"GLP",4.13,1.03,1.21,4.24,0.76,5.00,,,,,,,"LTR"
"B","25-10-2019","2019-10-25 00:00:00 -0500",1,99,"B002",162578,,,," ",7,"GLP",15.7,1.03,1.21,16.10,2.90,19.00,,,,,,,"LTR"
"B","25-10-2019","2019-10-25 00:00:00 -0500",1,99,"B002",162577,,,," ",7,"GLP",6.61,1.03,1.21,6.78,1.22,8.00,,,,,,,"LTR"
"B","25-10-2019","2019-10-25 00:00:00 -0500",1,99,"B002",162576,,,," ",7,"GLP",5.37,1.03,1.21,5.51,0.99,6.50,,,,,,,"LTR"
"B","25-10-2019","2019-10-25 00:00:00 -0500",1,99,"B002",162575,,,," ",7,"GLP",7.19,1.03,1.21,7.37,1.33,8.70,,,,,,,"LTR"
"B","25-10-2019","2019-10-25 00:00:00 -0500",1,99,"B002",162574,,,," ",7,"GLP",4.13,1.03,1.21,4.24,0.76,5.00,,,,,,,"LTR"
"B","25-10-2019","2019-10-25 00:00:00 -0500",1,99,"B002",162573,,,," ",7,"GLP",6.61,1.03,1.21,6.78,1.22,8.00,,,,,,,"LTR"
"B","25-10-2019","2019-10-25 00:00:00 -0500",1,99,"B002",162572,,,," ",7,"GLP",17.31,1.03,1.21,17.75,3.19,20.94,,,,,,,"LTR"
"B","25-10-2019","2019-10-25 00:00:00 -0500",1,99,"B002",162571,,,," ",7,"GLP",7.44,1.03,1.21,7.63,1.37,9.00,,,,,,,"LTR"
"B","25-10-2019","2019-10-25 00:00:00 -0500",1,99,"B002",162570,,,," ",7,"GLP",7.93,1.03,1.21,8.14,1.46,9.60,,,,,,,"LTR"
"B","25-10-2019","2019-10-25 00:00:00 -0500",1,99,"B002",162569,,,," ",7,"GLP",8.26,1.03,1.21,8.47,1.53,10.00,,,,,,,"LTR"
"B","25-10-2019","2019-10-25 00:00:00 -0500",1,99,"B002",162568,,,," ",7,"GLP",8.26,1.03,1.21,8.47,1.53,10.00,,,,,,,"LTR"
"B","25-10-2019","2019-10-25 00:00:00 -0500",1,99,"B002",162567,,,," ",7,"GLP",30.57,1.03,1.21,31.35,5.64,36.99,,,,,,,"LTR"
"B","25-10-2019","2019-10-25 00:00:00 -0500",1,99,"B002",162566,,,," ",7,"GLP",8.26,1.03,1.21,8.47,1.53,10.00,,,,,,,"LTR"
"B","25-10-2019","2019-10-25 00:00:00 -0500",1,99,"B002",162565,,,," ",7,"GLP",14.88,1.03,1.21,15.25,2.75,18.00,,,,,,,"LTR"
"B","25-10-2019","2019-10-25 00:00:00 -0500",1,99,"B002",162564,,,," ",7,"GLP",8.26,1.03,1.21,8.47,1.53,10.00,,,,,,,"LTR"
"B","25-10-2019","2019-10-25 00:00:00 -0500",1,99,"B002",162563,,,," ",7,"GLP",4.96,1.03,1.21,5.08,0.92,6.00,,,,,,,"LTR"
"B","25-10-2019","2019-10-25 00:00:00 -0500",1,99,"B002",162562,,,," ",7,"GLP",8.26,1.03,1.21,8.47,1.53,10.00,,,,,,,"LTR"
"B","25-10-2019","2019-10-25 00:00:00 -0500",1,99,"B002",162561,,,," ",7,"GLP",15.7,1.03,1.21,16.10,2.90,19.00,,,,,,,"LTR"
"B","25-10-2019","2019-10-25 00:00:00 -0500",1,99,"B002",162560,,,," ",7,"GLP",5.79,1.03,1.21,5.93,1.07,7.00,,,,,,,"LTR"
"B","25-10-2019","2019-10-25 00:00:00 -0500",1,99,"B002",162559,,,," ",7,"GLP",6.61,1.03,1.21,6.78,1.22,8.00,,,,,,,"LTR"
"B","25-10-2019","2019-10-25 00:00:00 -0500",1,99,"B002",162558,,,," ",7,"GLP",4.96,1.03,1.21,5.08,0.92,6.00,,,,,,,"LTR"
"B","25-10-2019","2019-10-25 00:00:00 -0500",1,99,"B002",162557,,,," ",7,"GLP",8.26,1.03,1.21,8.47,1.53,10.00,,,,,,,"LTR"
"B","25-10-2019","2019-10-25 00:00:00 -0500",1,99,"B002",162556,,,," ",7,"GLP",4.13,1.03,1.21,4.24,0.76,5.00,,,,,,,"LTR"
"B","25-10-2019","2019-10-25 00:00:00 -0500",1,99,"B002",162555,,,," ",7,"GLP",5.79,1.03,1.21,5.93,1.07,7.00,,,,,,,"LTR"
"B","25-10-2019","2019-10-25 00:00:00 -0500",1,99,"B002",162554,,,," ",7,"GLP",6.61,1.03,1.21,6.78,1.22,8.00,,,,,,,"LTR"
"B","25-10-2019","2019-10-25 00:00:00 -0500",1,99,"B002",162553,,,," ",7,"GLP",8.26,1.03,1.21,8.47,1.53,10.00,,,,,,,"LTR"
"B","25-10-2019","2019-10-25 00:00:00 -0500",1,99,"B002",162552,,,," ",7,"GLP",9.92,1.03,1.21,10.17,1.83,12.00,,,,,,,"LTR"
"B","25-10-2019","2019-10-25 00:00:00 -0500",1,99,"B002",162551,,,," ",7,"GLP",24.79,1.03,1.21,25.42,4.58,30.00,,,,,,,"LTR"
"B","25-10-2019","2019-10-25 00:00:00 -0500",1,99,"B002",162550,,,," ",7,"GLP",8.26,1.03,1.21,8.47,1.53,10.00,,,,,,,"LTR"
"B","25-10-2019","2019-10-25 00:00:00 -0500",1,99,"B002",162549,,,," ",7,"GLP",4.13,1.03,1.21,4.24,0.76,5.00,,,,,,,"LTR"
"B","25-10-2019","2019-10-25 00:00:00 -0500",1,99,"B002",162548,,,," ",7,"GLP",4.96,1.03,1.21,5.08,0.92,6.00,,,,,,,"LTR"
"B","25-10-2019","2019-10-25 00:00:00 -0500",1,99,"B002",162547,,,," ",7,"GLP",4.13,1.03,1.21,4.24,0.76,5.00,,,,,,,"LTR"
"B","25-10-2019","2019-10-25 00:00:00 -0500",1,99,"B002",162546,,,," ",7,"GLP",5.79,1.03,1.21,5.93,1.07,7.00,,,,,,,"LTR"
"B","25-10-2019","2019-10-25 00:00:00 -0500",1,99,"B002",162545,,,," ",7,"GLP",4.13,1.03,1.21,4.24,0.76,5.00,,,,,,,"LTR"
"B","25-10-2019","2019-10-25 00:00:00 -0500",1,99,"B002",162544,,,," ",7,"GLP",3.31,1.03,1.21,3.39,0.61,4.00,,,,,,,"LTR"
"B","25-10-2019","2019-10-25 00:00:00 -0500",1,99,"B002",162543,,,," ",7,"GLP",4.96,1.03,1.21,5.08,0.92,6.00,,,,,,,"LTR"
"B","25-10-2019","2019-10-25 00:00:00 -0500",1,99,"B002",162542,,,," ",7,"GLP",11.81,1.03,1.21,12.11,2.18,14.29,,,,,,,"LTR"
"B","25-10-2019","2019-10-25 00:00:00 -0500",1,99,"B002",162541,,,," ",7,"GLP",7.27,1.03,1.21,7.46,1.34,8.80,,,,,,,"LTR"
"B","25-10-2019","2019-10-25 00:00:00 -0500",1,99,"B002",162540,,,," ",7,"GLP",6.11,1.03,1.21,6.26,1.13,7.39,,,,,,,"LTR"
"B","25-10-2019","2019-10-25 00:00:00 -0500",1,99,"B002",162539,,,," ",7,"GLP",8.26,1.03,1.21,8.47,1.53,10.00,,,,,,,"LTR"
"B","25-10-2019","2019-10-25 00:00:00 -0500",1,99,"B002",162538,,,," ",7,"GLP",8.26,1.03,1.21,8.47,1.53,10.00,,,,,,,"LTR"
"B","25-10-2019","2019-10-25 00:00:00 -0500",1,99,"B002",162537,,,," ",7,"GLP",4.13,1.03,1.21,4.24,0.76,5.00,,,,,,,"LTR"
"B","25-10-2019","2019-10-25 00:00:00 -0500",1,99,"B002",162536,,,," ",7,"GLP",8.26,1.03,1.21,8.47,1.53,10.00,,,,,,,"LTR"
"B","25-10-2019","2019-10-25 00:00:00 -0500",1,99,"B002",162535,,,," ",7,"GLP",8.26,1.03,1.21,8.47,1.53,10.00,,,,,,,"LTR"
"B","25-10-2019","2019-10-25 00:00:00 -0500",1,99,"B002",162534,,,," ",7,"GLP",8.26,1.03,1.21,8.47,1.53,10.00,,,,,,,"LTR"
"B","25-10-2019","2019-10-25 00:00:00 -0500",1,99,"B002",162533,,,," ",7,"GLP",8.26,1.03,1.21,8.47,1.53,10.00,,,,,,,"LTR"
"B","25-10-2019","2019-10-25 00:00:00 -0500",1,99,"B002",162532,,,," ",7,"GLP",4.13,1.03,1.21,4.24,0.76,5.00,,,,,,,"LTR"
"B","25-10-2019","2019-10-25 00:00:00 -0500",1,99,"B002",162531,,,," ",7,"GLP",4.05,1.03,1.21,4.15,0.75,4.90,,,,,,,"LTR"
"B","25-10-2019","2019-10-25 00:00:00 -0500",1,99,"B002",162530,,,," ",7,"GLP",20.66,1.03,1.21,21.19,3.81,25.00,,,,,,,"LTR"
"B","25-10-2019","2019-10-25 00:00:00 -0500",1,99,"B002",162529,,,," ",7,"GLP",7.85,1.03,1.21,8.05,1.45,9.50,,,,,,,"LTR"
"B","25-10-2019","2019-10-25 00:00:00 -0500",1,99,"B002",162528,,,," ",7,"GLP",12.4,1.03,1.21,12.71,2.29,15.00,,,,,,,"LTR"
"B","25-10-2019","2019-10-25 00:00:00 -0500",1,99,"B002",162527,,,," ",7,"GLP",9.92,1.03,1.21,10.17,1.83,12.00,,,,,,,"LTR"
"B","25-10-2019","2019-10-25 00:00:00 -0500",1,99,"B002",162526,,,," ",7,"GLP",4.13,1.03,1.21,4.24,0.76,5.00,,,,,,,"LTR"
"B","25-10-2019","2019-10-25 00:00:00 -0500",1,99,"B002",162525,,,," ",7,"GLP",15.95,1.03,1.21,16.36,2.94,19.30,,,,,,,"LTR"
"B","25-10-2019","2019-10-25 00:00:00 -0500",1,99,"B002",162524,,,," ",7,"GLP",24.79,1.03,1.21,25.42,4.58,30.00,,,,,,,"LTR"
"B","25-10-2019","2019-10-25 00:00:00 -0500",1,99,"B002",162523,,,," ",7,"GLP",8.26,1.03,1.21,8.47,1.53,10.00,,,,,,,"LTR"
"B","25-10-2019","2019-10-25 00:00:00 -0500",1,99,"B002",162522,,,," ",7,"GLP",8.26,1.03,1.21,8.47,1.53,10.00,,,,,,,"LTR"
"B","25-10-2019","2019-10-25 00:00:00 -0500",1,99,"B002",162521,,,," ",7,"GLP",6.61,1.03,1.21,6.78,1.22,8.00,,,,,,,"LTR"
"B","25-10-2019","2019-10-25 00:00:00 -0500",1,99,"B002",162520,,,," ",7,"GLP",8.26,1.03,1.21,8.47,1.53,10.00,,,,,,,"LTR"
"B","25-10-2019","2019-10-25 00:00:00 -0500",1,99,"B002",162519,,,," ",7,"GLP",8.26,1.03,1.21,8.47,1.53,10.00,,,,,,,"LTR"
"B","25-10-2019","2019-10-25 00:00:00 -0500",1,99,"B002",162518,,,," ",7,"GLP",16.53,1.03,1.21,16.95,3.05,20.00,,,,,,,"LTR"
"B","25-10-2019","2019-10-25 00:00:00 -0500",1,99,"B002",162517,,,," ",7,"GLP",3.31,1.03,1.21,3.39,0.61,4.00,,,,,,,"LTR"
"B","25-10-2019","2019-10-25 00:00:00 -0500",1,99,"B002",162516,,,," ",7,"GLP",4.96,1.03,1.21,5.08,0.92,6.00,,,,,,,"LTR"
"B","25-10-2019","2019-10-25 00:00:00 -0500",1,99,"B002",162515,,,," ",7,"GLP",4.96,1.03,1.21,5.08,0.92,6.00,,,,,,,"LTR"
"B","25-10-2019","2019-10-25 00:00:00 -0500",1,99,"B002",162514,,,," ",7,"GLP",5.79,1.03,1.21,5.93,1.07,7.00,,,,,,,"LTR"
"B","25-10-2019","2019-10-25 00:00:00 -0500",1,99,"B002",162513,,,," ",7,"GLP",4.13,1.03,1.21,4.24,0.76,5.00,,,,,,,"LTR"
"B","25-10-2019","2019-10-25 00:00:00 -0500",1,99,"B002",162512,,,," ",7,"GLP",4.96,1.03,1.21,5.08,0.92,6.00,,,,,,,"LTR"
"B","25-10-2019","2019-10-25 00:00:00 -0500",1,99,"B002",162511,,,," ",7,"GLP",9.09,1.03,1.21,9.32,1.68,11.00,,,,,,,"LTR"
"B","25-10-2019","2019-10-25 00:00:00 -0500",1,99,"B002",162510,,,," ",7,"GLP",4.13,1.03,1.21,4.24,0.76,5.00,,,,,,,"LTR"
"B","25-10-2019","2019-10-25 00:00:00 -0500",1,99,"B002",162509,,,," ",7,"GLP",4.13,1.03,1.21,4.24,0.76,5.00,,,,,,,"LTR"
"B","25-10-2019","2019-10-25 00:00:00 -0500",1,99,"B002",162508,,,," ",7,"GLP",2.48,1.03,1.21,2.54,0.46,3.00,,,,,,,"LTR"
"B","25-10-2019","2019-10-25 00:00:00 -0500",1,99,"B002",162507,,,," ",7,"GLP",4.13,1.03,1.21,4.24,0.76,5.00,,,,,,,"LTR"
"B","25-10-2019","2019-10-25 00:00:00 -0500",1,99,"B002",162506,,,," ",7,"GLP",17.03,1.03,1.21,17.46,3.14,20.60,,,,,,,"LTR"
"B","25-10-2019","2019-10-25 00:00:00 -0500",1,99,"B002",162505,,,," ",7,"GLP",4.13,1.03,1.21,4.24,0.76,5.00,,,,,,,"LTR"
"B","25-10-2019","2019-10-25 00:00:00 -0500",1,99,"B002",162504,,,," ",7,"GLP",4.13,1.03,1.21,4.24,0.76,5.00,,,,,,,"LTR"
"B","25-10-2019","2019-10-25 00:00:00 -0500",1,99,"B002",162503,,,," ",7,"GLP",5.79,1.03,1.21,5.93,1.07,7.00,,,,,,,"LTR"
"B","25-10-2019","2019-10-25 00:00:00 -0500",1,99,"B002",162502,,,," ",7,"GLP",19.25,1.03,1.21,19.74,3.55,23.29,,,,,,,"LTR"
"B","25-10-2019","2019-10-25 00:00:00 -0500",1,99,"B002",162501,,,," ",7,"GLP",4.13,1.03,1.21,4.24,0.76,5.00,,,,,,,"LTR"
"B","25-10-2019","2019-10-25 00:00:00 -0500",1,99,"B002",162500,,,," ",7,"GLP",8.26,1.03,1.21,8.47,1.53,10.00,,,,,,,"LTR"
"B","25-10-2019","2019-10-25 00:00:00 -0500",1,99,"B002",162499,,,," ",7,"GLP",8.26,1.03,1.21,8.47,1.53,10.00,,,,,,,"LTR"
"B","25-10-2019","2019-10-25 00:00:00 -0500",1,99,"B002",162498,,,," ",7,"GLP",8.26,1.03,1.21,8.47,1.53,10.00,,,,,,,"LTR"
"B","25-10-2019","2019-10-25 00:00:00 -0500",1,99,"B002",162497,,,," ",7,"GLP",7.27,1.03,1.21,7.46,1.34,8.80,,,,,,,"LTR"
"B","25-10-2019","2019-10-25 00:00:00 -0500",1,99,"B002",162496,,,," ",7,"GLP",5.79,1.03,1.21,5.93,1.07,7.00,,,,,,,"LTR"
"B","25-10-2019","2019-10-25 00:00:00 -0500",1,99,"B002",162495,,,," ",7,"GLP",8.26,1.03,1.21,8.47,1.53,10.00,,,,,,,"LTR"
"B","25-10-2019","2019-10-25 00:00:00 -0500",1,99,"B002",162494,,,," ",7,"GLP",8.26,1.03,1.21,8.47,1.53,10.00,,,,,,,"LTR"
"B","25-10-2019","2019-10-25 00:00:00 -0500",1,99,"B002",162493,,,," ",7,"GLP",5.79,1.03,1.21,5.93,1.07,7.00,,,,,,,"LTR"
"B","25-10-2019","2019-10-25 00:00:00 -0500",1,99,"B002",162492,,,," ",7,"GLP",7.93,1.03,1.21,8.14,1.46,9.60,,,,,,,"LTR"
"B","25-10-2019","2019-10-25 00:00:00 -0500",1,99,"B002",162491,,,," ",7,"GLP",9.09,1.03,1.21,9.32,1.68,11.00,,,,,,,"LTR"
"B","25-10-2019","2019-10-25 00:00:00 -0500",1,99,"B002",162490,,,," ",7,"GLP",8.26,1.03,1.21,8.47,1.53,10.00,,,,,,,"LTR"
"B","25-10-2019","2019-10-25 00:00:00 -0500",1,99,"B002",162489,,,," ",7,"GLP",12.4,1.03,1.21,12.71,2.29,15.00,,,,,,,"LTR"
"B","25-10-2019","2019-10-25 00:00:00 -0500",1,99,"B002",162488,,,," ",2,"Gasohol 90",1.58,10.75,12.69,16.95,3.05,20.00,,,,,,,"GLL"
"B","25-10-2019","2019-10-25 00:00:00 -0500",1,99,"B002",162487,,,," ",7,"GLP",8.26,1.03,1.21,8.47,1.53,10.00,,,,,,,"LTR"
"B","25-10-2019","2019-10-25 00:00:00 -0500",1,99,"B002",162486,,,," ",7,"GLP",10.45,1.03,1.21,10.71,1.93,12.64,,,,,,,"LTR"
"B","25-10-2019","2019-10-25 00:00:00 -0500",1,99,"B002",162485,,,," ",7,"GLP",8.26,1.03,1.21,8.47,1.53,10.00,,,,,,,"LTR"
"B","25-10-2019","2019-10-25 00:00:00 -0500",1,99,"B002",162484,,,," ",7,"GLP",4.13,1.03,1.21,4.24,0.76,5.00,,,,,,,"LTR"
"B","25-10-2019","2019-10-25 00:00:00 -0500",1,99,"B002",162483,,,," ",7,"GLP",8.26,1.03,1.21,8.47,1.53,10.00,,,,,,,"LTR"
"B","25-10-2019","2019-10-25 00:00:00 -0500",1,99,"B002",162482,,,," ",7,"GLP",9.92,1.03,1.21,10.17,1.83,12.00,,,,,,,"LTR"
"B","25-10-2019","2019-10-25 00:00:00 -0500",1,99,"B002",162481,,,," ",7,"GLP",10.16,1.03,1.21,10.42,1.87,12.29,,,,,,,"LTR"
"B","25-10-2019","2019-10-25 00:00:00 -0500",1,99,"B002",162480,,,," ",7,"GLP",16.78,1.03,1.21,17.20,3.10,20.30,,,,,,,"LTR"
"B","25-10-2019","2019-10-25 00:00:00 -0500",1,99,"B002",162479,,,," ",7,"GLP",5.29,1.03,1.21,5.42,0.98,6.40,,,,,,,"LTR"
"B","25-10-2019","2019-10-25 00:00:00 -0500",1,99,"B002",162478,,,," ",7,"GLP",8.68,1.03,1.21,8.90,1.60,10.50,,,,,,,"LTR"
"B","25-10-2019","2019-10-25 00:00:00 -0500",1,99,"B002",162477,,,," ",7,"GLP",6.61,1.03,1.21,6.78,1.22,8.00,,,,,,,"LTR"
"B","25-10-2019","2019-10-25 00:00:00 -0500",1,99,"B002",162476,,,," ",7,"GLP",8.26,1.03,1.21,8.47,1.53,10.00,,,,,,,"LTR"
"B","25-10-2019","2019-10-25 00:00:00 -0500",1,99,"B002",162475,,,," ",7,"GLP",8.26,1.03,1.21,8.47,1.53,10.00,,,,,,,"LTR"
"B","25-10-2019","2019-10-25 00:00:00 -0500",1,99,"B002",162474,,,," ",7,"GLP",8.26,1.03,1.21,8.47,1.53,10.00,,,,,,,"LTR"
"B","25-10-2019","2019-10-25 00:00:00 -0500",1,99,"B002",162473,,,," ",7,"GLP",16.53,1.03,1.21,16.95,3.05,20.00,,,,,,,"LTR"
"B","25-10-2019","2019-10-25 00:00:00 -0500",1,99,"B002",162472,,,," ",7,"GLP",8.26,1.03,1.21,8.47,1.53,10.00,,,,,,,"LTR"
"B","25-10-2019","2019-10-25 00:00:00 -0500",1,99,"B002",162471,,,," ",7,"GLP",8.26,1.03,1.21,8.47,1.53,10.00,,,,,,,"LTR"
"B","25-10-2019","2019-10-25 00:00:00 -0500",1,99,"B002",162470,,,," ",7,"GLP",4.13,1.03,1.21,4.24,0.76,5.00,,,,,,,"LTR"
"B","25-10-2019","2019-10-25 00:00:00 -0500",1,99,"B002",162469,,,," ",7,"GLP",12.4,1.03,1.21,12.71,2.29,15.00,,,,,,,"LTR"
"B","25-10-2019","2019-10-25 00:00:00 -0500",1,99,"B002",162468,,,," ",7,"GLP",9.5,1.03,1.21,9.75,1.75,11.50,,,,,,,"LTR"
"B","25-10-2019","2019-10-25 00:00:00 -0500",1,99,"B002",162467,,,," ",7,"GLP",9.93,1.03,1.21,10.18,1.83,12.01,,,,,,,"LTR"
"B","25-10-2019","2019-10-25 00:00:00 -0500",1,99,"B002",162466,,,," ",7,"GLP",4.96,1.03,1.21,5.08,0.92,6.00,,,,,,,"LTR"
"B","25-10-2019","2019-10-25 00:00:00 -0500",1,99,"B002",162465,,,," ",7,"GLP",5.79,1.03,1.21,5.93,1.07,7.00,,,,,,,"LTR"
"B","25-10-2019","2019-10-25 00:00:00 -0500",1,99,"B002",162464,,,," ",7,"GLP",8.26,1.03,1.21,8.47,1.53,10.00,,,,,,,"LTR"
"B","25-10-2019","2019-10-25 00:00:00 -0500",1,99,"B002",162463,,,," ",7,"GLP",4.96,1.03,1.21,5.08,0.92,6.00,,,,,,,"LTR"
"B","25-10-2019","2019-10-25 00:00:00 -0500",1,99,"B002",162462,,,," ",7,"GLP",4.96,1.03,1.21,5.08,0.92,6.00,,,,,,,"LTR"
"B","25-10-2019","2019-10-25 00:00:00 -0500",1,99,"B002",162461,,,," ",7,"GLP",9.92,1.03,1.21,10.17,1.83,12.00,,,,,,,"LTR"
"B","25-10-2019","2019-10-25 00:00:00 -0500",1,99,"B002",162460,,,," ",7,"GLP",5.63,1.03,1.21,5.77,1.04,6.81,,,,,,,"LTR"
"B","25-10-2019","2019-10-25 00:00:00 -0500",1,99,"B002",162459,,,," ",7,"GLP",12.4,1.03,1.21,12.71,2.29,15.00,,,,,,,"LTR"
"B","25-10-2019","2019-10-25 00:00:00 -0500",1,99,"B002",162458,,,," ",7,"GLP",16.53,1.03,1.21,16.95,3.05,20.00,,,,,,,"LTR"
"B","25-10-2019","2019-10-25 00:00:00 -0500",1,99,"B002",162457,,,," ",7,"GLP",4.13,1.03,1.21,4.24,0.76,5.00,,,,,,,"LTR"
"B","25-10-2019","2019-10-25 00:00:00 -0500",1,99,"B002",162456,,,," ",7,"GLP",5.79,1.03,1.21,5.93,1.07,7.00,,,,,,,"LTR"
"B","25-10-2019","2019-10-25 00:00:00 -0500",1,99,"B002",162455,,,," ",7,"GLP",12.4,1.03,1.21,12.71,2.29,15.00,,,,,,,"LTR"
"B","25-10-2019","2019-10-25 00:00:00 -0500",1,99,"B002",162454,,,," ",7,"GLP",28.51,1.03,1.21,29.24,5.26,34.50,,,,,,,"LTR"
"B","25-10-2019","2019-10-25 00:00:00 -0500",1,99,"B002",162453,,,," ",7,"GLP",16.53,1.03,1.21,16.95,3.05,20.00,,,,,,,"LTR"
"B","25-10-2019","2019-10-25 00:00:00 -0500",1,99,"B002",162452,,,," ",7,"GLP",20.26,1.03,1.21,20.77,3.74,24.51,,,,,,,"LTR"
"B","25-10-2019","2019-10-25 00:00:00 -0500",1,99,"B002",162451,,,," ",7,"GLP",6.19,1.03,1.21,6.35,1.14,7.49,,,,,,,"LTR"
"B","25-10-2019","2019-10-25 00:00:00 -0500",1,99,"B002",162450,,,," ",2,"Gasohol 90",1.58,10.75,12.69,16.95,3.05,20.00,,,,,,,"GLL"
"B","25-10-2019","2019-10-25 00:00:00 -0500",1,99,"B002",162449,,,," ",7,"GLP",8.26,1.03,1.21,8.47,1.53,10.00,,,,,,,"LTR"
"B","25-10-2019","2019-10-25 00:00:00 -0500",1,99,"B002",162448,,,," ",7,"GLP",19.82,1.03,1.21,20.32,3.66,23.98,,,,,,,"LTR"
"B","25-10-2019","2019-10-25 00:00:00 -0500",1,99,"B002",162447,,,," ",7,"GLP",8.26,1.03,1.21,8.47,1.53,10.00,,,,,,,"LTR"
"B","25-10-2019","2019-10-25 00:00:00 -0500",1,99,"B002",162446,,,," ",7,"GLP",7.28,1.03,1.21,7.47,1.34,8.81,,,,,,,"LTR"
"B","25-10-2019","2019-10-25 00:00:00 -0500",1,99,"B002",162445,,,," ",7,"GLP",7.44,1.03,1.21,7.63,1.37,9.00,,,,,,,"LTR"
"B","25-10-2019","2019-10-25 00:00:00 -0500",1,99,"B002",162444,,,," ",7,"GLP",7.6,1.03,1.21,7.79,1.40,9.19,,,,,,,"LTR"
"B","25-10-2019","2019-10-25 00:00:00 -0500",1,99,"B002",162443,,,," ",7,"GLP",4.96,1.03,1.21,5.08,0.92,6.00,,,,,,,"LTR"
"B","25-10-2019","2019-10-25 00:00:00 -0500",1,99,"B002",162442,,,," ",7,"GLP",8.26,1.03,1.21,8.47,1.53,10.00,,,,,,,"LTR"
"B","25-10-2019","2019-10-25 00:00:00 -0500",1,99,"B002",162441,,,," ",7,"GLP",12.4,1.03,1.21,12.71,2.29,15.00,,,,,,,"LTR"
"B","25-10-2019","2019-10-25 00:00:00 -0500",1,99,"B002",162440,,,," ",7,"GLP",8.84,1.03,1.21,9.07,1.63,10.70,,,,,,,"LTR"
"B","25-10-2019","2019-10-25 00:00:00 -0500",1,99,"B002",162439,,,," ",7,"GLP",6.61,1.03,1.21,6.78,1.22,8.00,,,,,,,"LTR"
"B","25-10-2019","2019-10-25 00:00:00 -0500",1,99,"B002",162438,,,," ",7,"GLP",9.09,1.03,1.21,9.32,1.68,11.00,,,,,,,"LTR"
"B","25-10-2019","2019-10-25 00:00:00 -0500",1,99,"B002",162437,,,," ",7,"GLP",4.96,1.03,1.21,5.08,0.92,6.00,,,,,,,"LTR"
"B","25-10-2019","2019-10-25 00:00:00 -0500",1,99,"B002",162436,,,," ",7,"GLP",8.26,1.03,1.21,8.47,1.53,10.00,,,,,,,"LTR"
"B","25-10-2019","2019-10-25 00:00:00 -0500",1,99,"B002",162435,,,," ",7,"GLP",8.26,1.03,1.21,8.47,1.53,10.00,,,,,,,"LTR"
"B","25-10-2019","2019-10-25 00:00:00 -0500",1,99,"B002",162434,,,," ",7,"GLP",5.79,1.03,1.21,5.93,1.07,7.00,,,,,,,"LTR"
"B","25-10-2019","2019-10-25 00:00:00 -0500",1,99,"B002",162433,,,," ",7,"GLP",8.26,1.03,1.21,8.47,1.53,10.00,,,,,,,"LTR"
"B","25-10-2019","2019-10-25 00:00:00 -0500",1,99,"B002",162432,,,," ",7,"GLP",4.96,1.03,1.21,5.08,0.92,6.00,,,,,,,"LTR"
"B","25-10-2019","2019-10-25 00:00:00 -0500",1,99,"B002",162431,,,," ",7,"GLP",6.61,1.03,1.21,6.78,1.22,8.00,,,,,,,"LTR"
"B","25-10-2019","2019-10-25 00:00:00 -0500",1,99,"B002",162430,,,," ",7,"GLP",13.15,1.03,1.21,13.48,2.43,15.91,,,,,,,"LTR"
"B","25-10-2019","2019-10-25 00:00:00 -0500",1,99,"B002",162429,,,," ",7,"GLP",12.4,1.03,1.21,12.71,2.29,15.00,,,,,,,"LTR"
"B","25-10-2019","2019-10-25 00:00:00 -0500",1,99,"B002",162428,,,," ",7,"GLP",39.69,1.03,1.21,40.69,7.33,48.02,,,,,,,"LTR"
"B","25-10-2019","2019-10-25 00:00:00 -0500",1,99,"B002",162427,,,," ",7,"GLP",8.26,1.03,1.21,8.47,1.53,10.00,,,,,,,"LTR"
"B","25-10-2019","2019-10-25 00:00:00 -0500",1,99,"B002",162426,,,," ",7,"GLP",4.13,1.03,1.21,4.24,0.76,5.00,,,,,,,"LTR"
"B","25-10-2019","2019-10-25 00:00:00 -0500",1,99,"B002",162425,,,," ",7,"GLP",8.26,1.03,1.21,8.47,1.53,10.00,,,,,,,"LTR"
"B","25-10-2019","2019-10-25 00:00:00 -0500",1,99,"B002",162424,,,," ",7,"GLP",8.26,1.03,1.21,8.47,1.53,10.00,,,,,,,"LTR"
"B","25-10-2019","2019-10-25 00:00:00 -0500",1,99,"B002",162423,,,," ",7,"GLP",8.26,1.03,1.21,8.47,1.53,10.00,,,,,,,"LTR"
"B","25-10-2019","2019-10-25 00:00:00 -0500",1,99,"B002",162422,,,," ",7,"GLP",8.26,1.03,1.21,8.47,1.53,10.00,,,,,,,"LTR"
"B","25-10-2019","2019-10-25 00:00:00 -0500",1,99,"B002",162421,,,," ",7,"GLP",6.61,1.03,1.21,6.78,1.22,8.00,,,,,,,"LTR"
"B","25-10-2019","2019-10-25 00:00:00 -0500",1,99,"B002",162420,,,," ",7,"GLP",5.04,1.03,1.21,5.17,0.93,6.10,,,,,,,"LTR"
"B","25-10-2019","2019-10-25 00:00:00 -0500",1,99,"B002",162419,,,," ",7,"GLP",2.48,1.03,1.21,2.54,0.46,3.00,,,,,,,"LTR"
"B","25-10-2019","2019-10-25 00:00:00 -0500",1,99,"B002",162418,,,," ",7,"GLP",8.26,1.03,1.21,8.47,1.53,10.00,,,,,,,"LTR"
"B","25-10-2019","2019-10-25 00:00:00 -0500",1,99,"B002",162417,,,," ",7,"GLP",2.48,1.03,1.21,2.54,0.46,3.00,,,,,,,"LTR"
"B","25-10-2019","2019-10-25 00:00:00 -0500",1,99,"B002",162416,,,," ",7,"GLP",4.13,1.03,1.21,4.24,0.76,5.00,,,,,,,"LTR"
"B","25-10-2019","2019-10-25 00:00:00 -0500",1,99,"B002",162415,,,," ",7,"GLP",5.21,1.03,1.21,5.34,0.96,6.30,,,,,,,"LTR"
"B","25-10-2019","2019-10-25 00:00:00 -0500",1,99,"B002",162414,,,," ",7,"GLP",13.22,1.03,1.21,13.56,2.44,16.00,,,,,,,"LTR"
"B","25-10-2019","2019-10-25 00:00:00 -0500",1,99,"B002",162413,,,," ",7,"GLP",13.22,1.03,1.21,13.56,2.44,16.00,,,,,,,"LTR"
"B","25-10-2019","2019-10-25 00:00:00 -0500",1,99,"B002",162412,,,," ",7,"GLP",4.13,1.03,1.21,4.24,0.76,5.00,,,,,,,"LTR"
"B","25-10-2019","2019-10-25 00:00:00 -0500",1,99,"B002",162411,,,," ",7,"GLP",13.6,1.03,1.21,13.94,2.51,16.45,,,,,,,"LTR"
"B","25-10-2019","2019-10-25 00:00:00 -0500",1,99,"B002",162410,,,," ",7,"GLP",4.13,1.03,1.21,4.24,0.76,5.00,,,,,,,"LTR"
"B","25-10-2019","2019-10-25 00:00:00 -0500",1,99,"B002",162409,,,," ",7,"GLP",4.96,1.03,1.21,5.08,0.92,6.00,,,,,,,"LTR"
"B","25-10-2019","2019-10-25 00:00:00 -0500",1,99,"B002",162408,,,," ",7,"GLP",8.26,1.03,1.21,8.47,1.53,10.00,,,,,,,"LTR"
"B","25-10-2019","2019-10-25 00:00:00 -0500",1,99,"B002",162407,,,," ",7,"GLP",4.13,1.03,1.21,4.24,0.76,5.00,,,,,,,"LTR"
"B","25-10-2019","2019-10-25 00:00:00 -0500",1,99,"B002",162406,,,," ",7,"GLP",25.62,1.03,1.21,26.27,4.73,31.00,,,,,,,"LTR"
"B","25-10-2019","2019-10-25 00:00:00 -0500",1,99,"B002",162405,,,," ",7,"GLP",8.26,1.03,1.21,8.47,1.53,10.00,,,,,,,"LTR"
"B","25-10-2019","2019-10-25 00:00:00 -0500",1,99,"B002",162404,,,," ",7,"GLP",3.64,1.03,1.21,3.73,0.67,4.40,,,,,,,"LTR"
"B","25-10-2019","2019-10-25 00:00:00 -0500",1,99,"B002",162403,,,," ",7,"GLP",5.79,1.03,1.21,5.93,1.07,7.00,,,,,,,"LTR"
"B","25-10-2019","2019-10-25 00:00:00 -0500",1,99,"B002",162402,,,," ",7,"GLP",5.89,1.03,1.21,6.04,1.09,7.13,,,,,,,"LTR"
"B","25-10-2019","2019-10-25 00:00:00 -0500",1,99,"B002",162401,,,," ",7,"GLP",33.06,1.03,1.21,33.90,6.10,40.00,,,,,,,"LTR"
"B","25-10-2019","2019-10-25 00:00:00 -0500",1,99,"B002",162400,,,," ",7,"GLP",7.03,1.03,1.21,7.20,1.30,8.50,,,,,,,"LTR"
"B","25-10-2019","2019-10-25 00:00:00 -0500",1,99,"B002",162399,,,," ",7,"GLP",8.26,1.03,1.21,8.47,1.53,10.00,,,,,,,"LTR"
"B","25-10-2019","2019-10-25 00:00:00 -0500",1,99,"B002",162398,,,," ",7,"GLP",7.53,1.03,1.21,7.72,1.39,9.11,,,,,,,"LTR"
"B","25-10-2019","2019-10-25 00:00:00 -0500",1,99,"B002",162397,,,," ",7,"GLP",10.66,1.03,1.21,10.93,1.97,12.90,,,,,,,"LTR"
"B","25-10-2019","2019-10-25 00:00:00 -0500",1,99,"B002",162396,,,," ",7,"GLP",4.13,1.03,1.21,4.24,0.76,5.00,,,,,,,"LTR"
"B","25-10-2019","2019-10-25 00:00:00 -0500",1,99,"B002",162395,,,," ",7,"GLP",22.29,1.03,1.21,22.86,4.11,26.97,,,,,,,"LTR"
"B","25-10-2019","2019-10-25 00:00:00 -0500",1,99,"B002",162394,,,," ",7,"GLP",16.53,1.03,1.21,16.95,3.05,20.00,,,,,,,"LTR"
"B","25-10-2019","2019-10-25 00:00:00 -0500",1,99,"B002",162393,,,," ",7,"GLP",13.22,1.03,1.21,13.56,2.44,16.00,,,,,,,"LTR"
"B","25-10-2019","2019-10-25 00:00:00 -0500",1,99,"B002",162392,,,," ",7,"GLP",8.26,1.03,1.21,8.47,1.53,10.00,,,,,,,"LTR"
"B","25-10-2019","2019-10-25 00:00:00 -0500",1,99,"B002",162391,,,," ",7,"GLP",20.66,1.03,1.21,21.19,3.81,25.00,,,,,,,"LTR"
"B","25-10-2019","2019-10-25 00:00:00 -0500",1,99,"B002",162390,,,," ",7,"GLP",5.79,1.03,1.21,5.93,1.07,7.00,,,,,,,"LTR"
"B","25-10-2019","2019-10-25 00:00:00 -0500",1,99,"B002",162389,,,," ",7,"GLP",8.26,1.03,1.21,8.47,1.53,10.00,,,,,,,"LTR"
"B","25-10-2019","2019-10-25 00:00:00 -0500",1,99,"B002",162388,,,," ",7,"GLP",10.41,1.03,1.21,10.68,1.92,12.60,,,,,,,"LTR"
"B","25-10-2019","2019-10-25 00:00:00 -0500",1,99,"B002",162387,,,," ",7,"GLP",8.26,1.03,1.21,8.47,1.53,10.00,,,,,,,"LTR"
"B","25-10-2019","2019-10-25 00:00:00 -0500",1,99,"B002",162386,,,," ",7,"GLP",4.13,1.03,1.21,4.24,0.76,5.00,,,,,,,"LTR"
"B","25-10-2019","2019-10-25 00:00:00 -0500",1,99,"B002",162385,,,," ",7,"GLP",8.26,1.03,1.21,8.47,1.53,10.00,,,,,,,"LTR"
"B","25-10-2019","2019-10-25 00:00:00 -0500",1,99,"B002",162384,,,," ",7,"GLP",9.09,1.03,1.21,9.32,1.68,11.00,,,,,,,"LTR"
"B","25-10-2019","2019-10-25 00:00:00 -0500",1,99,"B002",162383,,,," ",7,"GLP",5.79,1.03,1.21,5.93,1.07,7.00,,,,,,,"LTR"
"B","25-10-2019","2019-10-25 00:00:00 -0500",1,99,"B002",162382,,,," ",7,"GLP",8.26,1.03,1.21,8.47,1.53,10.00,,,,,,,"LTR"
"B","25-10-2019","2019-10-25 00:00:00 -0500",1,99,"B002",162381,,,," ",7,"GLP",7.44,1.03,1.21,7.63,1.37,9.00,,,,,,,"LTR"
"B","25-10-2019","2019-10-25 00:00:00 -0500",1,99,"B002",162380,,,," ",7,"GLP",15.45,1.03,1.21,15.84,2.85,18.69,,,,,,,"LTR"
"B","25-10-2019","2019-10-25 00:00:00 -0500",1,99,"B002",162379,,,," ",7,"GLP",4.13,1.03,1.21,4.24,0.76,5.00,,,,,,,"LTR"
"B","25-10-2019","2019-10-25 00:00:00 -0500",1,99,"B002",162378,,,," ",7,"GLP",4.03,1.03,1.21,4.13,0.74,4.87,,,,,,,"LTR"
"B","25-10-2019","2019-10-25 00:00:00 -0500",1,99,"B002",162377,,,," ",7,"GLP",8.26,1.03,1.21,8.47,1.53,10.00,,,,,,,"LTR"
"B","25-10-2019","2019-10-25 00:00:00 -0500",1,99,"B002",162376,,,," ",7,"GLP",4.13,1.03,1.21,4.24,0.76,5.00,,,,,,,"LTR"
"B","25-10-2019","2019-10-25 00:00:00 -0500",1,99,"B002",162375,,,," ",7,"GLP",4.13,1.03,1.21,4.24,0.76,5.00,,,,,,,"LTR"
"B","25-10-2019","2019-10-25 00:00:00 -0500",1,99,"B002",162374,,,," ",7,"GLP",8.26,1.03,1.21,8.47,1.53,10.00,,,,,,,"LTR"
"B","25-10-2019","2019-10-25 00:00:00 -0500",1,99,"B002",162373,,,," ",7,"GLP",4.13,1.03,1.21,4.24,0.76,5.00,,,,,,,"LTR"
"B","25-10-2019","2019-10-25 00:00:00 -0500",1,99,"B002",162372,,,," ",7,"GLP",8.26,1.03,1.21,8.47,1.53,10.00,,,,,,,"LTR"
"B","25-10-2019","2019-10-25 00:00:00 -0500",1,99,"B002",162371,,,," ",7,"GLP",7.85,1.03,1.21,8.05,1.45,9.50,,,,,,,"LTR"
"B","25-10-2019","2019-10-25 00:00:00 -0500",1,99,"B002",162370,,,," ",7,"GLP",4.13,1.03,1.21,4.24,0.76,5.00,,,,,,,"LTR"
"B","25-10-2019","2019-10-25 00:00:00 -0500",1,99,"B002",162369,,,," ",7,"GLP",4.13,1.03,1.21,4.24,0.76,5.00,,,,,,,"LTR"
"B","25-10-2019","2019-10-25 00:00:00 -0500",1,99,"B002",162368,,,," ",7,"GLP",8.26,1.03,1.21,8.47,1.53,10.00,,,,,,,"LTR"
"B","25-10-2019","2019-10-25 00:00:00 -0500",1,99,"B002",162367,,,," ",7,"GLP",18.18,1.03,1.21,18.64,3.36,22.00,,,,,,,"LTR"
"B","25-10-2019","2019-10-25 00:00:00 -0500",1,99,"B002",162366,,,," ",7,"GLP",13.22,1.03,1.21,13.56,2.44,16.00,,,,,,,"LTR"
"B","25-10-2019","2019-10-25 00:00:00 -0500",1,99,"B002",162365,,,," ",7,"GLP",5.79,1.03,1.21,5.93,1.07,7.00,,,,,,,"LTR"
"B","25-10-2019","2019-10-25 00:00:00 -0500",1,99,"B002",162364,,,," ",7,"GLP",9.5,1.03,1.21,9.75,1.75,11.50,,,,,,,"LTR"
"B","25-10-2019","2019-10-25 00:00:00 -0500",1,99,"B002",162363,,,," ",7,"GLP",6.61,1.03,1.21,6.78,1.22,8.00,,,,,,,"LTR"
"B","25-10-2019","2019-10-25 00:00:00 -0500",1,99,"B002",162362,,,," ",7,"GLP",8.26,1.03,1.21,8.47,1.53,10.00,,,,,,,"LTR"
"B","25-10-2019","2019-10-25 00:00:00 -0500",1,99,"B002",162361,,,," ",7,"GLP",4.13,1.03,1.21,4.24,0.76,5.00,,,,,,,"LTR"
"B","25-10-2019","2019-10-25 00:00:00 -0500",1,99,"B002",162360,,,," ",7,"GLP",9.5,1.03,1.21,9.75,1.75,11.50,,,,,,,"LTR"
"B","25-10-2019","2019-10-25 00:00:00 -0500",1,99,"B002",162359,,,," ",7,"GLP",6.44,1.03,1.21,6.60,1.19,7.79,,,,,,,"LTR"
"B","25-10-2019","2019-10-25 00:00:00 -0500",1,99,"B002",162358,,,," ",7,"GLP",16.53,1.03,1.21,16.95,3.05,20.00,,,,,,,"LTR"
"B","25-10-2019","2019-10-25 00:00:00 -0500",1,99,"B002",162357,,,," ",7,"GLP",30.58,1.03,1.21,31.36,5.64,37.00,,,,,,,"LTR"
"B","25-10-2019","2019-10-25 00:00:00 -0500",1,99,"B002",162356,,,," ",7,"GLP",16.53,1.03,1.21,16.95,3.05,20.00,,,,,,,"LTR"
"B","25-10-2019","2019-10-25 00:00:00 -0500",1,99,"B002",162355,,,," ",7,"GLP",6.19,1.03,1.21,6.35,1.14,7.49,,,,,,,"LTR"
"B","25-10-2019","2019-10-25 00:00:00 -0500",1,99,"B002",162354,,,," ",7,"GLP",4.13,1.03,1.21,4.24,0.76,5.00,,,,,,,"LTR"
"B","25-10-2019","2019-10-25 00:00:00 -0500",1,99,"B002",162353,,,," ",7,"GLP",8.26,1.03,1.21,8.47,1.53,10.00,,,,,,,"LTR"
"B","25-10-2019","2019-10-25 00:00:00 -0500",1,99,"B002",162352,,,," ",7,"GLP",10.74,1.03,1.21,11.02,1.98,13.00,,,,,,,"LTR"
"B","25-10-2019","2019-10-25 00:00:00 -0500",1,99,"B002",162351,,,," ",7,"GLP",24.79,1.03,1.21,25.42,4.58,30.00,,,,,,,"LTR"
"B","25-10-2019","2019-10-25 00:00:00 -0500",1,99,"B002",162350,,,," ",7,"GLP",10.74,1.03,1.21,11.02,1.98,13.00,,,,,,,"LTR"
"B","25-10-2019","2019-10-25 00:00:00 -0500",1,99,"B002",162349,,,," ",7,"GLP",5.79,1.03,1.21,5.93,1.07,7.00,,,,,,,"LTR"
"B","25-10-2019","2019-10-25 00:00:00 -0500",1,99,"B002",162348,,,," ",7,"GLP",4.13,1.03,1.21,4.24,0.76,5.00,,,,,,,"LTR"
"B","25-10-2019","2019-10-25 00:00:00 -0500",1,99,"B002",162347,,,," ",7,"GLP",24.79,1.03,1.21,25.42,4.58,30.00,,,,,,,"LTR"
"B","25-10-2019","2019-10-25 00:00:00 -0500",1,99,"B002",162346,,,," ",7,"GLP",4.96,1.03,1.21,5.08,0.92,6.00,,,,,,,"LTR"
"B","25-10-2019","2019-10-25 00:00:00 -0500",1,99,"B002",162345,,,," ",7,"GLP",4.96,1.03,1.21,5.08,0.92,6.00,,,,,,,"LTR"
"B","25-10-2019","2019-10-25 00:00:00 -0500",1,99,"B002",162344,,,," ",7,"GLP",8.26,1.03,1.21,8.47,1.53,10.00,,,,,,,"LTR"
"B","25-10-2019","2019-10-25 00:00:00 -0500",1,99,"B002",162343,,,," ",7,"GLP",6.95,1.03,1.21,7.13,1.28,8.41,,,,,,,"LTR"
"B","25-10-2019","2019-10-25 00:00:00 -0500",1,99,"B002",162342,,,," ",5,"DieselPro B5 S50 UV",2.53,10.03,11.84,25.42,4.58,30.00,,,,,,,"GLL"
"B","25-10-2019","2019-10-25 00:00:00 -0500",1,99,"B002",162341,,,," ",7,"GLP",12.4,1.03,1.21,12.71,2.29,15.00,,,,,,,"LTR"
"B","25-10-2019","2019-10-25 00:00:00 -0500",1,99,"B002",162340,,,," ",7,"GLP",12.4,1.03,1.21,12.71,2.29,15.00,,,,,,,"LTR"
"B","25-10-2019","2019-10-25 00:00:00 -0500",1,99,"B002",162339,,,," ",7,"GLP",7.85,1.03,1.21,8.05,1.45,9.50,,,,,,,"LTR"
"B","25-10-2019","2019-10-25 00:00:00 -0500",1,99,"B002",162338,,,," ",7,"GLP",5.94,1.03,1.21,6.09,1.10,7.19,,,,,,,"LTR"
"B","25-10-2019","2019-10-25 00:00:00 -0500",1,99,"B002",162337,,,," ",7,"GLP",4.13,1.03,1.21,4.24,0.76,5.00,,,,,,,"LTR"
"B","25-10-2019","2019-10-25 00:00:00 -0500",1,99,"B002",162336,,,," ",7,"GLP",4.13,1.03,1.21,4.24,0.76,5.00,,,,,,,"LTR"
"B","25-10-2019","2019-10-25 00:00:00 -0500",1,99,"B002",162335,,,," ",7,"GLP",4.96,1.03,1.21,5.08,0.92,6.00,,,,,,,"LTR"
"B","25-10-2019","2019-10-25 00:00:00 -0500",1,99,"B002",162334,,,," ",7,"GLP",5.79,1.03,1.21,5.93,1.07,7.00,,,,,,,"LTR"
"B","25-10-2019","2019-10-25 00:00:00 -0500",1,99,"B002",162333,,,," ",7,"GLP",8.26,1.03,1.21,8.47,1.53,10.00,,,,,,,"LTR"
"B","25-10-2019","2019-10-25 00:00:00 -0500",1,99,"B002",162332,,,," ",7,"GLP",5.79,1.03,1.21,5.93,1.07,7.00,,,,,,,"LTR"
"B","25-10-2019","2019-10-25 00:00:00 -0500",1,99,"B002",162331,,,," ",7,"GLP",6.61,1.03,1.21,6.78,1.22,8.00,,,,,,,"LTR"
"B","25-10-2019","2019-10-25 00:00:00 -0500",1,99,"B002",162330,,,," ",2,"Gasohol 90",0.79,10.75,12.69,8.47,1.53,10.00,,,,,,,"GLL"
"B","25-10-2019","2019-10-25 00:00:00 -0500",1,99,"B002",162329,,,," ",7,"GLP",8.26,1.03,1.21,8.47,1.53,10.00,,,,,,,"LTR"
"B","25-10-2019","2019-10-25 00:00:00 -0500",1,99,"B002",162328,,,," ",7,"GLP",10.74,1.03,1.21,11.02,1.98,13.00,,,,,,,"LTR"
"B","25-10-2019","2019-10-25 00:00:00 -0500",1,99,"B002",162327,,,," ",7,"GLP",4.13,1.03,1.21,4.24,0.76,5.00,,,,,,,"LTR"
"B","25-10-2019","2019-10-25 00:00:00 -0500",1,99,"B002",162326,,,," ",7,"GLP",4.13,1.03,1.21,4.24,0.76,5.00,,,,,,,"LTR"
"B","25-10-2019","2019-10-25 00:00:00 -0500",1,99,"B002",162325,,,," ",7,"GLP",11.57,1.03,1.21,11.86,2.14,14.00,,,,,,,"LTR"
"B","25-10-2019","2019-10-25 00:00:00 -0500",1,99,"B002",162324,,,," ",7,"GLP",8.26,1.03,1.21,8.47,1.53,10.00,,,,,,,"LTR"
"B","25-10-2019","2019-10-25 00:00:00 -0500",1,99,"B002",162323,,,," ",7,"GLP",4.13,1.03,1.21,4.24,0.76,5.00,,,,,,,"LTR"
"B","25-10-2019","2019-10-25 00:00:00 -0500",1,99,"B002",162322,,,," ",7,"GLP",5.79,1.03,1.21,5.93,1.07,7.00,,,,,,,"LTR"
"B","25-10-2019","2019-10-25 00:00:00 -0500",1,99,"B002",162321,,,," ",7,"GLP",2.48,1.03,1.21,2.54,0.46,3.00,,,,,,,"LTR"
"B","25-10-2019","2019-10-25 00:00:00 -0500",1,99,"B002",162320,,,," ",7,"GLP",8.26,1.03,1.21,8.47,1.53,10.00,,,,,,,"LTR"
"B","25-10-2019","2019-10-25 00:00:00 -0500",1,99,"B002",162319,,,," ",7,"GLP",4.13,1.03,1.21,4.24,0.76,5.00,,,,,,,"LTR"
"B","25-10-2019","2019-10-25 00:00:00 -0500",1,99,"B002",162318,,,," ",7,"GLP",4.13,1.03,1.21,4.24,0.76,5.00,,,,,,,"LTR"
"B","25-10-2019","2019-10-25 00:00:00 -0500",1,99,"B002",162317,,,," ",7,"GLP",4.13,1.03,1.21,4.24,0.76,5.00,,,,,,,"LTR"
"B","25-10-2019","2019-10-25 00:00:00 -0500",1,99,"B002",162316,,,," ",7,"GLP",13.31,1.03,1.21,13.64,2.46,16.10,,,,,,,"LTR"
"B","25-10-2019","2019-10-25 00:00:00 -0500",1,99,"B002",162315,,,," ",7,"GLP",8.26,1.03,1.21,8.47,1.53,10.00,,,,,,,"LTR"
"B","25-10-2019","2019-10-25 00:00:00 -0500",1,99,"B002",162314,,,," ",7,"GLP",8.26,1.03,1.21,8.47,1.53,10.00,,,,,,,"LTR"
"B","25-10-2019","2019-10-25 00:00:00 -0500",1,99,"B002",162313,,,," ",7,"GLP",24.79,1.03,1.21,25.42,4.57,29.99,,,,,,,"LTR"
"B","25-10-2019","2019-10-25 00:00:00 -0500",1,99,"B002",162312,,,," ",7,"GLP",8.26,1.03,1.21,8.47,1.53,10.00,,,,,,,"LTR"
"B","25-10-2019","2019-10-25 00:00:00 -0500",1,99,"B002",162311,,,," ",7,"GLP",23.94,1.03,1.21,24.55,4.42,28.97,,,,,,,"LTR"
"B","25-10-2019","2019-10-25 00:00:00 -0500",1,99,"B002",162310,,,," ",2,"Gasohol 90",0.79,10.75,12.69,8.47,1.53,10.00,,,,,,,"GLL"
"B","25-10-2019","2019-10-25 00:00:00 -0500",1,99,"B002",162309,,,," ",7,"GLP",8.5,1.03,1.21,8.72,1.57,10.29,,,,,,,"LTR"
"B","25-10-2019","2019-10-25 00:00:00 -0500",1,99,"B002",162308,,,," ",7,"GLP",8.26,1.03,1.21,8.47,1.53,10.00,,,,,,,"LTR"
"B","25-10-2019","2019-10-25 00:00:00 -0500",1,99,"B002",162307,,,," ",7,"GLP",12.4,1.03,1.21,12.71,2.29,15.00,,,,,,,"LTR"
"B","25-10-2019","2019-10-25 00:00:00 -0500",1,99,"B002",162306,,,," ",7,"GLP",5.79,1.03,1.21,5.93,1.07,7.00,,,,,,,"LTR"
"B","25-10-2019","2019-10-25 00:00:00 -0500",1,99,"B002",162305,,,," ",7,"GLP",8.26,1.03,1.21,8.47,1.53,10.00,,,,,,,"LTR"
"B","25-10-2019","2019-10-25 00:00:00 -0500",1,99,"B002",162304,,,," ",7,"GLP",7.58,1.03,1.21,7.77,1.40,9.17,,,,,,,"LTR"
"B","25-10-2019","2019-10-25 00:00:00 -0500",1,99,"B002",162303,,,," ",7,"GLP",8.26,1.03,1.21,8.47,1.53,10.00,,,,,,,"LTR"
"B","25-10-2019","2019-10-25 00:00:00 -0500",1,99,"B002",162302,,,," ",7,"GLP",19.61,1.03,1.21,20.11,3.62,23.73,,,,,,,"LTR"
"B","25-10-2019","2019-10-25 00:00:00 -0500",1,99,"B002",162301,,,," ",7,"GLP",8.26,1.03,1.21,8.47,1.53,10.00,,,,,,,"LTR"
"B","25-10-2019","2019-10-25 00:00:00 -0500",1,99,"B002",162300,,,," ",7,"GLP",33.9,1.03,1.21,34.76,6.26,41.02,,,,,,,"LTR"
"B","25-10-2019","2019-10-25 00:00:00 -0500",1,99,"B002",162299,,,," ",7,"GLP",24.79,1.03,1.21,25.42,4.58,30.00,,,,,,,"LTR"
"B","25-10-2019","2019-10-25 00:00:00 -0500",1,99,"B002",162298,,,," ",7,"GLP",4.13,1.03,1.21,4.24,0.76,5.00,,,,,,,"LTR"
"B","25-10-2019","2019-10-25 00:00:00 -0500",1,99,"B002",162297,,,," ",7,"GLP",8.26,1.03,1.21,8.47,1.53,10.00,,,,,,,"LTR"
"B","25-10-2019","2019-10-25 00:00:00 -0500",1,99,"B002",162296,,,," ",7,"GLP",10.33,1.03,1.21,10.59,1.91,12.50,,,,,,,"LTR"
"B","25-10-2019","2019-10-25 00:00:00 -0500",1,99,"B002",162295,,,," ",7,"GLP",16.53,1.03,1.21,16.95,3.05,20.00,,,,,,,"LTR"
"B","25-10-2019","2019-10-25 00:00:00 -0500",1,99,"B002",162294,,,," ",7,"GLP",5.79,1.03,1.21,5.93,1.07,7.00,,,,,,,"LTR"
"B","25-10-2019","2019-10-25 00:00:00 -0500",1,99,"B002",162293,,,," ",7,"GLP",7.85,1.03,1.21,8.05,1.45,9.50,,,,,,,"LTR"
"B","25-10-2019","2019-10-25 00:00:00 -0500",1,99,"B002",162292,,,," ",7,"GLP",8.26,1.03,1.21,8.47,1.53,10.00,,,,,,,"LTR"
"B","25-10-2019","2019-10-25 00:00:00 -0500",1,99,"B002",162291,,,," ",7,"GLP",14.05,1.03,1.21,14.41,2.59,17.00,,,,,,,"LTR"
"B","25-10-2019","2019-10-25 00:00:00 -0500",1,99,"B002",162290,,,," ",7,"GLP",9.92,1.03,1.21,10.17,1.83,12.00,,,,,,,"LTR"
"B","25-10-2019","2019-10-25 00:00:00 -0500",1,99,"B002",162289,,,," ",7,"GLP",9.92,1.03,1.21,10.17,1.83,12.00,,,,,,,"LTR"
"B","25-10-2019","2019-10-25 00:00:00 -0500",1,99,"B002",162288,,,," ",7,"GLP",8.26,1.03,1.21,8.47,1.53,10.00,,,,,,,"LTR"
"B","25-10-2019","2019-10-25 00:00:00 -0500",1,99,"B002",162287,,,," ",7,"GLP",5.79,1.03,1.21,5.93,1.07,7.00,,,,,,,"LTR"
"B","25-10-2019","2019-10-25 00:00:00 -0500",1,99,"B002",162286,,,," ",7,"GLP",24.79,1.03,1.21,25.42,4.58,30.00,,,,,,,"LTR"
"B","25-10-2019","2019-10-25 00:00:00 -0500",1,99,"B002",162285,,,," ",7,"GLP",9.1,1.03,1.21,9.33,1.68,11.01,,,,,,,"LTR"
"B","25-10-2019","2019-10-25 00:00:00 -0500",1,99,"B002",162284,,,," ",2,"Gasohol 90",0.39,10.75,12.69,4.24,0.76,5.00,,,,,,,"GLL"
"B","25-10-2019","2019-10-25 00:00:00 -0500",1,99,"B002",162283,,,," ",7,"GLP",23.14,1.03,1.21,23.73,4.27,28.00,,,,,,,"LTR"
"B","25-10-2019","2019-10-25 00:00:00 -0500",1,99,"B002",162282,,,," ",7,"GLP",20.93,1.03,1.21,21.46,3.86,25.32,,,,,,,"LTR"
"B","25-10-2019","2019-10-25 00:00:00 -0500",1,99,"B002",162281,,,," ",7,"GLP",21.2,1.03,1.21,21.74,3.91,25.65,,,,,,,"LTR"
"B","25-10-2019","2019-10-25 00:00:00 -0500",1,99,"B002",162280,,,," ",7,"GLP",4.13,1.03,1.21,4.24,0.76,5.00,,,,,,,"LTR"
"B","25-10-2019","2019-10-25 00:00:00 -0500",1,99,"B002",162279,,,," ",4,"Gasohol 98",0.65,13.13,15.49,8.47,1.53,10.00,,,,,,,"GLL"
"B","25-10-2019","2019-10-25 00:00:00 -0500",1,99,"B002",162278,,,," ",7,"GLP",8.26,1.03,1.21,8.47,1.53,10.00,,,,,,,"LTR"
"B","25-10-2019","2019-10-25 00:00:00 -0500",1,99,"B002",162277,,,," ",7,"GLP",8.26,1.03,1.21,8.47,1.53,10.00,,,,,,,"LTR"
"B","25-10-2019","2019-10-25 00:00:00 -0500",1,99,"B002",162276,,,," ",7,"GLP",7.52,1.03,1.21,7.71,1.39,9.10,,,,,,,"LTR"
"B","25-10-2019","2019-10-25 00:00:00 -0500",1,99,"B002",162275,,,," ",2,"Gasohol 90",3.15,10.75,12.69,33.90,6.10,40.00,,,,,,,"GLL"
"B","25-10-2019","2019-10-25 00:00:00 -0500",1,99,"B002",162274,,,," ",7,"GLP",6.61,1.03,1.21,6.78,1.22,8.00,,,,,,,"LTR"
"B","25-10-2019","2019-10-25 00:00:00 -0500",1,99,"B002",162273,,,," ",7,"GLP",18.43,1.03,1.21,18.90,3.40,22.30,,,,,,,"LTR"
"B","25-10-2019","2019-10-25 00:00:00 -0500",1,99,"B002",162272,,,," ",7,"GLP",16.53,1.03,1.21,16.95,3.05,20.00,,,,,,,"LTR"
"B","25-10-2019","2019-10-25 00:00:00 -0500",1,99,"B002",162271,,,," ",7,"GLP",9.09,1.03,1.21,9.32,1.68,11.00,,,,,,,"LTR"
"B","25-10-2019","2019-10-25 00:00:00 -0500",1,99,"B002",162270,,,," ",7,"GLP",16.53,1.03,1.21,16.95,3.05,20.00,,,,,,,"LTR"
"B","25-10-2019","2019-10-25 00:00:00 -0500",1,99,"B002",162269,,,," ",7,"GLP",6.61,1.03,1.21,6.78,1.22,8.00,,,,,,,"LTR"
"B","25-10-2019","2019-10-25 00:00:00 -0500",1,99,"B002",162268,,,," ",7,"GLP",9.5,1.03,1.21,9.75,1.75,11.50,,,,,,,"LTR"
"B","25-10-2019","2019-10-25 00:00:00 -0500",1,99,"B002",162267,,,," ",7,"GLP",16.53,1.03,1.21,16.95,3.05,20.00,,,,,,,"LTR"
"B","25-10-2019","2019-10-25 00:00:00 -0500",1,99,"B002",162266,,,," ",7,"GLP",4.13,1.03,1.21,4.24,0.76,5.00,,,,,,,"LTR"
"B","25-10-2019","2019-10-25 00:00:00 -0500",1,99,"B002",162265,,,," ",7,"GLP",49.59,1.03,1.21,50.85,9.15,60.00,,,,,,,"LTR"
"B","25-10-2019","2019-10-25 00:00:00 -0500",1,99,"B002",162264,,,," ",7,"GLP",4.96,1.03,1.21,5.08,0.92,6.00,,,,,,,"LTR"
"B","25-10-2019","2019-10-25 00:00:00 -0500",1,99,"B002",162263,,,," ",7,"GLP",8.26,1.03,1.21,8.47,1.53,10.00,,,,,,,"LTR"
"B","25-10-2019","2019-10-25 00:00:00 -0500",1,99,"B002",162262,,,," ",7,"GLP",12.4,1.03,1.21,12.71,2.29,15.00,,,,,,,"LTR"
"B","25-10-2019","2019-10-25 00:00:00 -0500",1,99,"B002",162261,,,," ",7,"GLP",8.26,1.03,1.21,8.47,1.53,10.00,,,,,,,"LTR"
"B","25-10-2019","2019-10-25 00:00:00 -0500",1,99,"B002",162260,,,," ",7,"GLP",4.96,1.03,1.21,5.08,0.92,6.00,,,,,,,"LTR"
"B","25-10-2019","2019-10-25 00:00:00 -0500",1,99,"B002",162259,,,," ",7,"GLP",5.46,1.03,1.21,5.59,1.01,6.60,,,,,,,"LTR"
"B","25-10-2019","2019-10-25 00:00:00 -0500",1,99,"B002",162258,,,," ",7,"GLP",8.26,1.03,1.21,8.47,1.53,10.00,,,,,,,"LTR"
"B","25-10-2019","2019-10-25 00:00:00 -0500",1,99,"B002",162257,,,," ",7,"GLP",8.26,1.03,1.21,8.47,1.53,10.00,,,,,,,"LTR"
"B","25-10-2019","2019-10-25 00:00:00 -0500",1,99,"B002",162256,,,," ",7,"GLP",4.13,1.03,1.21,4.24,0.76,5.00,,,,,,,"LTR"
"B","25-10-2019","2019-10-25 00:00:00 -0500",1,99,"B002",162255,,,," ",7,"GLP",10.41,1.03,1.21,10.68,1.92,12.60,,,,,,,"LTR"
"B","25-10-2019","2019-10-25 00:00:00 -0500",1,99,"B002",162254,,,," ",7,"GLP",5.79,1.03,1.21,5.93,1.07,7.00,,,,,,,"LTR"
"B","25-10-2019","2019-10-25 00:00:00 -0500",1,99,"B002",162253,,,," ",7,"GLP",8.26,1.03,1.21,8.47,1.53,10.00,,,,,,,"LTR"
"B","25-10-2019","2019-10-25 00:00:00 -0500",1,99,"B002",162252,,,," ",7,"GLP",5.79,1.03,1.21,5.93,1.07,7.00,,,,,,,"LTR"
"B","25-10-2019","2019-10-25 00:00:00 -0500",1,99,"B002",162251,,,," ",7,"GLP",8.26,1.03,1.21,8.47,1.53,10.00,,,,,,,"LTR"
"B","25-10-2019","2019-10-25 00:00:00 -0500",1,99,"B002",162250,,,," ",7,"GLP",8.26,1.03,1.21,8.47,1.53,10.00,,,,,,,"LTR"
"B","25-10-2019","2019-10-25 00:00:00 -0500",1,99,"B002",162249,,,," ",7,"GLP",6.61,1.03,1.21,6.78,1.22,8.00,,,,,,,"LTR"
"B","25-10-2019","2019-10-25 00:00:00 -0500",1,99,"B002",162248,,,," ",7,"GLP",4.13,1.03,1.21,4.24,0.76,5.00,,,,,,,"LTR"
"B","25-10-2019","2019-10-25 00:00:00 -0500",1,99,"B002",162247,,,," ",7,"GLP",7.44,1.03,1.21,7.63,1.37,9.00,,,,,,,"LTR"
"B","25-10-2019","2019-10-25 00:00:00 -0500",1,99,"B002",162246,,,," ",7,"GLP",15.3,1.03,1.21,15.69,2.82,18.51,,,,,,,"LTR"
"B","25-10-2019","2019-10-25 00:00:00 -0500",1,99,"B002",162245,,,," ",7,"GLP",18.18,1.03,1.21,18.64,3.36,22.00,,,,,,,"LTR"
"B","25-10-2019","2019-10-25 00:00:00 -0500",1,99,"B002",162244,,,," ",5,"DieselPro B5 S50 UV",5.07,10.03,11.84,50.85,9.15,60.00,,,,,,,"GLL"
"B","25-10-2019","2019-10-25 00:00:00 -0500",1,99,"B002",162243,,,," ",7,"GLP",5.79,1.03,1.21,5.93,1.07,7.00,,,,,,,"LTR"
"B","25-10-2019","2019-10-25 00:00:00 -0500",1,99,"B101",24217,,,," ",2,"GASOHOL 90",0.78,10.82,12.77,8.47,1.53,10.00,,,,,,,"GLL"
"B","25-10-2019","2019-10-25 00:00:00 -0500",1,99,"B101",24216,,,," ",4,"GASOHOL 98",0.66,12.87,15.19,8.47,1.53,10.00,,,,,,,"GLL"
"B","25-10-2019","2019-10-25 00:00:00 -0500",1,99,"B101",24215,,,," ",5,"DIESEL PRO B5",2.52,10.08,11.89,25.42,4.58,30.00,,,,,,,"GLL"
"B","25-10-2019","2019-10-25 00:00:00 -0500",1,99,"B101",24214,,,," ",5,"DIESEL PRO B5",1.68,10.08,11.89,16.95,3.05,20.00,,,,,,,"GLL"
"B","25-10-2019","2019-10-25 00:00:00 -0500",1,99,"B101",24213,,,," ",2,"GASOHOL 90",0.78,10.82,12.77,8.47,1.53,10.00,,,,,,,"GLL"
"B","25-10-2019","2019-10-25 00:00:00 -0500",1,99,"B101",24212,,,," ",5,"DIESEL PRO B5",0.59,10.08,11.89,5.93,1.07,7.00,,,,,,,"GLL"
"B","25-10-2019","2019-10-25 00:00:00 -0500",1,99,"B101",24211,,,," ",2,"GASOHOL 90",0.39,10.82,12.77,4.24,0.76,5.00,,,,,,,"GLL"
"B","25-10-2019","2019-10-25 00:00:00 -0500",1,99,"B101",24210,,,," ",2,"GASOHOL 90",3.92,10.82,12.77,42.37,7.63,50.00,,,,,,,"GLL"
"B","25-10-2019","2019-10-25 00:00:00 -0500",1,99,"B101",24209,,,," ",2,"GASOHOL 90",0.78,10.82,12.77,8.47,1.53,10.00,,,,,,,"GLL"
"B","25-10-2019","2019-10-25 00:00:00 -0500",1,99,"B101",24208,,,," ",2,"GASOHOL 90",0.78,10.82,12.77,8.47,1.53,10.00,,,,,,,"GLL"
"B","25-10-2019","2019-10-25 00:00:00 -0500",1,99,"B101",24207,,,," ",2,"GASOHOL 90",1.57,10.82,12.77,16.95,3.05,20.00,,,,,,,"GLL"
"B","25-10-2019","2019-10-25 00:00:00 -0500",1,99,"B101",24206,,,," ",3,"GASOHOL 95",0.36,11.67,13.77,4.24,0.76,5.00,,,,,,,"GLL"
"B","25-10-2019","2019-10-25 00:00:00 -0500",1,99,"B101",24205,,,," ",2,"GASOHOL 90",0.39,10.82,12.77,4.24,0.76,5.00,,,,,,,"GLL"
"B","25-10-2019","2019-10-25 00:00:00 -0500",1,99,"B101",24204,,,," ",2,"GASOHOL 90",1.57,10.82,12.77,16.95,3.05,20.00,,,,,,,"GLL"
"B","25-10-2019","2019-10-25 00:00:00 -0500",1,99,"B101",24203,,,," ",4,"GASOHOL 98",5.27,12.87,15.19,67.80,12.20,80.00,,,,,,,"GLL"
"B","25-10-2019","2019-10-25 00:00:00 -0500",1,99,"B101",24202,,,," ",2,"GASOHOL 90",0.42,10.82,12.77,4.50,0.81,5.31,,,,,,,"GLL"
"B","25-10-2019","2019-10-25 00:00:00 -0500",1,99,"B101",24201,,,," ",2,"GASOHOL 90",3.92,10.82,12.77,42.37,7.63,50.00,,,,,,,"GLL"
"B","25-10-2019","2019-10-25 00:00:00 -0500",1,99,"B101",24200,,,," ",2,"GASOHOL 90",0.39,10.82,12.77,4.24,0.76,5.00,,,,,,,"GLL"
"B","25-10-2019","2019-10-25 00:00:00 -0500",1,99,"B101",24199,,,," ",2,"GASOHOL 90",0.39,10.82,12.77,4.24,0.76,5.00,,,,,,,"GLL"
"B","25-10-2019","2019-10-25 00:00:00 -0500",1,99,"B101",24198,,,," ",2,"GASOHOL 90",0.78,10.82,12.77,8.47,1.53,10.00,,,,,,,"GLL"
"B","25-10-2019","2019-10-25 00:00:00 -0500",1,99,"B101",24197,,,," ",5,"DIESEL PRO B5",12.62,10.08,11.89,127.12,22.88,150.00,,,,,,,"GLL"
"B","25-10-2019","2019-10-25 00:00:00 -0500",1,99,"B101",24196,,,," ",2,"GASOHOL 90",1.57,10.82,12.77,16.95,3.05,20.00,,,,,,,"GLL"
"B","25-10-2019","2019-10-25 00:00:00 -0500",1,99,"B101",24195,,,," ",3,"GASOHOL 95",1,11.67,13.77,11.67,2.10,13.77,,,,,,,"GLL"
"B","25-10-2019","2019-10-25 00:00:00 -0500",1,99,"B101",24194,,,," ",5,"DIESEL PRO B5",1.68,10.08,11.89,16.95,3.05,20.00,,,,,,,"GLL"
"B","25-10-2019","2019-10-25 00:00:00 -0500",1,99,"B101",24193,,,," ",5,"DIESEL PRO B5",1.68,10.08,11.89,16.95,3.05,20.00,,,,,,,"GLL"
"B","25-10-2019","2019-10-25 00:00:00 -0500",1,99,"B101",24192,,,," ",3,"GASOHOL 95",2.18,11.67,13.77,25.42,4.58,30.00,,,,,,,"GLL"
"B","25-10-2019","2019-10-25 00:00:00 -0500",1,99,"B101",24191,,,," ",2,"GASOHOL 90",0.39,10.82,12.77,4.24,0.76,5.00,,,,,,,"GLL"
"B","25-10-2019","2019-10-25 00:00:00 -0500",1,99,"B101",24190,,,," ",2,"GASOHOL 90",0.31,10.82,12.77,3.39,0.61,4.00,,,,,,,"GLL"
"B","25-10-2019","2019-10-25 00:00:00 -0500",1,99,"B101",24189,,,," ",3,"GASOHOL 95",0.73,11.67,13.77,8.47,1.53,10.00,,,,,,,"GLL"
"B","25-10-2019","2019-10-25 00:00:00 -0500",1,99,"B101",24188,,,," ",3,"GASOHOL 95",2.18,11.67,13.77,25.42,4.58,30.00,,,,,,,"GLL"
"B","25-10-2019","2019-10-25 00:00:00 -0500",1,99,"B101",24187,,,," ",3,"GASOHOL 95",4.36,11.67,13.77,50.85,9.15,60.00,,,,,,,"GLL"
"B","25-10-2019","2019-10-25 00:00:00 -0500",1,99,"B101",24186,,,," ",3,"GASOHOL 95",0.36,11.67,13.77,4.24,0.76,5.00,,,,,,,"GLL"
"B","25-10-2019","2019-10-25 00:00:00 -0500",1,99,"B101",24185,,,," ",5,"DIESEL PRO B5",2.52,10.08,11.89,25.42,4.58,30.00,,,,,,,"GLL"
"B","25-10-2019","2019-10-25 00:00:00 -0500",1,99,"B101",24184,,,," ",2,"GASOHOL 90",0.39,10.82,12.77,4.24,0.76,5.00,,,,,,,"GLL"
"B","25-10-2019","2019-10-25 00:00:00 -0500",1,99,"B101",24183,,,," ",3,"GASOHOL 95",7.63,11.67,13.77,88.99,16.02,105.01,,,,,,,"GLL"
"B","25-10-2019","2019-10-25 00:00:00 -0500",1,99,"B101",24182,,,," ",5,"DIESEL PRO B5",2.52,10.08,11.89,25.42,4.58,30.00,,,,,,,"GLL"
"B","25-10-2019","2019-10-25 00:00:00 -0500",1,99,"B101",24181,,,," ",2,"GASOHOL 90",1.18,10.82,12.77,12.71,2.29,15.00,,,,,,,"GLL"
"B","25-10-2019","2019-10-25 00:00:00 -0500",1,99,"B101",24180,,,," ",2,"GASOHOL 90",0.78,10.82,12.77,8.47,1.53,10.00,,,,,,,"GLL"
"B","25-10-2019","2019-10-25 00:00:00 -0500",1,99,"B101",24179,,,," ",5,"DIESEL PRO B5",2.52,10.08,11.89,25.42,4.58,30.00,,,,,,,"GLL"
"B","25-10-2019","2019-10-25 00:00:00 -0500",1,99,"B101",24178,,,," ",2,"GASOHOL 90",1.57,10.82,12.77,16.95,3.05,20.00,,,,,,,"GLL"
"B","25-10-2019","2019-10-25 00:00:00 -0500",1,99,"B101",24177,,,," ",5,"DIESEL PRO B5",1.26,10.08,11.89,12.71,2.29,15.00,,,,,,,"GLL"
"B","25-10-2019","2019-10-25 00:00:00 -0500",1,99,"B101",24176,,,," ",5,"DIESEL PRO B5",10.09,10.08,11.89,101.69,18.31,120.00,,,,,,,"GLL"
"B","25-10-2019","2019-10-25 00:00:00 -0500",1,99,"B101",24175,,,," ",2,"GASOHOL 90",0.63,10.82,12.77,6.78,1.22,8.00,,,,,,,"GLL"
"B","25-10-2019","2019-10-25 00:00:00 -0500",1,99,"B101",24174,,,," ",2,"GASOHOL 90",3.92,10.82,12.77,42.37,7.63,50.00,,,,,,,"GLL"
"B","25-10-2019","2019-10-25 00:00:00 -0500",1,99,"B101",24173,,,," ",3,"GASOHOL 95",0.55,11.67,13.77,6.36,1.14,7.50,,,,,,,"GLL"
"B","25-10-2019","2019-10-25 00:00:00 -0500",1,99,"B101",24172,,,," ",5,"DIESEL PRO B5",2.52,10.08,11.89,25.42,4.58,30.00,,,,,,,"GLL"
"B","25-10-2019","2019-10-25 00:00:00 -0500",1,99,"B101",24171,,,," ",2,"GASOHOL 90",0.59,10.82,12.77,6.36,1.14,7.50,,,,,,,"GLL"
"B","25-10-2019","2019-10-25 00:00:00 -0500",1,99,"B101",24170,,,," ",2,"GASOHOL 90",0.78,10.82,12.77,8.47,1.53,10.00,,,,,,,"GLL"
"B","25-10-2019","2019-10-25 00:00:00 -0500",1,99,"B101",24169,,,," ",4,"GASOHOL 98",8.33,12.87,15.19,107.20,19.30,126.50,,,,,,,"GLL"
"B","25-10-2019","2019-10-25 00:00:00 -0500",1,99,"B101",24168,,,," ",5,"DIESEL PRO B5",8.41,10.08,11.89,84.75,15.25,100.00,,,,,,,"GLL"
"B","25-10-2019","2019-10-25 00:00:00 -0500",1,99,"B101",24167,,,," ",2,"GASOHOL 90",0.24,10.82,12.77,2.54,0.46,3.00,,,,,,,"GLL"
"B","25-10-2019","2019-10-25 00:00:00 -0500",1,99,"B101",24166,,,," ",2,"GASOHOL 90",0.78,10.82,12.77,8.47,1.53,10.00,,,,,,,"GLL"
"B","25-10-2019","2019-10-25 00:00:00 -0500",1,99,"B101",24165,,,," ",2,"GASOHOL 90",0.39,10.82,12.77,4.24,0.76,5.00,,,,,,,"GLL"
"B","25-10-2019","2019-10-25 00:00:00 -0500",1,99,"B101",24164,,,," ",2,"GASOHOL 90",2,10.82,12.77,21.64,3.90,25.54,,,,,,,"GLL"
"B","25-10-2019","2019-10-25 00:00:00 -0500",1,99,"B101",24163,,,," ",2,"GASOHOL 90",0.78,10.82,12.77,8.47,1.53,10.00,,,,,,,"GLL"
"B","25-10-2019","2019-10-25 00:00:00 -0500",1,99,"B101",24162,,,," ",2,"GASOHOL 90",1.57,10.82,12.77,16.95,3.05,20.00,,,,,,,"GLL"
"B","25-10-2019","2019-10-25 00:00:00 -0500",1,99,"B101",24161,,,," ",2,"GASOHOL 90",0.31,10.82,12.77,3.35,0.60,3.95,,,,,,,"GLL"
"B","25-10-2019","2019-10-25 00:00:00 -0500",1,99,"B101",24160,,,," ",2,"GASOHOL 90",0.31,10.82,12.77,3.39,0.61,4.00,,,,,,,"GLL"
"B","25-10-2019","2019-10-25 00:00:00 -0500",1,99,"B101",24159,,,," ",2,"GASOHOL 90",1.57,10.82,12.77,16.95,3.05,20.00,,,,,,,"GLL"
"B","25-10-2019","2019-10-25 00:00:00 -0500",1,99,"B101",24158,,,," ",2,"GASOHOL 90",0.78,10.82,12.77,8.47,1.53,10.00,,,,,,,"GLL"
"B","25-10-2019","2019-10-25 00:00:00 -0500",1,99,"B101",24157,,,," ",2,"GASOHOL 90",0.78,10.82,12.77,8.47,1.53,10.00,,,,,,,"GLL"
"B","25-10-2019","2019-10-25 00:00:00 -0500",1,99,"B101",24156,,,," ",2,"GASOHOL 90",0.78,10.82,12.77,8.47,1.53,10.00,,,,,,,"GLL"
"B","25-10-2019","2019-10-25 00:00:00 -0500",1,99,"B101",24155,,,," ",5,"DIESEL PRO B5",2.52,10.08,11.89,25.42,4.58,30.00,,,,,,,"GLL"
"B","25-10-2019","2019-10-25 00:00:00 -0500",1,99,"B101",24154,,,," ",5,"DIESEL PRO B5",3.36,10.08,11.89,33.90,6.10,40.00,,,,,,,"GLL"
"B","25-10-2019","2019-10-25 00:00:00 -0500",1,99,"B101",24153,,,," ",3,"GASOHOL 95",8.72,11.67,13.77,101.69,18.31,120.00,,,,,,,"GLL"
"B","25-10-2019","2019-10-25 00:00:00 -0500",1,99,"B101",24152,,,," ",2,"GASOHOL 90",0.47,10.82,12.77,5.08,0.92,6.00,,,,,,,"GLL"
"B","25-10-2019","2019-10-25 00:00:00 -0500",1,99,"B101",24151,,,," ",3,"GASOHOL 95",3.63,11.67,13.77,42.37,7.63,50.00,,,,,,,"GLL"
"B","25-10-2019","2019-10-25 00:00:00 -0500",1,99,"B101",24150,,,," ",2,"GASOHOL 90",3.92,10.82,12.77,42.37,7.63,50.00,,,,,,,"GLL"
"B","25-10-2019","2019-10-25 00:00:00 -0500",1,99,"B101",24149,,,," ",3,"GASOHOL 95",1.45,11.67,13.77,16.95,3.05,20.00,,,,,,,"GLL"
"B","25-10-2019","2019-10-25 00:00:00 -0500",1,99,"B101",24148,,,," ",5,"DIESEL PRO B5",0.84,10.08,11.89,8.47,1.53,10.00,,,,,,,"GLL"
"B","25-10-2019","2019-10-25 00:00:00 -0500",1,99,"B101",24147,,,," ",2,"GASOHOL 90",2.35,10.82,12.77,25.42,4.58,30.00,,,,,,,"GLL"
"B","25-10-2019","2019-10-25 00:00:00 -0500",1,99,"B101",24146,,,," ",5,"DIESEL PRO B5",4.21,10.08,11.89,42.37,7.63,50.00,,,,,,,"GLL"
"B","25-10-2019","2019-10-25 00:00:00 -0500",1,99,"B101",24145,,,," ",5,"DIESEL PRO B5",3,10.08,11.89,30.23,5.44,35.67,,,,,,,"GLL"
"B","25-10-2019","2019-10-25 00:00:00 -0500",1,99,"B101",24144,,,," ",5,"DIESEL PRO B5",1,10.08,11.89,10.08,1.81,11.89,,,,,,,"GLL"
"B","25-10-2019","2019-10-25 00:00:00 -0500",1,99,"B101",24143,,,," ",5,"DIESEL PRO B5",1.68,10.08,11.89,16.95,3.05,20.00,,,,,,,"GLL"
"B","25-10-2019","2019-10-25 00:00:00 -0500",1,99,"B101",24142,,,," ",2,"GASOHOL 90",1.57,10.82,12.77,16.95,3.05,20.00,,,,,,,"GLL"
"B","25-10-2019","2019-10-25 00:00:00 -0500",1,99,"B101",24141,,,," ",5,"DIESEL PRO B5",1.26,10.08,11.89,12.71,2.29,15.00,,,,,,,"GLL"
"B","25-10-2019","2019-10-25 00:00:00 -0500",1,99,"B101",24140,,,," ",5,"DIESEL PRO B5",1.68,10.08,11.89,16.95,3.05,20.00,,,,,,,"GLL"
"B","25-10-2019","2019-10-25 00:00:00 -0500",1,99,"B101",24139,,,," ",2,"GASOHOL 90",0.39,10.82,12.77,4.24,0.76,5.00,,,,,,,"GLL"
"B","25-10-2019","2019-10-25 00:00:00 -0500",1,99,"B101",24138,,,," ",2,"GASOHOL 90",2.35,10.82,12.77,25.42,4.58,30.00,,,,,,,"GLL"
"B","25-10-2019","2019-10-25 00:00:00 -0500",1,99,"B101",24137,,,," ",2,"GASOHOL 90",1.57,10.82,12.77,16.95,3.05,20.00,,,,,,,"GLL"
"B","25-10-2019","2019-10-25 00:00:00 -0500",1,99,"B101",24136,,,," ",2,"GASOHOL 90",1.33,10.82,12.77,14.41,2.59,17.00,,,,,,,"GLL"
"B","25-10-2019","2019-10-25 00:00:00 -0500",1,99,"B101",24135,,,," ",2,"GASOHOL 90",0.24,10.82,12.77,2.54,0.46,3.00,,,,,,,"GLL"
"B","25-10-2019","2019-10-25 00:00:00 -0500",1,99,"B101",24134,,,," ",2,"GASOHOL 90",0.39,10.82,12.77,4.24,0.76,5.00,,,,,,,"GLL"
"B","25-10-2019","2019-10-25 00:00:00 -0500",1,99,"B101",24133,,,," ",2,"GASOHOL 90",0.78,10.82,12.77,8.47,1.53,10.00,,,,,,,"GLL"
"B","25-10-2019","2019-10-25 00:00:00 -0500",1,99,"B101",24132,,,," ",2,"GASOHOL 90",0.81,10.82,12.77,8.81,1.58,10.39,,,,,,,"GLL"
"B","25-10-2019","2019-10-25 00:00:00 -0500",1,99,"B101",24131,,,," ",5,"DIESEL PRO B5",0.84,10.08,11.89,8.47,1.53,10.00,,,,,,,"GLL"
"B","25-10-2019","2019-10-25 00:00:00 -0500",1,99,"B101",24130,,,," ",2,"GASOHOL 90",0.78,10.82,12.77,8.47,1.53,10.00,,,,,,,"GLL"
"B","25-10-2019","2019-10-25 00:00:00 -0500",1,99,"B101",24129,,,," ",2,"GASOHOL 90",1.57,10.82,12.77,16.95,3.05,20.00,,,,,,,"GLL"
"B","25-10-2019","2019-10-25 00:00:00 -0500",1,99,"B101",24128,,,," ",2,"GASOHOL 90",0.08,10.82,12.77,0.85,0.15,1.00,,,,,,,"GLL"
"B","25-10-2019","2019-10-25 00:00:00 -0500",1,99,"B101",24127,,,," ",2,"GASOHOL 90",0.39,10.82,12.77,4.24,0.76,5.00,,,,,,,"GLL"
"B","25-10-2019","2019-10-25 00:00:00 -0500",1,99,"B101",24126,,,," ",2,"GASOHOL 90",0.55,10.82,12.77,5.93,1.07,7.00,,,,,,,"GLL"
"B","25-10-2019","2019-10-25 00:00:00 -0500",1,99,"B101",24125,,,," ",2,"GASOHOL 90",1.56,10.82,12.77,16.86,3.04,19.90,,,,,,,"GLL"
"B","25-10-2019","2019-10-25 00:00:00 -0500",1,99,"B101",24124,,,," ",2,"GASOHOL 90",2.35,10.82,12.77,25.42,4.58,30.00,,,,,,,"GLL"
"B","25-10-2019","2019-10-25 00:00:00 -0500",1,99,"B101",24123,,,," ",2,"GASOHOL 90",0.39,10.82,12.77,4.24,0.76,5.00,,,,,,,"GLL"
"B","25-10-2019","2019-10-25 00:00:00 -0500",1,99,"B101",24122,,,," ",2,"GASOHOL 90",0.39,10.82,12.77,4.24,0.76,5.00,,,,,,,"GLL"
"B","25-10-2019","2019-10-25 00:00:00 -0500",1,99,"B101",24121,,,," ",5,"DIESEL PRO B5",8.41,10.08,11.89,84.75,15.25,100.00,,,,,,,"GLL"
"B","25-10-2019","2019-10-25 00:00:00 -0500",1,99,"B101",24120,,,," ",2,"GASOHOL 90",0.39,10.82,12.77,4.24,0.76,5.00,,,,,,,"GLL"
"B","25-10-2019","2019-10-25 00:00:00 -0500",1,99,"B101",24119,,,," ",5,"DIESEL PRO B5",2.52,10.08,11.89,25.42,4.58,30.00,,,,,,,"GLL"
"B","25-10-2019","2019-10-25 00:00:00 -0500",1,99,"B101",24118,,,," ",2,"GASOHOL 90",0.78,10.82,12.77,8.47,1.53,10.00,,,,,,,"GLL"
"B","25-10-2019","2019-10-25 00:00:00 -0500",1,99,"B101",24117,,,," ",2,"GASOHOL 90",1.57,10.82,12.77,16.95,3.05,20.00,,,,,,,"GLL"
"B","25-10-2019","2019-10-25 00:00:00 -0500",1,99,"B101",24116,,,," ",5,"DIESEL PRO B5",6.73,10.08,11.89,67.80,12.20,80.00,,,,,,,"GLL"
"B","25-10-2019","2019-10-25 00:00:00 -0500",1,99,"B102",7525,,,," ",5,"DIESEL PRO B5",1.68,10.08,11.89,16.95,3.05,20.00,,,,,,,"GLL"
"B","25-10-2019","2019-10-25 00:00:00 -0500",1,99,"B102",7524,,,," ",3,"GASOHOL 95",2.18,11.67,13.77,25.42,4.58,30.00,,,,,,,"GLL"
"B","25-10-2019","2019-10-25 00:00:00 -0500",1,99,"B102",7523,,,," ",5,"DIESEL PRO B5",2.52,10.08,11.89,25.42,4.58,30.00,,,,,,,"GLL"
"B","25-10-2019","2019-10-25 00:00:00 -0500",1,99,"B102",7522,,,," ",2,"GASOHOL 90",0.39,10.82,12.77,4.24,0.76,5.00,,,,,,,"GLL"
"B","25-10-2019","2019-10-25 00:00:00 -0500",1,99,"B102",7521,,,," ",3,"GASOHOL 95",1.45,11.67,13.77,16.95,3.05,20.00,,,,,,,"GLL"
"B","25-10-2019","2019-10-25 00:00:00 -0500",1,99,"B102",7520,,,," ",2,"GASOHOL 90",0.78,10.82,12.77,8.47,1.53,10.00,,,,,,,"GLL"
"B","25-10-2019","2019-10-25 00:00:00 -0500",1,99,"B102",7519,,,," ",5,"DIESEL PRO B5",2.1,10.08,11.89,21.19,3.81,25.00,,,,,,,"GLL"
"B","25-10-2019","2019-10-25 00:00:00 -0500",1,99,"B102",7518,,,," ",3,"GASOHOL 95",3.63,11.67,13.77,42.37,7.63,50.00,,,,,,,"GLL"
"B","25-10-2019","2019-10-25 00:00:00 -0500",1,99,"B102",7517,,,," ",2,"GASOHOL 90",2.35,10.82,12.77,25.42,4.58,30.00,,,,,,,"GLL"
"B","25-10-2019","2019-10-25 00:00:00 -0500",1,99,"B102",7516,,,," ",2,"GASOHOL 90",0.39,10.82,12.77,4.24,0.76,5.00,,,,,,,"GLL"
"B","25-10-2019","2019-10-25 00:00:00 -0500",1,99,"B102",7515,,,," ",2,"GASOHOL 90",1.18,10.82,12.77,12.71,2.29,15.00,,,,,,,"GLL"
"B","25-10-2019","2019-10-25 00:00:00 -0500",1,99,"B102",7514,,,," ",2,"GASOHOL 90",0.63,10.82,12.77,6.78,1.22,8.00,,,,,,,"GLL"
"B","25-10-2019","2019-10-25 00:00:00 -0500",1,99,"B102",7513,,,," ",5,"DIESEL PRO B5",1.68,10.08,11.89,16.95,3.05,20.00,,,,,,,"GLL"
"B","25-10-2019","2019-10-25 00:00:00 -0500",1,99,"B102",7512,,,," ",2,"GASOHOL 90",1.57,10.82,12.77,16.95,3.05,20.00,,,,,,,"GLL"
"B","25-10-2019","2019-10-25 00:00:00 -0500",1,99,"B102",7511,,,," ",2,"GASOHOL 90",0.78,10.82,12.77,8.47,1.53,10.00,,,,,,,"GLL"
"B","25-10-2019","2019-10-25 00:00:00 -0500",1,99,"B102",7510,,,," ",3,"GASOHOL 95",1.45,11.67,13.77,16.95,3.05,20.00,,,,,,,"GLL"
"B","25-10-2019","2019-10-25 00:00:00 -0500",1,99,"B102",7509,,,," ",2,"GASOHOL 90",0.32,10.82,12.77,3.41,0.61,4.02,,,,,,,"GLL"
"B","25-10-2019","2019-10-25 00:00:00 -0500",1,99,"B102",7508,,,," ",3,"GASOHOL 95",1.46,11.67,13.77,16.99,3.06,20.05,,,,,,,"GLL"
"B","25-10-2019","2019-10-25 00:00:00 -0500",1,99,"B102",7507,,,," ",3,"GASOHOL 95",1.45,11.67,13.77,16.95,3.05,20.00,,,,,,,"GLL"
"B","25-10-2019","2019-10-25 00:00:00 -0500",1,99,"B102",7506,,,," ",3,"GASOHOL 95",3.63,11.67,13.77,42.37,7.63,50.00,,,,,,,"GLL"
"B","25-10-2019","2019-10-25 00:00:00 -0500",1,99,"B102",7505,,,," ",3,"GASOHOL 95",7.26,11.67,13.77,84.75,15.26,100.01,,,,,,,"GLL"
"B","25-10-2019","2019-10-25 00:00:00 -0500",1,99,"B102",7504,,,," ",3,"GASOHOL 95",0.36,11.67,13.77,4.24,0.76,5.00,,,,,,,"GLL"
"B","25-10-2019","2019-10-25 00:00:00 -0500",1,99,"B102",7503,,,," ",3,"GASOHOL 95",2.18,11.67,13.77,25.42,4.58,30.00,,,,,,,"GLL"
"B","25-10-2019","2019-10-25 00:00:00 -0500",1,99,"B102",7502,,,," ",5,"DIESEL PRO B5",1.68,10.08,11.89,16.95,3.05,20.00,,,,,,,"GLL"
"B","25-10-2019","2019-10-25 00:00:00 -0500",1,99,"B102",7501,,,," ",2,"GASOHOL 90",0.78,10.82,12.77,8.47,1.53,10.00,,,,,,,"GLL"
"B","25-10-2019","2019-10-25 00:00:00 -0500",1,99,"B102",7500,,,," ",2,"GASOHOL 90",1.18,10.82,12.77,12.71,2.29,15.00,,,,,,,"GLL"
"B","25-10-2019","2019-10-25 00:00:00 -0500",1,99,"B102",7499,,,," ",2,"GASOHOL 90",1.57,10.82,12.77,16.95,3.05,20.00,,,,,,,"GLL"
"B","25-10-2019","2019-10-25 00:00:00 -0500",1,99,"B102",7498,,,," ",2,"GASOHOL 90",1.18,10.82,12.77,12.71,2.29,15.00,,,,,,,"GLL"
"B","25-10-2019","2019-10-25 00:00:00 -0500",1,99,"B102",7497,,,," ",3,"GASOHOL 95",2.18,11.67,13.77,25.42,4.58,30.00,,,,,,,"GLL"
"B","25-10-2019","2019-10-25 00:00:00 -0500",1,99,"B102",7496,,,," ",2,"GASOHOL 90",0.55,10.82,12.77,5.93,1.07,7.00,,,,,,,"GLL"
"B","25-10-2019","2019-10-25 00:00:00 -0500",1,99,"B102",7495,,,," ",3,"GASOHOL 95",0.73,11.67,13.77,8.47,1.53,10.00,,,,,,,"GLL"
"B","25-10-2019","2019-10-25 00:00:00 -0500",1,99,"B102",7494,,,," ",5,"DIESEL PRO B5",3.36,10.08,11.89,33.90,6.10,40.00,,,,,,,"GLL"
"B","25-10-2019","2019-10-25 00:00:00 -0500",1,99,"B102",7493,,,," ",2,"GASOHOL 90",0.78,10.82,12.77,8.47,1.53,10.00,,,,,,,"GLL"
"B","25-10-2019","2019-10-25 00:00:00 -0500",1,99,"B102",7492,,,," ",2,"GASOHOL 90",0.78,10.82,12.77,8.47,1.53,10.00,,,,,,,"GLL"
"B","25-10-2019","2019-10-25 00:00:00 -0500",1,99,"B102",7491,,,," ",2,"GASOHOL 90",0.39,10.82,12.77,4.24,0.76,5.00,,,,,,,"GLL"
"B","25-10-2019","2019-10-25 00:00:00 -0500",1,99,"B102",7490,,,," ",2,"GASOHOL 90",8.3,10.82,12.77,89.86,16.18,106.04,,,,,,,"GLL"
"B","25-10-2019","2019-10-25 00:00:00 -0500",1,99,"B102",7489,,,," ",3,"GASOHOL 95",1.45,11.67,13.77,16.95,3.05,20.00,,,,,,,"GLL"
"B","25-10-2019","2019-10-25 00:00:00 -0500",1,99,"B102",7488,,,," ",5,"DIESEL PRO B5",4.21,10.08,11.89,42.37,7.63,50.00,,,,,,,"GLL"
"B","25-10-2019","2019-10-25 00:00:00 -0500",1,99,"B103",19772,,,," ",7,"GLP",24.39,0.98,1.16,23.97,4.32,28.29,,,,,,,"LTR"
"B","25-10-2019","2019-10-25 00:00:00 -0500",1,99,"B103",19771,,,," ",7,"GLP",42.78,0.98,1.16,42.05,7.57,49.62,,,,,,,"LTR"
"B","25-10-2019","2019-10-25 00:00:00 -0500",1,99,"B103",19770,,,," ",7,"GLP",6.9,0.98,1.16,6.78,1.22,8.00,,,,,,,"LTR"
"B","25-10-2019","2019-10-25 00:00:00 -0500",1,99,"B103",19769,,,," ",7,"GLP",10.78,0.98,1.16,10.59,1.91,12.50,,,,,,,"LTR"
"B","25-10-2019","2019-10-25 00:00:00 -0500",1,99,"B103",19768,,,," ",7,"GLP",30.72,0.98,1.16,30.20,5.44,35.64,,,,,,,"LTR"
"B","25-10-2019","2019-10-25 00:00:00 -0500",1,99,"B103",19767,,,," ",7,"GLP",19.21,0.98,1.16,18.88,3.40,22.28,,,,,,,"LTR"
"B","25-10-2019","2019-10-25 00:00:00 -0500",1,99,"B103",19766,,,," ",7,"GLP",4.31,0.98,1.16,4.24,0.76,5.00,,,,,,,"LTR"
"B","25-10-2019","2019-10-25 00:00:00 -0500",1,99,"B103",19765,,,," ",7,"GLP",17.24,0.98,1.16,16.95,3.05,20.00,,,,,,,"LTR"
"B","25-10-2019","2019-10-25 00:00:00 -0500",1,99,"B103",19764,,,," ",7,"GLP",30.47,0.98,1.16,29.96,5.39,35.35,,,,,,,"LTR"
"B","25-10-2019","2019-10-25 00:00:00 -0500",1,99,"B103",19763,,,," ",7,"GLP",23.14,0.98,1.16,22.75,4.09,26.84,,,,,,,"LTR"
"B","25-10-2019","2019-10-25 00:00:00 -0500",1,99,"B103",19762,,,," ",7,"GLP",17.24,0.98,1.16,16.95,3.05,20.00,,,,,,,"LTR"
"B","25-10-2019","2019-10-25 00:00:00 -0500",1,99,"B103",19761,,,," ",7,"GLP",12.93,0.98,1.16,12.71,2.29,15.00,,,,,,,"LTR"
"B","25-10-2019","2019-10-25 00:00:00 -0500",1,99,"B103",19760,,,," ",7,"GLP",8.62,0.98,1.16,8.47,1.53,10.00,,,,,,,"LTR"
"B","25-10-2019","2019-10-25 00:00:00 -0500",1,99,"B103",19759,,,," ",7,"GLP",17.24,0.98,1.16,16.95,3.05,20.00,,,,,,,"LTR"
"B","25-10-2019","2019-10-25 00:00:00 -0500",1,99,"B103",19758,,,," ",7,"GLP",8.62,0.98,1.16,8.47,1.53,10.00,,,,,,,"LTR"
"B","25-10-2019","2019-10-25 00:00:00 -0500",1,99,"B103",19757,,,," ",7,"GLP",8.62,0.98,1.16,8.47,1.53,10.00,,,,,,,"LTR"
"B","25-10-2019","2019-10-25 00:00:00 -0500",1,99,"B103",19756,,,," ",7,"GLP",11.21,0.98,1.16,11.02,1.98,13.00,,,,,,,"LTR"
"B","25-10-2019","2019-10-25 00:00:00 -0500",1,99,"B103",19755,,,," ",7,"GLP",15.71,0.98,1.16,15.44,2.78,18.22,,,,,,,"LTR"
"B","25-10-2019","2019-10-25 00:00:00 -0500",1,99,"B103",19754,,,," ",7,"GLP",32.15,0.98,1.16,31.60,5.69,37.29,,,,,,,"LTR"
"B","25-10-2019","2019-10-25 00:00:00 -0500",1,99,"B103",19753,,,," ",7,"GLP",17.24,0.98,1.16,16.95,3.05,20.00,,,,,,,"LTR"
"B","25-10-2019","2019-10-25 00:00:00 -0500",1,99,"B103",19752,,,," ",7,"GLP",8.62,0.98,1.16,8.47,1.53,10.00,,,,,,,"LTR"
"B","25-10-2019","2019-10-25 00:00:00 -0500",1,99,"B103",19751,,,," ",7,"GLP",17.24,0.98,1.16,16.95,3.05,20.00,,,,,,,"LTR"
"B","25-10-2019","2019-10-25 00:00:00 -0500",1,99,"B103",19750,,,," ",7,"GLP",10.57,0.98,1.16,10.39,1.87,12.26,,,,,,,"LTR"
"B","25-10-2019","2019-10-25 00:00:00 -0500",1,99,"B103",19749,,,," ",7,"GLP",6.55,0.98,1.16,6.44,1.16,7.60,,,,,,,"LTR"
"B","25-10-2019","2019-10-25 00:00:00 -0500",1,99,"B103",19748,,,," ",7,"GLP",2.04,0.98,1.16,2.01,0.36,2.37,,,,,,,"LTR"
"B","25-10-2019","2019-10-25 00:00:00 -0500",1,99,"B103",19747,,,," ",7,"GLP",17.24,0.98,1.16,16.95,3.05,20.00,,,,,,,"LTR"
"B","25-10-2019","2019-10-25 00:00:00 -0500",1,99,"B103",19746,,,," ",7,"GLP",14.66,0.98,1.16,14.41,2.59,17.00,,,,,,,"LTR"
"B","25-10-2019","2019-10-25 00:00:00 -0500",1,99,"B103",19745,,,," ",7,"GLP",5.46,0.98,1.16,5.36,0.97,6.33,,,,,,,"LTR"
"B","25-10-2019","2019-10-25 00:00:00 -0500",1,99,"B103",19744,,,," ",7,"GLP",13.65,0.98,1.16,13.42,2.41,15.83,,,,,,,"LTR"
"B","25-10-2019","2019-10-25 00:00:00 -0500",1,99,"B103",19743,,,," ",7,"GLP",12.94,0.98,1.16,12.72,2.29,15.01,,,,,,,"LTR"
"B","25-10-2019","2019-10-25 00:00:00 -0500",1,99,"B103",19742,,,," ",7,"GLP",17.09,0.98,1.16,16.80,3.02,19.82,,,,,,,"LTR"
"B","25-10-2019","2019-10-25 00:00:00 -0500",1,99,"B103",19741,,,," ",7,"GLP",34.48,0.98,1.16,33.90,6.10,40.00,,,,,,,"LTR"
"B","25-10-2019","2019-10-25 00:00:00 -0500",1,99,"B103",19740,,,," ",7,"GLP",22.45,0.98,1.16,22.07,3.97,26.04,,,,,,,"LTR"
"B","25-10-2019","2019-10-25 00:00:00 -0500",1,99,"B103",19739,,,," ",7,"GLP",26.83,0.98,1.16,26.37,4.75,31.12,,,,,,,"LTR"
"B","25-10-2019","2019-10-25 00:00:00 -0500",1,99,"B103",19738,,,," ",7,"GLP",15.05,0.98,1.16,14.80,2.66,17.46,,,,,,,"LTR"
"B","25-10-2019","2019-10-25 00:00:00 -0500",1,99,"B103",19737,,,," ",7,"GLP",4.31,0.98,1.16,4.24,0.76,5.00,,,,,,,"LTR"
"B","25-10-2019","2019-10-25 00:00:00 -0500",1,99,"B103",19736,,,," ",7,"GLP",4.31,0.98,1.16,4.24,0.76,5.00,,,,,,,"LTR"
"B","25-10-2019","2019-10-25 00:00:00 -0500",1,99,"B103",19735,,,," ",7,"GLP",17.24,0.98,1.16,16.95,3.05,20.00,,,,,,,"LTR"
"B","25-10-2019","2019-10-25 00:00:00 -0500",1,99,"B103",19734,,,," ",7,"GLP",10.35,0.98,1.16,10.17,1.83,12.00,,,,,,,"LTR"
"B","25-10-2019","2019-10-25 00:00:00 -0500",1,99,"B103",19733,,,," ",7,"GLP",9.05,0.98,1.16,8.90,1.60,10.50,,,,,,,"LTR"
"B","25-10-2019","2019-10-25 00:00:00 -0500",1,99,"B103",19732,,,," ",7,"GLP",12.93,0.98,1.16,12.71,2.29,15.00,,,,,,,"LTR"
"B","25-10-2019","2019-10-25 00:00:00 -0500",1,99,"B103",19731,,,," ",7,"GLP",12.93,0.98,1.16,12.71,2.29,15.00,,,,,,,"LTR"
"B","25-10-2019","2019-10-25 00:00:00 -0500",1,99,"B103",19730,,,," ",7,"GLP",34.1,0.98,1.16,33.52,6.03,39.55,,,,,,,"LTR"
"B","25-10-2019","2019-10-25 00:00:00 -0500",1,99,"B103",19729,,,," ",7,"GLP",16.38,0.98,1.16,16.10,2.90,19.00,,,,,,,"LTR"
"B","25-10-2019","2019-10-25 00:00:00 -0500",1,99,"B103",19728,,,," ",7,"GLP",25.86,0.98,1.16,25.42,4.58,30.00,,,,,,,"LTR"
"B","25-10-2019","2019-10-25 00:00:00 -0500",1,99,"B103",19727,,,," ",7,"GLP",30.17,0.98,1.16,29.66,5.34,35.00,,,,,,,"LTR"
"B","25-10-2019","2019-10-25 00:00:00 -0500",1,99,"B103",19726,,,," ",7,"GLP",8.62,0.98,1.16,8.47,1.53,10.00,,,,,,,"LTR"
"B","25-10-2019","2019-10-25 00:00:00 -0500",1,99,"B103",19725,,,," ",7,"GLP",5.17,0.98,1.16,5.08,0.92,6.00,,,,,,,"LTR"
"B","25-10-2019","2019-10-25 00:00:00 -0500",1,99,"B103",19724,,,," ",7,"GLP",8.62,0.98,1.16,8.47,1.53,10.00,,,,,,,"LTR"
"B","25-10-2019","2019-10-25 00:00:00 -0500",1,99,"B103",19723,,,," ",7,"GLP",12.93,0.98,1.16,12.71,2.29,15.00,,,,,,,"LTR"
"B","25-10-2019","2019-10-25 00:00:00 -0500",1,99,"B103",19722,,,," ",7,"GLP",22.89,0.98,1.16,22.50,4.05,26.55,,,,,,,"LTR"
"B","25-10-2019","2019-10-25 00:00:00 -0500",1,99,"B103",19721,,,," ",7,"GLP",4.31,0.98,1.16,4.24,0.76,5.00,,,,,,,"LTR"
"B","25-10-2019","2019-10-25 00:00:00 -0500",1,99,"B103",19720,,,," ",7,"GLP",8.62,0.98,1.16,8.47,1.53,10.00,,,,,,,"LTR"
"B","25-10-2019","2019-10-25 00:00:00 -0500",1,99,"B103",19719,,,," ",7,"GLP",12.93,0.98,1.16,12.71,2.29,15.00,,,,,,,"LTR"
"B","25-10-2019","2019-10-25 00:00:00 -0500",1,99,"B103",19718,,,," ",7,"GLP",12.93,0.98,1.16,12.71,2.29,15.00,,,,,,,"LTR"
"B","25-10-2019","2019-10-25 00:00:00 -0500",1,99,"B103",19717,,,," ",7,"GLP",6.9,0.98,1.16,6.78,1.22,8.00,,,,,,,"LTR"
"B","25-10-2019","2019-10-25 00:00:00 -0500",1,99,"B103",19716,,,," ",7,"GLP",5.17,0.98,1.16,5.08,0.92,6.00,,,,,,,"LTR"
"B","25-10-2019","2019-10-25 00:00:00 -0500",1,99,"B103",19715,,,," ",7,"GLP",8.72,0.98,1.16,8.57,1.54,10.11,,,,,,,"LTR"
"B","25-10-2019","2019-10-25 00:00:00 -0500",1,99,"B103",19714,,,," ",7,"GLP",9.48,0.98,1.16,9.32,1.68,11.00,,,,,,,"LTR"
"B","25-10-2019","2019-10-25 00:00:00 -0500",1,99,"B103",19713,,,," ",7,"GLP",24.03,0.98,1.16,23.62,4.25,27.87,,,,,,,"LTR"
"B","25-10-2019","2019-10-25 00:00:00 -0500",1,99,"B103",19712,,,," ",7,"GLP",15.53,0.98,1.16,15.27,2.75,18.02,,,,,,,"LTR"
"B","25-10-2019","2019-10-25 00:00:00 -0500",1,99,"B103",19711,,,," ",7,"GLP",13.24,0.98,1.16,13.02,2.34,15.36,,,,,,,"LTR"
"B","25-10-2019","2019-10-25 00:00:00 -0500",1,99,"B103",19710,,,," ",7,"GLP",8.62,0.98,1.16,8.47,1.53,10.00,,,,,,,"LTR"
"B","25-10-2019","2019-10-25 00:00:00 -0500",1,99,"B103",19709,,,," ",7,"GLP",26.72,0.98,1.16,26.27,4.73,31.00,,,,,,,"LTR"
"B","25-10-2019","2019-10-25 00:00:00 -0500",1,99,"B103",19708,,,," ",7,"GLP",17.24,0.98,1.16,16.95,3.05,20.00,,,,,,,"LTR"
"B","25-10-2019","2019-10-25 00:00:00 -0500",1,99,"B103",19707,,,," ",7,"GLP",24.2,0.98,1.16,23.79,4.28,28.07,,,,,,,"LTR"
"B","25-10-2019","2019-10-25 00:00:00 -0500",1,99,"B103",19706,,,," ",7,"GLP",21.6,0.98,1.16,21.24,3.82,25.06,,,,,,,"LTR"
"B","25-10-2019","2019-10-25 00:00:00 -0500",1,99,"B103",19705,,,," ",7,"GLP",17.24,0.98,1.16,16.95,3.05,20.00,,,,,,,"LTR"
"B","25-10-2019","2019-10-25 00:00:00 -0500",1,99,"B103",19704,,,," ",7,"GLP",12.93,0.98,1.16,12.71,2.29,15.00,,,,,,,"LTR"
"B","25-10-2019","2019-10-25 00:00:00 -0500",1,99,"B103",19703,,,," ",7,"GLP",8.62,0.98,1.16,8.47,1.53,10.00,,,,,,,"LTR"
"B","25-10-2019","2019-10-25 00:00:00 -0500",1,99,"B103",19702,,,," ",7,"GLP",17.24,0.98,1.16,16.95,3.05,20.00,,,,,,,"LTR"
"B","25-10-2019","2019-10-25 00:00:00 -0500",1,99,"B103",19701,,,," ",7,"GLP",64.66,0.98,1.16,63.56,11.44,75.00,,,,,,,"LTR"
"B","25-10-2019","2019-10-25 00:00:00 -0500",1,99,"B103",19700,,,," ",7,"GLP",9.31,0.98,1.16,9.15,1.65,10.80,,,,,,,"LTR"
"B","25-10-2019","2019-10-25 00:00:00 -0500",1,99,"B103",19699,,,," ",7,"GLP",17.24,0.98,1.16,16.95,3.05,20.00,,,,,,,"LTR"
"B","25-10-2019","2019-10-25 00:00:00 -0500",1,99,"B103",19698,,,," ",7,"GLP",31.48,0.98,1.16,30.95,5.57,36.52,,,,,,,"LTR"
"B","25-10-2019","2019-10-25 00:00:00 -0500",1,99,"B103",19697,,,," ",7,"GLP",8.62,0.98,1.16,8.47,1.53,10.00,,,,,,,"LTR"
"B","25-10-2019","2019-10-25 00:00:00 -0500",1,99,"B103",19696,,,," ",7,"GLP",12.66,0.98,1.16,12.45,2.24,14.69,,,,,,,"LTR"
"B","25-10-2019","2019-10-25 00:00:00 -0500",1,99,"B103",19695,,,," ",7,"GLP",17.24,0.98,1.16,16.95,3.05,20.00,,,,,,,"LTR"
"B","25-10-2019","2019-10-25 00:00:00 -0500",1,99,"B103",19694,,,," ",7,"GLP",12.93,0.98,1.16,12.71,2.29,15.00,,,,,,,"LTR"
"B","25-10-2019","2019-10-25 00:00:00 -0500",1,99,"B103",19693,,,," ",7,"GLP",25.89,0.98,1.16,25.45,4.58,30.03,,,,,,,"LTR"
"B","25-10-2019","2019-10-25 00:00:00 -0500",1,99,"B103",19692,,,," ",7,"GLP",17.24,0.98,1.16,16.95,3.05,20.00,,,,,,,"LTR"
"B","25-10-2019","2019-10-25 00:00:00 -0500",1,99,"B103",19691,,,," ",7,"GLP",8.62,0.98,1.16,8.47,1.53,10.00,,,,,,,"LTR"
"B","25-10-2019","2019-10-25 00:00:00 -0500",1,99,"B103",19690,,,," ",7,"GLP",4.31,0.98,1.16,4.24,0.76,5.00,,,,,,,"LTR"
"B","25-10-2019","2019-10-25 00:00:00 -0500",1,99,"B103",19689,,,," ",7,"GLP",8.62,0.98,1.16,8.47,1.53,10.00,,,,,,,"LTR"
"B","25-10-2019","2019-10-25 00:00:00 -0500",1,99,"B103",19688,,,," ",7,"GLP",17.24,0.98,1.16,16.95,3.05,20.00,,,,,,,"LTR"
"B","25-10-2019","2019-10-25 00:00:00 -0500",1,99,"B103",19687,,,," ",7,"GLP",4.31,0.98,1.16,4.24,0.76,5.00,,,,,,,"LTR"
"B","25-10-2019","2019-10-25 00:00:00 -0500",1,99,"B103",19686,,,," ",7,"GLP",5.17,0.98,1.16,5.08,0.92,6.00,,,,,,,"LTR"
"B","25-10-2019","2019-10-25 00:00:00 -0500",1,99,"B103",19685,,,," ",7,"GLP",8.62,0.98,1.16,8.47,1.53,10.00,,,,,,,"LTR"
"B","25-10-2019","2019-10-25 00:00:00 -0500",1,99,"B103",19684,,,," ",7,"GLP",17.47,0.98,1.16,17.18,3.09,20.27,,,,,,,"LTR"
"B","25-10-2019","2019-10-25 00:00:00 -0500",1,99,"B103",19683,,,," ",7,"GLP",12.07,0.98,1.16,11.86,2.14,14.00,,,,,,,"LTR"
"B","25-10-2019","2019-10-25 00:00:00 -0500",1,99,"B103",19682,,,," ",7,"GLP",38.34,0.98,1.16,37.69,6.78,44.47,,,,,,,"LTR"
"B","25-10-2019","2019-10-25 00:00:00 -0500",1,99,"B103",19681,,,," ",7,"GLP",8.83,0.98,1.16,8.68,1.56,10.24,,,,,,,"LTR"
"B","25-10-2019","2019-10-25 00:00:00 -0500",1,99,"B103",19680,,,," ",7,"GLP",17.24,0.98,1.16,16.95,3.05,20.00,,,,,,,"LTR"
"B","25-10-2019","2019-10-25 00:00:00 -0500",1,99,"B103",19679,,,," ",7,"GLP",8.62,0.98,1.16,8.47,1.53,10.00,,,,,,,"LTR"
"B","25-10-2019","2019-10-25 00:00:00 -0500",1,99,"B103",19678,,,," ",7,"GLP",17.24,0.98,1.16,16.95,3.05,20.00,,,,,,,"LTR"
"B","25-10-2019","2019-10-25 00:00:00 -0500",1,99,"B103",19677,,,," ",7,"GLP",12.93,0.98,1.16,12.71,2.29,15.00,,,,,,,"LTR"
"B","25-10-2019","2019-10-25 00:00:00 -0500",1,99,"B103",19676,,,," ",7,"GLP",8.62,0.98,1.16,8.47,1.53,10.00,,,,,,,"LTR"
"B","25-10-2019","2019-10-25 00:00:00 -0500",1,99,"B103",19675,,,," ",7,"GLP",4.31,0.98,1.16,4.24,0.76,5.00,,,,,,,"LTR"
"B","25-10-2019","2019-10-25 00:00:00 -0500",1,99,"B103",19674,,,," ",7,"GLP",9.35,0.98,1.16,9.19,1.65,10.84,,,,,,,"LTR"
"B","25-10-2019","2019-10-25 00:00:00 -0500",1,99,"B103",19673,,,," ",7,"GLP",17.24,0.98,1.16,16.95,3.05,20.00,,,,,,,"LTR"
"B","25-10-2019","2019-10-25 00:00:00 -0500",1,99,"B103",19672,,,," ",7,"GLP",5.18,0.98,1.16,5.09,0.92,6.01,,,,,,,"LTR"
"B","25-10-2019","2019-10-25 00:00:00 -0500",1,99,"B103",19671,,,," ",7,"GLP",8.62,0.98,1.16,8.47,1.53,10.00,,,,,,,"LTR"
"B","25-10-2019","2019-10-25 00:00:00 -0500",1,99,"B103",19670,,,," ",7,"GLP",8.62,0.98,1.16,8.47,1.53,10.00,,,,,,,"LTR"
"B","25-10-2019","2019-10-25 00:00:00 -0500",1,99,"B103",19669,,,," ",7,"GLP",12.07,0.98,1.16,11.86,2.14,14.00,,,,,,,"LTR"
"B","25-10-2019","2019-10-25 00:00:00 -0500",1,99,"B103",19668,,,," ",7,"GLP",14.66,0.98,1.16,14.41,2.59,17.00,,,,,,,"LTR"
"B","25-10-2019","2019-10-25 00:00:00 -0500",1,99,"B103",19667,,,," ",7,"GLP",29.04,0.98,1.16,28.55,5.14,33.69,,,,,,,"LTR"
"B","25-10-2019","2019-10-25 00:00:00 -0500",1,99,"B103",19666,,,," ",7,"GLP",25.86,0.98,1.16,25.42,4.58,30.00,,,,,,,"LTR"
"B","25-10-2019","2019-10-25 00:00:00 -0500",1,99,"B103",19665,,,," ",7,"GLP",8.62,0.98,1.16,8.47,1.53,10.00,,,,,,,"LTR"
"B","25-10-2019","2019-10-25 00:00:00 -0500",1,99,"B103",19664,,,," ",7,"GLP",5.17,0.98,1.16,5.08,0.92,6.00,,,,,,,"LTR"
"B","25-10-2019","2019-10-25 00:00:00 -0500",1,99,"B103",19663,,,," ",7,"GLP",11.64,0.98,1.16,11.44,2.06,13.50,,,,,,,"LTR"
"B","25-10-2019","2019-10-25 00:00:00 -0500",1,99,"B103",19662,,,," ",7,"GLP",43.1,0.98,1.16,42.37,7.63,50.00,,,,,,,"LTR"
"B","25-10-2019","2019-10-25 00:00:00 -0500",1,99,"B103",19661,,,," ",7,"GLP",25.86,0.98,1.16,25.42,4.58,30.00,,,,,,,"LTR"
"B","25-10-2019","2019-10-25 00:00:00 -0500",1,99,"B103",19660,,,," ",7,"GLP",8.62,0.98,1.16,8.47,1.53,10.00,,,,,,,"LTR"
"B","25-10-2019","2019-10-25 00:00:00 -0500",1,99,"B103",19659,,,," ",7,"GLP",12.93,0.98,1.16,12.71,2.29,15.00,,,,,,,"LTR"
"B","25-10-2019","2019-10-25 00:00:00 -0500",1,99,"B103",19658,,,," ",7,"GLP",7.75,0.98,1.16,7.62,1.37,8.99,,,,,,,"LTR"
"B","25-10-2019","2019-10-25 00:00:00 -0500",1,99,"B103",19657,,,," ",7,"GLP",8.62,0.98,1.16,8.47,1.53,10.00,,,,,,,"LTR"
"B","24-10-2019","2019-10-24 00:00:00 -0500",1,99,"B001",27465,,,," ",2,"Gasohol 90",0.79,10.75,12.69,8.47,1.53,10.00,,,,,,,"GLL"
"B","24-10-2019","2019-10-24 00:00:00 -0500",1,99,"B001",27464,,,," ",5,"DieselPro B5 S50 UV",14.19,10.03,11.84,142.37,25.63,168.00,,,,,,,"GLL"
"B","24-10-2019","2019-10-24 00:00:00 -0500",1,99,"B001",27463,,,," ",2,"Gasohol 90",1.1,10.75,12.69,11.86,2.14,14.00,,,,,,,"GLL"
"B","24-10-2019","2019-10-24 00:00:00 -0500",1,99,"B001",27462,,,," ",5,"DieselPro B5 S50 UV",10.99,10.03,11.84,110.25,19.84,130.09,,,,,,,"GLL"
"B","24-10-2019","2019-10-24 00:00:00 -0500",1,99,"B001",27461,,,," ",5,"DieselPro B5 S50 UV",16.89,10.03,11.84,169.49,30.51,200.00,,,,,,,"GLL"
"B","24-10-2019","2019-10-24 00:00:00 -0500",1,99,"B001",27460,,,," ",5,"DieselPro B5 S50 UV",12.13,10.03,11.84,121.67,21.90,143.57,,,,,,,"GLL"
"B","24-10-2019","2019-10-24 00:00:00 -0500",1,99,"B001",27459,,,," ",5,"DieselPro B5 S50 UV",6.33,10.03,11.84,63.56,11.44,75.00,,,,,,,"GLL"
"B","24-10-2019","2019-10-24 00:00:00 -0500",1,99,"B001",27458,,,," ",2,"Gasohol 90",0.79,10.75,12.69,8.47,1.53,10.00,,,,,,,"GLL"
"B","24-10-2019","2019-10-24 00:00:00 -0500",1,99,"B001",27457,,,," ",5,"DieselPro B5 S50 UV",1.86,10.03,11.84,18.64,3.36,22.00,,,,,,,"GLL"
"B","24-10-2019","2019-10-24 00:00:00 -0500",1,99,"B001",27456,,,," ",5,"DieselPro B5 S50 UV",5.63,10.03,11.84,56.47,10.17,66.64,,,,,,,"GLL"
"B","24-10-2019","2019-10-24 00:00:00 -0500",1,99,"B001",27455,,,," ",5,"DieselPro B5 S50 UV",9.8,10.03,11.84,98.36,17.71,116.07,,,,,,,"GLL"
"B","24-10-2019","2019-10-24 00:00:00 -0500",1,99,"B001",27454,,,," ",5,"DieselPro B5 S50 UV",12.67,10.03,11.84,127.12,22.88,150.00,,,,,,,"GLL"
"B","24-10-2019","2019-10-24 00:00:00 -0500",1,99,"B001",27453,,,," ",5,"DieselPro B5 S50 UV",10.98,10.03,11.84,110.17,19.83,130.00,,,,,,,"GLL"
"B","24-10-2019","2019-10-24 00:00:00 -0500",1,99,"B001",27452,,,," ",5,"DieselPro B5 S50 UV",4,10.03,11.84,40.14,7.22,47.36,,,,,,,"GLL"
"B","24-10-2019","2019-10-24 00:00:00 -0500",1,99,"B001",27451,,,," ",5,"DieselPro B5 S50 UV",15.08,10.03,11.84,151.33,27.24,178.57,,,,,,,"GLL"
"B","24-10-2019","2019-10-24 00:00:00 -0500",1,99,"B001",27450,,,," ",5,"DieselPro B5 S50 UV",3.63,10.03,11.84,36.44,6.56,43.00,,,,,,,"GLL"
"B","24-10-2019","2019-10-24 00:00:00 -0500",1,99,"B001",27449,,,," ",5,"DieselPro B5 S50 UV",10.72,10.03,11.84,107.54,19.36,126.90,,,,,,,"GLL"
"B","24-10-2019","2019-10-24 00:00:00 -0500",1,99,"B001",27448,,,," ",5,"DieselPro B5 S50 UV",6.76,10.03,11.84,67.80,12.20,80.00,,,,,,,"GLL"
"B","24-10-2019","2019-10-24 00:00:00 -0500",1,99,"B001",27447,,,," ",4,"Gasohol 98",3.23,13.13,15.49,42.37,7.63,50.00,,,,,,,"GLL"
"B","24-10-2019","2019-10-24 00:00:00 -0500",1,99,"B001",27446,,,," ",5,"DieselPro B5 S50 UV",16.47,10.03,11.84,165.25,29.75,195.00,,,,,,,"GLL"
"B","24-10-2019","2019-10-24 00:00:00 -0500",1,99,"B001",27445,,,," ",5,"DieselPro B5 S50 UV",8.16,10.03,11.84,81.92,14.74,96.66,,,,,,,"GLL"
"B","24-10-2019","2019-10-24 00:00:00 -0500",1,99,"B001",27444,,,," ",2,"Gasohol 90",0.75,10.75,12.69,8.10,1.46,9.56,,,,,,,"GLL"
"B","24-10-2019","2019-10-24 00:00:00 -0500",1,99,"B001",27443,,,," ",2,"Gasohol 90",0.24,10.75,12.69,2.54,0.46,3.00,,,,,,,"GLL"
"B","24-10-2019","2019-10-24 00:00:00 -0500",1,99,"B001",27442,,,," ",5,"DieselPro B5 S50 UV",7.6,10.03,11.84,76.27,13.73,90.00,,,,,,,"GLL"
"B","24-10-2019","2019-10-24 00:00:00 -0500",1,99,"B001",27441,,,," ",5,"DieselPro B5 S50 UV",25.34,10.03,11.84,254.24,45.76,300.00,,,,,,,"GLL"
"B","24-10-2019","2019-10-24 00:00:00 -0500",1,99,"B001",27440,,,," ",2,"Gasohol 90",3,10.75,12.69,32.26,5.81,38.07,,,,,,,"GLL"
"B","24-10-2019","2019-10-24 00:00:00 -0500",1,99,"B001",27439,,,," ",5,"DieselPro B5 S50 UV",4.22,10.03,11.84,42.37,7.63,50.00,,,,,,,"GLL"
"B","24-10-2019","2019-10-24 00:00:00 -0500",1,99,"B001",27438,,,," ",5,"DieselPro B5 S50 UV",10.14,10.03,11.84,101.69,18.31,120.00,,,,,,,"GLL"
"B","24-10-2019","2019-10-24 00:00:00 -0500",1,99,"B001",27437,,,," ",5,"DieselPro B5 S50 UV",3.38,10.03,11.84,33.90,6.10,40.00,,,,,,,"GLL"
"B","24-10-2019","2019-10-24 00:00:00 -0500",1,99,"B001",27436,,,," ",5,"DieselPro B5 S50 UV",6.76,10.03,11.84,67.80,12.20,80.00,,,,,,,"GLL"
"B","24-10-2019","2019-10-24 00:00:00 -0500",1,99,"B001",27435,,,," ",5,"DieselPro B5 S50 UV",7.69,10.03,11.84,77.13,13.88,91.01,,,,,,,"GLL"
"B","24-10-2019","2019-10-24 00:00:00 -0500",1,99,"B001",27434,,,," ",2,"Gasohol 90",0.96,10.75,12.69,10.34,1.86,12.20,,,,,,,"GLL"
"B","24-10-2019","2019-10-24 00:00:00 -0500",1,99,"B001",27433,,,," ",5,"DieselPro B5 S50 UV",1,10.03,11.84,10.03,1.81,11.84,,,,,,,"GLL"
"B","24-10-2019","2019-10-24 00:00:00 -0500",1,99,"B001",27432,,,," ",2,"Gasohol 90",1.58,10.75,12.69,16.95,3.05,20.00,,,,,,,"GLL"
"B","24-10-2019","2019-10-24 00:00:00 -0500",1,99,"B001",27431,,,," ",5,"DieselPro B5 S50 UV",5.91,10.03,11.84,59.32,10.68,70.00,,,,,,,"GLL"
"B","24-10-2019","2019-10-24 00:00:00 -0500",1,99,"B001",27430,,,," ",5,"DieselPro B5 S50 UV",6.76,10.03,11.84,67.80,12.20,80.00,,,,,,,"GLL"
"B","24-10-2019","2019-10-24 00:00:00 -0500",1,99,"B001",27429,,,," ",4,"Gasohol 98",1.61,13.13,15.49,21.19,3.81,25.00,,,,,,,"GLL"
"B","24-10-2019","2019-10-24 00:00:00 -0500",1,99,"B001",27428,,,," ",2,"Gasohol 90",0.39,10.75,12.69,4.24,0.76,5.00,,,,,,,"GLL"
"B","24-10-2019","2019-10-24 00:00:00 -0500",1,99,"B001",27427,,,," ",5,"DieselPro B5 S50 UV",5.07,10.03,11.84,50.83,9.15,59.98,,,,,,,"GLL"
"B","24-10-2019","2019-10-24 00:00:00 -0500",1,99,"B001",27426,,,," ",2,"Gasohol 90",0.16,10.75,12.69,1.69,0.31,2.00,,,,,,,"GLL"
"B","24-10-2019","2019-10-24 00:00:00 -0500",1,99,"B001",27425,,,," ",5,"DieselPro B5 S50 UV",1,10.03,11.84,10.03,1.81,11.84,,,,,,,"GLL"
"B","24-10-2019","2019-10-24 00:00:00 -0500",1,99,"B001",27424,,,," ",5,"DieselPro B5 S50 UV",0.68,10.03,11.84,6.78,1.22,8.00,,,,,,,"GLL"
"B","24-10-2019","2019-10-24 00:00:00 -0500",1,99,"B001",27423,,,," ",2,"Gasohol 90",0.63,10.75,12.69,6.78,1.22,8.00,,,,,,,"GLL"
"B","24-10-2019","2019-10-24 00:00:00 -0500",1,99,"B001",27422,,,," ",4,"Gasohol 98",9.68,13.13,15.49,127.12,22.88,150.00,,,,,,,"GLL"
"B","24-10-2019","2019-10-24 00:00:00 -0500",1,99,"B001",27421,,,," ",2,"Gasohol 90",1.07,10.75,12.69,11.54,2.08,13.62,,,,,,,"GLL"
"B","24-10-2019","2019-10-24 00:00:00 -0500",1,99,"B001",27420,,,," ",2,"Gasohol 90",1.42,10.75,12.69,15.22,2.74,17.96,,,,,,,"GLL"
"B","24-10-2019","2019-10-24 00:00:00 -0500",1,99,"B001",27419,,,," ",5,"DieselPro B5 S50 UV",7.6,10.03,11.84,76.27,13.73,90.00,,,,,,,"GLL"
"B","24-10-2019","2019-10-24 00:00:00 -0500",1,99,"B001",27418,,,," ",5,"DieselPro B5 S50 UV",0.85,10.03,11.84,8.47,1.53,10.00,,,,,,,"GLL"
"B","24-10-2019","2019-10-24 00:00:00 -0500",1,99,"B001",27417,,,," ",2,"Gasohol 90",0.39,10.75,12.69,4.24,0.76,5.00,,,,,,,"GLL"
"B","24-10-2019","2019-10-24 00:00:00 -0500",1,99,"B001",27416,,,," ",5,"DieselPro B5 S50 UV",4.22,10.03,11.84,42.37,7.63,50.00,,,,,,,"GLL"
"B","24-10-2019","2019-10-24 00:00:00 -0500",1,99,"B001",27415,,,," ",2,"Gasohol 90",1.18,10.75,12.69,12.71,2.29,15.00,,,,,,,"GLL"
"B","24-10-2019","2019-10-24 00:00:00 -0500",1,99,"B001",27414,,,," ",5,"DieselPro B5 S50 UV",3.38,10.03,11.84,33.90,6.10,40.00,,,,,,,"GLL"
"B","24-10-2019","2019-10-24 00:00:00 -0500",1,99,"B001",27413,,,," ",2,"Gasohol 90",0.32,10.75,12.69,3.39,0.61,4.00,,,,,,,"GLL"
"B","24-10-2019","2019-10-24 00:00:00 -0500",1,99,"B001",27412,,,," ",2,"Gasohol 90",0.79,10.75,12.69,8.47,1.53,10.00,,,,,,,"GLL"
"B","24-10-2019","2019-10-24 00:00:00 -0500",1,99,"B001",27411,,,," ",2,"Gasohol 90",0.39,10.75,12.69,4.24,0.76,5.00,,,,,,,"GLL"
"B","24-10-2019","2019-10-24 00:00:00 -0500",1,99,"B001",27410,,,," ",2,"Gasohol 90",1.58,10.75,12.69,16.95,3.05,20.00,,,,,,,"GLL"
"B","24-10-2019","2019-10-24 00:00:00 -0500",1,99,"B001",27409,,,," ",2,"Gasohol 90",0.79,10.75,12.69,8.47,1.53,10.00,,,,,,,"GLL"
"B","24-10-2019","2019-10-24 00:00:00 -0500",1,99,"B001",27408,,,," ",5,"DieselPro B5 S50 UV",2,10.03,11.84,20.07,3.61,23.68,,,,,,,"GLL"
"B","24-10-2019","2019-10-24 00:00:00 -0500",1,99,"B001",27407,,,," ",5,"DieselPro B5 S50 UV",8.32,10.03,11.84,83.43,15.02,98.45,,,,,,,"GLL"
"B","24-10-2019","2019-10-24 00:00:00 -0500",1,99,"B001",27406,,,," ",2,"Gasohol 90",0.79,10.75,12.69,8.47,1.53,10.00,,,,,,,"GLL"
"B","24-10-2019","2019-10-24 00:00:00 -0500",1,99,"B001",27405,,,," ",5,"DieselPro B5 S50 UV",8.19,10.03,11.84,82.21,14.80,97.01,,,,,,,"GLL"
"B","24-10-2019","2019-10-24 00:00:00 -0500",1,99,"B001",27404,,,," ",5,"DieselPro B5 S50 UV",4.22,10.03,11.84,42.37,7.63,50.00,,,,,,,"GLL"
"B","24-10-2019","2019-10-24 00:00:00 -0500",1,99,"B001",27403,,,," ",2,"Gasohol 90",0.39,10.75,12.69,4.24,0.76,5.00,,,,,,,"GLL"
"B","24-10-2019","2019-10-24 00:00:00 -0500",1,99,"B001",27402,,,," ",5,"DieselPro B5 S50 UV",6.76,10.03,11.84,67.80,12.20,80.00,,,,,,,"GLL"
"B","24-10-2019","2019-10-24 00:00:00 -0500",1,99,"B001",27401,,,," ",5,"DieselPro B5 S50 UV",3.7,10.03,11.84,37.09,6.68,43.77,,,,,,,"GLL"
"B","24-10-2019","2019-10-24 00:00:00 -0500",1,99,"B001",27400,,,," ",2,"Gasohol 90",0.39,10.75,12.69,4.24,0.76,5.00,,,,,,,"GLL"
"B","24-10-2019","2019-10-24 00:00:00 -0500",1,99,"B001",27399,,,," ",2,"Gasohol 90",1.4,10.75,12.69,15.08,2.72,17.80,,,,,,,"GLL"
"B","24-10-2019","2019-10-24 00:00:00 -0500",1,99,"B001",27398,,,," ",2,"Gasohol 90",0.51,10.75,12.69,5.44,0.98,6.42,,,,,,,"GLL"
"B","24-10-2019","2019-10-24 00:00:00 -0500",1,99,"B001",27397,,,," ",2,"Gasohol 90",0.47,10.75,12.69,5.08,0.92,6.00,,,,,,,"GLL"
"B","24-10-2019","2019-10-24 00:00:00 -0500",1,99,"B001",27396,,,," ",2,"Gasohol 90",0.47,10.75,12.69,5.08,0.92,6.00,,,,,,,"GLL"
"B","24-10-2019","2019-10-24 00:00:00 -0500",1,99,"B001",27395,,,," ",2,"Gasohol 90",0.79,10.75,12.69,8.47,1.53,10.00,,,,,,,"GLL"
"B","24-10-2019","2019-10-24 00:00:00 -0500",1,99,"B001",27394,,,," ",5,"DieselPro B5 S50 UV",1.69,10.03,11.84,16.95,3.05,20.00,,,,,,,"GLL"
"B","24-10-2019","2019-10-24 00:00:00 -0500",1,99,"B001",27393,,,," ",2,"Gasohol 90",0.32,10.75,12.69,3.39,0.61,4.00,,,,,,,"GLL"
"B","24-10-2019","2019-10-24 00:00:00 -0500",1,99,"B001",27392,,,," ",2,"Gasohol 90",0.79,10.75,12.69,8.47,1.53,10.00,,,,,,,"GLL"
"B","24-10-2019","2019-10-24 00:00:00 -0500",1,99,"B001",27391,,,," ",5,"DieselPro B5 S50 UV",2.11,10.03,11.84,21.19,3.81,25.00,,,,,,,"GLL"
"B","24-10-2019","2019-10-24 00:00:00 -0500",1,99,"B001",27390,,,," ",2,"Gasohol 90",1.18,10.75,12.69,12.71,2.29,15.00,,,,,,,"GLL"
"B","24-10-2019","2019-10-24 00:00:00 -0500",1,99,"B001",27389,,,," ",5,"DieselPro B5 S50 UV",1.27,10.03,11.84,12.71,2.29,15.00,,,,,,,"GLL"
"B","24-10-2019","2019-10-24 00:00:00 -0500",1,99,"B001",27388,,,," ",5,"DieselPro B5 S50 UV",7.01,10.03,11.84,70.33,12.66,82.99,,,,,,,"GLL"
"B","24-10-2019","2019-10-24 00:00:00 -0500",1,99,"B001",27387,,,," ",2,"Gasohol 90",0.32,10.75,12.69,3.39,0.61,4.00,,,,,,,"GLL"
"B","24-10-2019","2019-10-24 00:00:00 -0500",1,99,"B001",27386,,,," ",5,"DieselPro B5 S50 UV",1.69,10.03,11.84,16.95,3.05,20.00,,,,,,,"GLL"
"B","24-10-2019","2019-10-24 00:00:00 -0500",1,99,"B001",27385,,,," ",5,"DieselPro B5 S50 UV",4.22,10.03,11.84,42.37,7.63,50.00,,,,,,,"GLL"
"B","24-10-2019","2019-10-24 00:00:00 -0500",1,99,"B001",27384,,,," ",5,"DieselPro B5 S50 UV",15.2,10.03,11.84,152.54,27.46,180.00,,,,,,,"GLL"
"B","24-10-2019","2019-10-24 00:00:00 -0500",1,99,"B001",27383,,,," ",2,"Gasohol 90",0.79,10.75,12.69,8.47,1.53,10.00,,,,,,,"GLL"
"B","24-10-2019","2019-10-24 00:00:00 -0500",1,99,"B001",27382,,,," ",5,"DieselPro B5 S50 UV",0.68,10.03,11.84,6.78,1.22,8.00,,,,,,,"GLL"
"B","24-10-2019","2019-10-24 00:00:00 -0500",1,99,"B001",27381,,,," ",2,"Gasohol 90",0.79,10.75,12.69,8.47,1.53,10.00,,,,,,,"GLL"
"B","24-10-2019","2019-10-24 00:00:00 -0500",1,99,"B001",27380,,,," ",5,"DieselPro B5 S50 UV",4.22,10.03,11.84,42.37,7.63,50.00,,,,,,,"GLL"
"B","24-10-2019","2019-10-24 00:00:00 -0500",1,99,"B001",27379,,,," ",2,"Gasohol 90",1.1,10.75,12.69,11.86,2.14,14.00,,,,,,,"GLL"
"B","24-10-2019","2019-10-24 00:00:00 -0500",1,99,"B001",27378,,,," ",5,"DieselPro B5 S50 UV",2.53,10.03,11.84,25.42,4.58,30.00,,,,,,,"GLL"
"B","24-10-2019","2019-10-24 00:00:00 -0500",1,99,"B001",27377,,,," ",4,"Gasohol 98",3.23,13.13,15.49,42.37,7.63,50.00,,,,,,,"GLL"
"B","24-10-2019","2019-10-24 00:00:00 -0500",1,99,"B001",27376,,,," ",2,"Gasohol 90",0.24,10.75,12.69,2.54,0.46,3.00,,,,,,,"GLL"
"B","24-10-2019","2019-10-24 00:00:00 -0500",1,99,"B001",27375,,,," ",5,"DieselPro B5 S50 UV",2.53,10.03,11.84,25.42,4.58,30.00,,,,,,,"GLL"
"B","24-10-2019","2019-10-24 00:00:00 -0500",1,99,"B001",27374,,,," ",2,"Gasohol 90",1.58,10.75,12.69,16.95,3.05,20.00,,,,,,,"GLL"
"B","24-10-2019","2019-10-24 00:00:00 -0500",1,99,"B001",27373,,,," ",5,"DieselPro B5 S50 UV",0.85,10.03,11.84,8.47,1.53,10.00,,,,,,,"GLL"
"B","24-10-2019","2019-10-24 00:00:00 -0500",1,99,"B001",27372,,,," ",5,"DieselPro B5 S50 UV",2.03,10.03,11.84,20.34,3.66,24.00,,,,,,,"GLL"
"B","24-10-2019","2019-10-24 00:00:00 -0500",1,99,"B001",27371,,,," ",5,"DieselPro B5 S50 UV",9.29,10.03,11.84,93.25,16.78,110.03,,,,,,,"GLL"
"B","24-10-2019","2019-10-24 00:00:00 -0500",1,99,"B001",27370,,,," ",5,"DieselPro B5 S50 UV",0.85,10.03,11.84,8.47,1.53,10.00,,,,,,,"GLL"
"B","24-10-2019","2019-10-24 00:00:00 -0500",1,99,"B001",27369,,,," ",2,"Gasohol 90",0.55,10.75,12.69,5.93,1.07,7.00,,,,,,,"GLL"
"B","24-10-2019","2019-10-24 00:00:00 -0500",1,99,"B001",27368,,,," ",5,"DieselPro B5 S50 UV",1.69,10.03,11.84,16.95,3.05,20.00,,,,,,,"GLL"
"B","24-10-2019","2019-10-24 00:00:00 -0500",1,99,"B001",27367,,,," ",5,"DieselPro B5 S50 UV",7.94,10.03,11.84,79.67,14.34,94.01,,,,,,,"GLL"
"B","24-10-2019","2019-10-24 00:00:00 -0500",1,99,"B001",27366,,,," ",2,"Gasohol 90",1.58,10.75,12.69,16.95,3.05,20.00,,,,,,,"GLL"
"B","24-10-2019","2019-10-24 00:00:00 -0500",1,99,"B001",27365,,,," ",5,"DieselPro B5 S50 UV",4.22,10.03,11.84,42.37,7.63,50.00,,,,,,,"GLL"
"B","24-10-2019","2019-10-24 00:00:00 -0500",1,99,"B001",27364,,,," ",5,"DieselPro B5 S50 UV",1.69,10.03,11.84,16.95,3.05,20.00,,,,,,,"GLL"
"B","24-10-2019","2019-10-24 00:00:00 -0500",1,99,"B001",27363,,,," ",4,"Gasohol 98",0.97,13.13,15.49,12.71,2.29,15.00,,,,,,,"GLL"
"B","24-10-2019","2019-10-24 00:00:00 -0500",1,99,"B001",27362,,,," ",5,"DieselPro B5 S50 UV",0.76,10.03,11.84,7.63,1.37,9.00,,,,,,,"GLL"
"B","24-10-2019","2019-10-24 00:00:00 -0500",1,99,"B001",27361,,,," ",2,"Gasohol 90",0.71,10.75,12.69,7.63,1.37,9.00,,,,,,,"GLL"
"B","24-10-2019","2019-10-24 00:00:00 -0500",1,99,"B001",27360,,,," ",2,"Gasohol 90",3.15,10.75,12.69,33.90,6.10,40.00,,,,,,,"GLL"
"B","24-10-2019","2019-10-24 00:00:00 -0500",1,99,"B001",27359,,,," ",5,"DieselPro B5 S50 UV",1.27,10.03,11.84,12.71,2.29,15.00,,,,,,,"GLL"
"B","24-10-2019","2019-10-24 00:00:00 -0500",1,99,"B001",27358,,,," ",2,"Gasohol 90",0.39,10.75,12.69,4.24,0.76,5.00,,,,,,,"GLL"
"B","24-10-2019","2019-10-24 00:00:00 -0500",1,99,"B001",27357,,,," ",5,"DieselPro B5 S50 UV",1.69,10.03,11.84,16.95,3.05,20.00,,,,,,,"GLL"
"B","24-10-2019","2019-10-24 00:00:00 -0500",1,99,"B001",27356,,,," ",2,"Gasohol 90",0.39,10.75,12.69,4.24,0.76,5.00,,,,,,,"GLL"
"B","24-10-2019","2019-10-24 00:00:00 -0500",1,99,"B001",27355,,,," ",5,"DieselPro B5 S50 UV",14.36,10.03,11.84,144.07,25.93,170.00,,,,,,,"GLL"
"B","24-10-2019","2019-10-24 00:00:00 -0500",1,99,"B001",27354,,,," ",2,"Gasohol 90",1.18,10.75,12.69,12.71,2.29,15.00,,,,,,,"GLL"
"B","24-10-2019","2019-10-24 00:00:00 -0500",1,99,"B001",27353,,,," ",5,"DieselPro B5 S50 UV",2.53,10.03,11.84,25.42,4.58,30.00,,,,,,,"GLL"
"B","24-10-2019","2019-10-24 00:00:00 -0500",1,99,"B001",27352,,,," ",5,"DieselPro B5 S50 UV",2.53,10.03,11.84,25.42,4.58,30.00,,,,,,,"GLL"
"B","24-10-2019","2019-10-24 00:00:00 -0500",1,99,"B001",27351,,,," ",2,"Gasohol 90",0.79,10.75,12.69,8.47,1.53,10.00,,,,,,,"GLL"
"B","24-10-2019","2019-10-24 00:00:00 -0500",1,99,"B001",27350,,,," ",2,"Gasohol 90",0.39,10.75,12.69,4.24,0.76,5.00,,,,,,,"GLL"
"B","24-10-2019","2019-10-24 00:00:00 -0500",1,99,"B001",27349,,,," ",4,"Gasohol 98",1.29,13.13,15.49,16.95,3.05,20.00,,,,,,,"GLL"
"B","24-10-2019","2019-10-24 00:00:00 -0500",1,99,"B001",27348,,,," ",2,"Gasohol 90",0.79,10.75,12.69,8.47,1.53,10.00,,,,,,,"GLL"
"B","24-10-2019","2019-10-24 00:00:00 -0500",1,99,"B001",27347,,,," ",5,"DieselPro B5 S50 UV",2.45,10.03,11.84,24.58,4.43,29.01,,,,,,,"GLL"
"B","24-10-2019","2019-10-24 00:00:00 -0500",1,99,"B001",27346,,,," ",5,"DieselPro B5 S50 UV",5.91,10.03,11.84,59.32,10.68,70.00,,,,,,,"GLL"
"B","24-10-2019","2019-10-24 00:00:00 -0500",1,99,"B001",27345,,,," ",5,"DieselPro B5 S50 UV",2.53,10.03,11.84,25.42,4.58,30.00,,,,,,,"GLL"
"B","24-10-2019","2019-10-24 00:00:00 -0500",1,99,"B001",27344,,,," ",5,"DieselPro B5 S50 UV",4.22,10.03,11.84,42.37,7.63,50.00,,,,,,,"GLL"
"B","24-10-2019","2019-10-24 00:00:00 -0500",1,99,"B002",162242,,,," ",7,"GLP",9.92,1.03,1.21,10.17,1.83,12.00,,,,,,,"LTR"
"B","24-10-2019","2019-10-24 00:00:00 -0500",1,99,"B002",162241,,,," ",7,"GLP",4.96,1.03,1.21,5.08,0.92,6.00,,,,,,,"LTR"
"B","24-10-2019","2019-10-24 00:00:00 -0500",1,99,"B002",162240,,,," ",7,"GLP",5.79,1.03,1.21,5.93,1.07,7.00,,,,,,,"LTR"
"B","24-10-2019","2019-10-24 00:00:00 -0500",1,99,"B002",162239,,,," ",7,"GLP",4.96,1.03,1.21,5.08,0.92,6.00,,,,,,,"LTR"
"B","24-10-2019","2019-10-24 00:00:00 -0500",1,99,"B002",162238,,,," ",7,"GLP",10.74,1.03,1.21,11.01,1.98,12.99,,,,,,,"LTR"
"B","24-10-2019","2019-10-24 00:00:00 -0500",1,99,"B002",162237,,,," ",7,"GLP",8.6,1.03,1.21,8.81,1.59,10.40,,,,,,,"LTR"
"B","24-10-2019","2019-10-24 00:00:00 -0500",1,99,"B002",162236,,,," ",7,"GLP",4.13,1.03,1.21,4.24,0.76,5.00,,,,,,,"LTR"
"B","24-10-2019","2019-10-24 00:00:00 -0500",1,99,"B002",162235,,,," ",7,"GLP",24.79,1.03,1.21,25.42,4.58,30.00,,,,,,,"LTR"
"B","24-10-2019","2019-10-24 00:00:00 -0500",1,99,"B002",162234,,,," ",7,"GLP",41.32,1.03,1.21,42.37,7.63,50.00,,,,,,,"LTR"
"B","24-10-2019","2019-10-24 00:00:00 -0500",1,99,"B002",162233,,,," ",7,"GLP",14.37,1.03,1.21,14.74,2.65,17.39,,,,,,,"LTR"
"B","24-10-2019","2019-10-24 00:00:00 -0500",1,99,"B002",162232,,,," ",7,"GLP",4.13,1.03,1.21,4.24,0.76,5.00,,,,,,,"LTR"
"B","24-10-2019","2019-10-24 00:00:00 -0500",1,99,"B002",162231,,,," ",7,"GLP",8.72,1.03,1.21,8.94,1.61,10.55,,,,,,,"LTR"
"B","24-10-2019","2019-10-24 00:00:00 -0500",1,99,"B002",162230,,,," ",7,"GLP",21.49,1.03,1.21,22.03,3.97,26.00,,,,,,,"LTR"
"B","24-10-2019","2019-10-24 00:00:00 -0500",1,99,"B002",162229,,,," ",7,"GLP",16.53,1.03,1.21,16.95,3.05,20.00,,,,,,,"LTR"
"B","24-10-2019","2019-10-24 00:00:00 -0500",1,99,"B002",162228,,,," ",7,"GLP",8.26,1.03,1.21,8.47,1.53,10.00,,,,,,,"LTR"
"B","24-10-2019","2019-10-24 00:00:00 -0500",1,99,"B002",162227,,,," ",7,"GLP",23.31,1.03,1.21,23.90,4.30,28.20,,,,,,,"LTR"
"B","24-10-2019","2019-10-24 00:00:00 -0500",1,99,"B002",162226,,,," ",7,"GLP",14.55,1.03,1.21,14.92,2.68,17.60,,,,,,,"LTR"
"B","24-10-2019","2019-10-24 00:00:00 -0500",1,99,"B002",162225,,,," ",7,"GLP",5.79,1.03,1.21,5.93,1.07,7.00,,,,,,,"LTR"
"B","24-10-2019","2019-10-24 00:00:00 -0500",1,99,"B002",162224,,,," ",7,"GLP",5.79,1.03,1.21,5.93,1.07,7.00,,,,,,,"LTR"
"B","24-10-2019","2019-10-24 00:00:00 -0500",1,99,"B002",162223,,,," ",7,"GLP",33.07,1.03,1.21,33.91,6.10,40.01,,,,,,,"LTR"
"B","24-10-2019","2019-10-24 00:00:00 -0500",1,99,"B002",162222,,,," ",7,"GLP",9.92,1.03,1.21,10.17,1.83,12.00,,,,,,,"LTR"
"B","24-10-2019","2019-10-24 00:00:00 -0500",1,99,"B002",162221,,,," ",7,"GLP",43.74,1.03,1.21,44.85,8.07,52.92,,,,,,,"LTR"
"B","24-10-2019","2019-10-24 00:00:00 -0500",1,99,"B002",162220,,,," ",7,"GLP",6.61,1.03,1.21,6.78,1.22,8.00,,,,,,,"LTR"
"B","24-10-2019","2019-10-24 00:00:00 -0500",1,99,"B002",162219,,,," ",7,"GLP",6.78,1.03,1.21,6.95,1.25,8.20,,,,,,,"LTR"
"B","24-10-2019","2019-10-24 00:00:00 -0500",1,99,"B002",162218,,,," ",7,"GLP",8.26,1.03,1.21,8.47,1.53,10.00,,,,,,,"LTR"
"B","24-10-2019","2019-10-24 00:00:00 -0500",1,99,"B002",162217,,,," ",7,"GLP",20.66,1.03,1.21,21.19,3.81,25.00,,,,,,,"LTR"
"B","24-10-2019","2019-10-24 00:00:00 -0500",1,99,"B002",162216,,,," ",7,"GLP",5.79,1.03,1.21,5.93,1.07,7.00,,,,,,,"LTR"
"B","24-10-2019","2019-10-24 00:00:00 -0500",1,99,"B002",162215,,,," ",7,"GLP",8.26,1.03,1.21,8.47,1.53,10.00,,,,,,,"LTR"
"B","24-10-2019","2019-10-24 00:00:00 -0500",1,99,"B002",162214,,,," ",7,"GLP",8.26,1.03,1.21,8.47,1.53,10.00,,,,,,,"LTR"
"B","24-10-2019","2019-10-24 00:00:00 -0500",1,99,"B002",162213,,,," ",7,"GLP",4.13,1.03,1.21,4.24,0.76,5.00,,,,,,,"LTR"
"B","24-10-2019","2019-10-24 00:00:00 -0500",1,99,"B002",162212,,,," ",7,"GLP",4.13,1.03,1.21,4.24,0.76,5.00,,,,,,,"LTR"
"B","24-10-2019","2019-10-24 00:00:00 -0500",1,99,"B002",162211,,,," ",7,"GLP",5.79,1.03,1.21,5.93,1.07,7.00,,,,,,,"LTR"
"B","24-10-2019","2019-10-24 00:00:00 -0500",1,99,"B002",162210,,,," ",7,"GLP",21.32,1.03,1.21,21.86,3.94,25.80,,,,,,,"LTR"
"B","24-10-2019","2019-10-24 00:00:00 -0500",1,99,"B002",162209,,,," ",7,"GLP",4.96,1.03,1.21,5.08,0.92,6.00,,,,,,,"LTR"
"B","24-10-2019","2019-10-24 00:00:00 -0500",1,99,"B002",162208,,,," ",7,"GLP",8.1,1.03,1.21,8.31,1.49,9.80,,,,,,,"LTR"
"B","24-10-2019","2019-10-24 00:00:00 -0500",1,99,"B002",162207,,,," ",7,"GLP",11.98,1.03,1.21,12.29,2.21,14.50,,,,,,,"LTR"
"B","24-10-2019","2019-10-24 00:00:00 -0500",1,99,"B002",162206,,,," ",7,"GLP",12.4,1.03,1.21,12.71,2.29,15.00,,,,,,,"LTR"
"B","24-10-2019","2019-10-24 00:00:00 -0500",1,99,"B002",162205,,,," ",7,"GLP",8.26,1.03,1.21,8.47,1.53,10.00,,,,,,,"LTR"
"B","24-10-2019","2019-10-24 00:00:00 -0500",1,99,"B002",162204,,,," ",7,"GLP",37.27,1.03,1.21,38.22,6.88,45.10,,,,,,,"LTR"
"B","24-10-2019","2019-10-24 00:00:00 -0500",1,99,"B002",162203,,,," ",7,"GLP",8.26,1.03,1.21,8.47,1.53,10.00,,,,,,,"LTR"
"B","24-10-2019","2019-10-24 00:00:00 -0500",1,99,"B002",162202,,,," ",7,"GLP",8.26,1.03,1.21,8.47,1.53,10.00,,,,,,,"LTR"
"B","24-10-2019","2019-10-24 00:00:00 -0500",1,99,"B002",162201,,,," ",7,"GLP",4.96,1.03,1.21,5.08,0.92,6.00,,,,,,,"LTR"
"B","24-10-2019","2019-10-24 00:00:00 -0500",1,99,"B002",162200,,,," ",7,"GLP",30.5,1.03,1.21,31.28,5.63,36.91,,,,,,,"LTR"
"B","24-10-2019","2019-10-24 00:00:00 -0500",1,99,"B002",162199,,,," ",7,"GLP",16.53,1.03,1.21,16.95,3.05,20.00,,,,,,,"LTR"
"B","24-10-2019","2019-10-24 00:00:00 -0500",1,99,"B002",162198,,,," ",7,"GLP",4.13,1.03,1.21,4.24,0.76,5.00,,,,,,,"LTR"
"B","24-10-2019","2019-10-24 00:00:00 -0500",1,99,"B002",162197,,,," ",2,"Gasohol 90",0.79,10.75,12.69,8.47,1.53,10.00,,,,,,,"GLL"
"B","24-10-2019","2019-10-24 00:00:00 -0500",1,99,"B002",162196,,,," ",7,"GLP",4.13,1.03,1.21,4.24,0.76,5.00,,,,,,,"LTR"
"B","24-10-2019","2019-10-24 00:00:00 -0500",1,99,"B002",162195,,,," ",7,"GLP",10.74,1.03,1.21,11.02,1.98,13.00,,,,,,,"LTR"
"B","24-10-2019","2019-10-24 00:00:00 -0500",1,99,"B002",162194,,,," ",7,"GLP",15.08,1.03,1.21,15.47,2.78,18.25,,,,,,,"LTR"
"B","24-10-2019","2019-10-24 00:00:00 -0500",1,99,"B002",162193,,,," ",7,"GLP",17.18,1.03,1.21,17.62,3.17,20.79,,,,,,,"LTR"
"B","24-10-2019","2019-10-24 00:00:00 -0500",1,99,"B002",162192,,,," ",7,"GLP",4.13,1.03,1.21,4.24,0.76,5.00,,,,,,,"LTR"
"B","24-10-2019","2019-10-24 00:00:00 -0500",1,99,"B002",162191,,,," ",7,"GLP",9.92,1.03,1.21,10.17,1.83,12.00,,,,,,,"LTR"
"B","24-10-2019","2019-10-24 00:00:00 -0500",1,99,"B002",162190,,,," ",7,"GLP",8.26,1.03,1.21,8.47,1.53,10.00,,,,,,,"LTR"
"B","24-10-2019","2019-10-24 00:00:00 -0500",1,99,"B002",162189,,,," ",7,"GLP",8.26,1.03,1.21,8.47,1.53,10.00,,,,,,,"LTR"
"B","24-10-2019","2019-10-24 00:00:00 -0500",1,99,"B002",162188,,,," ",7,"GLP",2.48,1.03,1.21,2.54,0.46,3.00,,,,,,,"LTR"
"B","24-10-2019","2019-10-24 00:00:00 -0500",1,99,"B002",162187,,,," ",7,"GLP",16.53,1.03,1.21,16.95,3.05,20.00,,,,,,,"LTR"
"B","24-10-2019","2019-10-24 00:00:00 -0500",1,99,"B002",162186,,,," ",7,"GLP",16.53,1.03,1.21,16.95,3.05,20.00,,,,,,,"LTR"
"B","24-10-2019","2019-10-24 00:00:00 -0500",1,99,"B002",162185,,,," ",5,"DieselPro B5 S50 UV",7.18,10.03,11.84,72.03,12.97,85.00,,,,,,,"GLL"
"B","24-10-2019","2019-10-24 00:00:00 -0500",1,99,"B002",162184,,,," ",7,"GLP",4.13,1.03,1.21,4.24,0.76,5.00,,,,,,,"LTR"
"B","24-10-2019","2019-10-24 00:00:00 -0500",1,99,"B002",162183,,,," ",7,"GLP",24.79,1.03,1.21,25.42,4.58,30.00,,,,,,,"LTR"
"B","24-10-2019","2019-10-24 00:00:00 -0500",1,99,"B002",162182,,,," ",7,"GLP",28.84,1.03,1.21,29.57,5.32,34.89,,,,,,,"LTR"
"B","24-10-2019","2019-10-24 00:00:00 -0500",1,99,"B002",162181,,,," ",7,"GLP",12.39,1.03,1.21,12.70,2.29,14.99,,,,,,,"LTR"
"B","24-10-2019","2019-10-24 00:00:00 -0500",1,99,"B002",162180,,,," ",7,"GLP",4.96,1.03,1.21,5.08,0.92,6.00,,,,,,,"LTR"
"B","24-10-2019","2019-10-24 00:00:00 -0500",1,99,"B002",162179,,,," ",7,"GLP",28.93,1.03,1.21,29.66,5.34,35.00,,,,,,,"LTR"
"B","24-10-2019","2019-10-24 00:00:00 -0500",1,99,"B002",162178,,,," ",7,"GLP",49.59,1.03,1.21,50.85,9.15,60.00,,,,,,,"LTR"
"B","24-10-2019","2019-10-24 00:00:00 -0500",1,99,"B002",162177,,,," ",7,"GLP",16.53,1.03,1.21,16.95,3.05,20.00,,,,,,,"LTR"
"B","24-10-2019","2019-10-24 00:00:00 -0500",1,99,"B002",162176,,,," ",7,"GLP",5.79,1.03,1.21,5.93,1.07,7.00,,,,,,,"LTR"
"B","24-10-2019","2019-10-24 00:00:00 -0500",1,99,"B002",162175,,,," ",7,"GLP",4.13,1.03,1.21,4.24,0.76,5.00,,,,,,,"LTR"
"B","24-10-2019","2019-10-24 00:00:00 -0500",1,99,"B002",162174,,,," ",7,"GLP",4.96,1.03,1.21,5.08,0.92,6.00,,,,,,,"LTR"
"B","24-10-2019","2019-10-24 00:00:00 -0500",1,99,"B002",162173,,,," ",7,"GLP",4.13,1.03,1.21,4.24,0.76,5.00,,,,,,,"LTR"
"B","24-10-2019","2019-10-24 00:00:00 -0500",1,99,"B002",162172,,,," ",7,"GLP",9.09,1.03,1.21,9.32,1.68,11.00,,,,,,,"LTR"
"B","24-10-2019","2019-10-24 00:00:00 -0500",1,99,"B002",162171,,,," ",7,"GLP",20.66,1.03,1.21,21.19,3.81,25.00,,,,,,,"LTR"
"B","24-10-2019","2019-10-24 00:00:00 -0500",1,99,"B002",162170,,,," ",7,"GLP",10.5,1.03,1.21,10.76,1.94,12.70,,,,,,,"LTR"
"B","24-10-2019","2019-10-24 00:00:00 -0500",1,99,"B002",162169,,,," ",7,"GLP",8.6,1.03,1.21,8.81,1.59,10.40,,,,,,,"LTR"
"B","24-10-2019","2019-10-24 00:00:00 -0500",1,99,"B002",162168,,,," ",7,"GLP",4.96,1.03,1.21,5.08,0.92,6.00,,,,,,,"LTR"
"B","24-10-2019","2019-10-24 00:00:00 -0500",1,99,"B002",162167,,,," ",7,"GLP",3.31,1.03,1.21,3.39,0.61,4.00,,,,,,,"LTR"
"B","24-10-2019","2019-10-24 00:00:00 -0500",1,99,"B002",162166,,,," ",7,"GLP",8.26,1.03,1.21,8.47,1.53,10.00,,,,,,,"LTR"
"B","24-10-2019","2019-10-24 00:00:00 -0500",1,99,"B002",162165,,,," ",7,"GLP",7.44,1.03,1.21,7.63,1.37,9.00,,,,,,,"LTR"
"B","24-10-2019","2019-10-24 00:00:00 -0500",1,99,"B002",162164,,,," ",7,"GLP",8.26,1.03,1.21,8.47,1.53,10.00,,,,,,,"LTR"
"B","24-10-2019","2019-10-24 00:00:00 -0500",1,99,"B002",162163,,,," ",7,"GLP",8.26,1.03,1.21,8.47,1.53,10.00,,,,,,,"LTR"
"B","24-10-2019","2019-10-24 00:00:00 -0500",1,99,"B002",162162,,,," ",7,"GLP",16.53,1.03,1.21,16.95,3.05,20.00,,,,,,,"LTR"
"B","24-10-2019","2019-10-24 00:00:00 -0500",1,99,"B002",162161,,,," ",7,"GLP",12.4,1.03,1.21,12.71,2.29,15.00,,,,,,,"LTR"
"B","24-10-2019","2019-10-24 00:00:00 -0500",1,99,"B002",162160,,,," ",2,"Gasohol 90",0.55,10.75,12.69,5.93,1.07,7.00,,,,,,,"GLL"
"B","24-10-2019","2019-10-24 00:00:00 -0500",1,99,"B002",162159,,,," ",7,"GLP",12.4,1.03,1.21,12.71,2.29,15.00,,,,,,,"LTR"
"B","24-10-2019","2019-10-24 00:00:00 -0500",1,99,"B002",162158,,,," ",5,"DieselPro B5 S50 UV",13.89,10.03,11.84,139.33,25.08,164.41,,,,,,,"GLL"
"B","24-10-2019","2019-10-24 00:00:00 -0500",1,99,"B002",162157,,,," ",7,"GLP",4.13,1.03,1.21,4.24,0.76,5.00,,,,,,,"LTR"
"B","24-10-2019","2019-10-24 00:00:00 -0500",1,99,"B002",162156,,,," ",7,"GLP",16.53,1.03,1.21,16.95,3.05,20.00,,,,,,,"LTR"
"B","24-10-2019","2019-10-24 00:00:00 -0500",1,99,"B002",162155,,,," ",7,"GLP",11.57,1.03,1.21,11.86,2.14,14.00,,,,,,,"LTR"
"B","24-10-2019","2019-10-24 00:00:00 -0500",1,99,"B002",162154,,,," ",7,"GLP",8.26,1.03,1.21,8.47,1.53,10.00,,,,,,,"LTR"
"B","24-10-2019","2019-10-24 00:00:00 -0500",1,99,"B002",162153,,,," ",7,"GLP",4.13,1.03,1.21,4.24,0.76,5.00,,,,,,,"LTR"
"B","24-10-2019","2019-10-24 00:00:00 -0500",1,99,"B002",162152,,,," ",7,"GLP",6.61,1.03,1.21,6.78,1.22,8.00,,,,,,,"LTR"
"B","24-10-2019","2019-10-24 00:00:00 -0500",1,99,"B002",162151,,,," ",7,"GLP",8.26,1.03,1.21,8.47,1.53,10.00,,,,,,,"LTR"
"B","24-10-2019","2019-10-24 00:00:00 -0500",1,99,"B002",162150,,,," ",7,"GLP",4.13,1.03,1.21,4.24,0.76,5.00,,,,,,,"LTR"
"B","24-10-2019","2019-10-24 00:00:00 -0500",1,99,"B002",162149,,,," ",7,"GLP",6.61,1.03,1.21,6.78,1.22,8.00,,,,,,,"LTR"
"B","24-10-2019","2019-10-24 00:00:00 -0500",1,99,"B002",162148,,,," ",7,"GLP",8.26,1.03,1.21,8.47,1.53,10.00,,,,,,,"LTR"
"B","24-10-2019","2019-10-24 00:00:00 -0500",1,99,"B002",162147,,,," ",7,"GLP",12.4,1.03,1.21,12.71,2.29,15.00,,,,,,,"LTR"
"B","24-10-2019","2019-10-24 00:00:00 -0500",1,99,"B002",162146,,,," ",7,"GLP",18.68,1.03,1.21,19.15,3.45,22.60,,,,,,,"LTR"
"B","24-10-2019","2019-10-24 00:00:00 -0500",1,99,"B002",162145,,,," ",7,"GLP",12.4,1.03,1.21,12.71,2.29,15.00,,,,,,,"LTR"
"B","24-10-2019","2019-10-24 00:00:00 -0500",1,99,"B002",162144,,,," ",7,"GLP",16.53,1.03,1.21,16.95,3.05,20.00,,,,,,,"LTR"
"B","24-10-2019","2019-10-24 00:00:00 -0500",1,99,"B002",162143,,,," ",7,"GLP",8.26,1.03,1.21,8.47,1.53,10.00,,,,,,,"LTR"
"B","24-10-2019","2019-10-24 00:00:00 -0500",1,99,"B002",162142,,,," ",7,"GLP",30,1.03,1.21,30.76,5.54,36.30,,,,,,,"LTR"
"B","24-10-2019","2019-10-24 00:00:00 -0500",1,99,"B002",162141,,,," ",7,"GLP",12.4,1.03,1.21,12.71,2.29,15.00,,,,,,,"LTR"
"B","24-10-2019","2019-10-24 00:00:00 -0500",1,99,"B002",162140,,,," ",7,"GLP",13.21,1.03,1.21,13.54,2.44,15.98,,,,,,,"LTR"
"B","24-10-2019","2019-10-24 00:00:00 -0500",1,99,"B002",162139,,,," ",7,"GLP",4.96,1.03,1.21,5.08,0.92,6.00,,,,,,,"LTR"
"B","24-10-2019","2019-10-24 00:00:00 -0500",1,99,"B002",162138,,,," ",7,"GLP",29.34,1.03,1.21,30.08,5.42,35.50,,,,,,,"LTR"
"B","24-10-2019","2019-10-24 00:00:00 -0500",1,99,"B002",162137,,,," ",7,"GLP",6.12,1.03,1.21,6.27,1.13,7.40,,,,,,,"LTR"
"B","24-10-2019","2019-10-24 00:00:00 -0500",1,99,"B002",162136,,,," ",7,"GLP",8.26,1.03,1.21,8.47,1.53,10.00,,,,,,,"LTR"
"B","24-10-2019","2019-10-24 00:00:00 -0500",1,99,"B002",162135,,,," ",7,"GLP",14.96,1.03,1.21,15.34,2.76,18.10,,,,,,,"LTR"
"B","24-10-2019","2019-10-24 00:00:00 -0500",1,99,"B002",162134,,,," ",7,"GLP",24.79,1.03,1.21,25.42,4.58,30.00,,,,,,,"LTR"
"B","24-10-2019","2019-10-24 00:00:00 -0500",1,99,"B002",162133,,,," ",7,"GLP",4.13,1.03,1.21,4.24,0.76,5.00,,,,,,,"LTR"
"B","24-10-2019","2019-10-24 00:00:00 -0500",1,99,"B002",162132,,,," ",7,"GLP",4.96,1.03,1.21,5.08,0.92,6.00,,,,,,,"LTR"
"B","24-10-2019","2019-10-24 00:00:00 -0500",1,99,"B002",162131,,,," ",7,"GLP",19.84,1.03,1.21,20.34,3.66,24.00,,,,,,,"LTR"
"B","24-10-2019","2019-10-24 00:00:00 -0500",1,99,"B002",162130,,,," ",7,"GLP",8.26,1.03,1.21,8.47,1.53,10.00,,,,,,,"LTR"
"B","24-10-2019","2019-10-24 00:00:00 -0500",1,99,"B002",162129,,,," ",7,"GLP",8.26,1.03,1.21,8.47,1.53,10.00,,,,,,,"LTR"
"B","24-10-2019","2019-10-24 00:00:00 -0500",1,99,"B002",162128,,,," ",2,"Gasohol 90",0.79,10.75,12.69,8.47,1.53,10.00,,,,,,,"GLL"
"B","24-10-2019","2019-10-24 00:00:00 -0500",1,99,"B002",162127,,,," ",5,"DieselPro B5 S50 UV",7.6,10.03,11.84,76.30,13.73,90.03,,,,,,,"GLL"
"B","24-10-2019","2019-10-24 00:00:00 -0500",1,99,"B002",162126,,,," ",7,"GLP",8.26,1.03,1.21,8.47,1.53,10.00,,,,,,,"LTR"
"B","24-10-2019","2019-10-24 00:00:00 -0500",1,99,"B002",162125,,,," ",7,"GLP",5.79,1.03,1.21,5.93,1.07,7.00,,,,,,,"LTR"
"B","24-10-2019","2019-10-24 00:00:00 -0500",1,99,"B002",162124,,,," ",7,"GLP",8.26,1.03,1.21,8.47,1.53,10.00,,,,,,,"LTR"
"B","24-10-2019","2019-10-24 00:00:00 -0500",1,99,"B002",162123,,,," ",7,"GLP",4.22,1.03,1.21,4.33,0.78,5.11,,,,,,,"LTR"
"B","24-10-2019","2019-10-24 00:00:00 -0500",1,99,"B002",162122,,,," ",7,"GLP",16.53,1.03,1.21,16.95,3.05,20.00,,,,,,,"LTR"
"B","24-10-2019","2019-10-24 00:00:00 -0500",1,99,"B002",162121,,,," ",7,"GLP",8.26,1.03,1.21,8.47,1.53,10.00,,,,,,,"LTR"
"B","24-10-2019","2019-10-24 00:00:00 -0500",1,99,"B002",162120,,,," ",7,"GLP",5.95,1.03,1.21,6.10,1.10,7.20,,,,,,,"LTR"
"B","24-10-2019","2019-10-24 00:00:00 -0500",1,99,"B002",162119,,,," ",7,"GLP",4.96,1.03,1.21,5.08,0.92,6.00,,,,,,,"LTR"
"B","24-10-2019","2019-10-24 00:00:00 -0500",1,99,"B002",162118,,,," ",7,"GLP",1.22,1.03,1.21,1.25,0.22,1.47,,,,,,,"LTR"
"B","24-10-2019","2019-10-24 00:00:00 -0500",1,99,"B002",162117,,,," ",7,"GLP",36.78,1.03,1.21,37.71,6.79,44.50,,,,,,,"LTR"
"B","24-10-2019","2019-10-24 00:00:00 -0500",1,99,"B002",162116,,,," ",7,"GLP",5.79,1.03,1.21,5.93,1.07,7.00,,,,,,,"LTR"
"B","24-10-2019","2019-10-24 00:00:00 -0500",1,99,"B002",162115,,,," ",7,"GLP",4.96,1.03,1.21,5.08,0.92,6.00,,,,,,,"LTR"
"B","24-10-2019","2019-10-24 00:00:00 -0500",1,99,"B002",162114,,,," ",7,"GLP",4.13,1.03,1.21,4.24,0.76,5.00,,,,,,,"LTR"
"B","24-10-2019","2019-10-24 00:00:00 -0500",1,99,"B002",162113,,,," ",7,"GLP",11.57,1.03,1.21,11.86,2.14,14.00,,,,,,,"LTR"
"B","24-10-2019","2019-10-24 00:00:00 -0500",1,99,"B002",162112,,,," ",7,"GLP",7.44,1.03,1.21,7.63,1.37,9.00,,,,,,,"LTR"
"B","24-10-2019","2019-10-24 00:00:00 -0500",1,99,"B002",162111,,,," ",5,"DieselPro B5 S50 UV",5.49,10.03,11.84,55.08,9.92,65.00,,,,,,,"GLL"
"B","24-10-2019","2019-10-24 00:00:00 -0500",1,99,"B002",162110,,,," ",7,"GLP",9.09,1.03,1.21,9.32,1.68,11.00,,,,,,,"LTR"
"B","24-10-2019","2019-10-24 00:00:00 -0500",1,99,"B002",162109,,,," ",7,"GLP",4.13,1.03,1.21,4.24,0.76,5.00,,,,,,,"LTR"
"B","24-10-2019","2019-10-24 00:00:00 -0500",1,99,"B002",162108,,,," ",7,"GLP",6.61,1.03,1.21,6.78,1.22,8.00,,,,,,,"LTR"
"B","24-10-2019","2019-10-24 00:00:00 -0500",1,99,"B002",162107,,,," ",7,"GLP",8.26,1.03,1.21,8.47,1.53,10.00,,,,,,,"LTR"
"B","24-10-2019","2019-10-24 00:00:00 -0500",1,99,"B002",162106,,,," ",7,"GLP",8.26,1.03,1.21,8.47,1.53,10.00,,,,,,,"LTR"
"B","24-10-2019","2019-10-24 00:00:00 -0500",1,99,"B002",162105,,,," ",7,"GLP",4.13,1.03,1.21,4.24,0.76,5.00,,,,,,,"LTR"
"B","24-10-2019","2019-10-24 00:00:00 -0500",1,99,"B002",162104,,,," ",7,"GLP",4.13,1.03,1.21,4.24,0.76,5.00,,,,,,,"LTR"
"B","24-10-2019","2019-10-24 00:00:00 -0500",1,99,"B002",162103,,,," ",7,"GLP",8.26,1.03,1.21,8.47,1.53,10.00,,,,,,,"LTR"
"B","24-10-2019","2019-10-24 00:00:00 -0500",1,99,"B002",162102,,,," ",7,"GLP",11.56,1.03,1.21,11.86,2.13,13.99,,,,,,,"LTR"
"B","24-10-2019","2019-10-24 00:00:00 -0500",1,99,"B002",162101,,,," ",7,"GLP",8.26,1.03,1.21,8.47,1.53,10.00,,,,,,,"LTR"
"B","24-10-2019","2019-10-24 00:00:00 -0500",1,99,"B002",162100,,,," ",4,"Gasohol 98",0.65,13.13,15.49,8.47,1.53,10.00,,,,,,,"GLL"
"B","24-10-2019","2019-10-24 00:00:00 -0500",1,99,"B002",162099,,,," ",7,"GLP",4.13,1.03,1.21,4.24,0.76,5.00,,,,,,,"LTR"
"B","24-10-2019","2019-10-24 00:00:00 -0500",1,99,"B002",162098,,,," ",7,"GLP",6.46,1.03,1.21,6.62,1.19,7.81,,,,,,,"LTR"
"B","24-10-2019","2019-10-24 00:00:00 -0500",1,99,"B002",162097,,,," ",7,"GLP",17.36,1.03,1.21,17.80,3.20,21.00,,,,,,,"LTR"
"B","24-10-2019","2019-10-24 00:00:00 -0500",1,99,"B002",162096,,,," ",7,"GLP",8.02,1.03,1.21,8.22,1.48,9.70,,,,,,,"LTR"
"B","24-10-2019","2019-10-24 00:00:00 -0500",1,99,"B002",162095,,,," ",7,"GLP",16.53,1.03,1.21,16.95,3.05,20.00,,,,,,,"LTR"
"B","24-10-2019","2019-10-24 00:00:00 -0500",1,99,"B002",162094,,,," ",7,"GLP",8.26,1.03,1.21,8.47,1.53,10.00,,,,,,,"LTR"
"B","24-10-2019","2019-10-24 00:00:00 -0500",1,99,"B002",162093,,,," ",7,"GLP",2.48,1.03,1.21,2.54,0.46,3.00,,,,,,,"LTR"
"B","24-10-2019","2019-10-24 00:00:00 -0500",1,99,"B002",162092,,,," ",7,"GLP",16.53,1.03,1.21,16.95,3.05,20.00,,,,,,,"LTR"
"B","24-10-2019","2019-10-24 00:00:00 -0500",1,99,"B002",162091,,,," ",7,"GLP",4.96,1.03,1.21,5.08,0.92,6.00,,,,,,,"LTR"
"B","24-10-2019","2019-10-24 00:00:00 -0500",1,99,"B002",162090,,,," ",7,"GLP",12.35,1.03,1.21,12.66,2.28,14.94,,,,,,,"LTR"
"B","24-10-2019","2019-10-24 00:00:00 -0500",1,99,"B002",162089,,,," ",7,"GLP",8.43,1.03,1.21,8.64,1.56,10.20,,,,,,,"LTR"
"B","24-10-2019","2019-10-24 00:00:00 -0500",1,99,"B002",162088,,,," ",7,"GLP",8.26,1.03,1.21,8.47,1.53,10.00,,,,,,,"LTR"
"B","24-10-2019","2019-10-24 00:00:00 -0500",1,99,"B002",162087,,,," ",7,"GLP",22.31,1.03,1.21,22.88,4.12,27.00,,,,,,,"LTR"
"B","24-10-2019","2019-10-24 00:00:00 -0500",1,99,"B002",162086,,,," ",7,"GLP",8.26,1.03,1.21,8.47,1.53,10.00,,,,,,,"LTR"
"B","24-10-2019","2019-10-24 00:00:00 -0500",1,99,"B002",162085,,,," ",7,"GLP",6.61,1.03,1.21,6.78,1.22,8.00,,,,,,,"LTR"
"B","24-10-2019","2019-10-24 00:00:00 -0500",1,99,"B002",162084,,,," ",7,"GLP",16.53,1.03,1.21,16.95,3.05,20.00,,,,,,,"LTR"
"B","24-10-2019","2019-10-24 00:00:00 -0500",1,99,"B002",162083,,,," ",7,"GLP",4.13,1.03,1.21,4.24,0.76,5.00,,,,,,,"LTR"
"B","24-10-2019","2019-10-24 00:00:00 -0500",1,99,"B002",162082,,,," ",7,"GLP",8.26,1.03,1.21,8.47,1.53,10.00,,,,,,,"LTR"
"B","24-10-2019","2019-10-24 00:00:00 -0500",1,99,"B002",162081,,,," ",7,"GLP",4.13,1.03,1.21,4.24,0.76,5.00,,,,,,,"LTR"
"B","24-10-2019","2019-10-24 00:00:00 -0500",1,99,"B002",162080,,,," ",7,"GLP",4.13,1.03,1.21,4.24,0.76,5.00,,,,,,,"LTR"
"B","24-10-2019","2019-10-24 00:00:00 -0500",1,99,"B002",162079,,,," ",7,"GLP",8.26,1.03,1.21,8.47,1.53,10.00,,,,,,,"LTR"
"B","24-10-2019","2019-10-24 00:00:00 -0500",1,99,"B002",162078,,,," ",7,"GLP",11.57,1.03,1.21,11.86,2.14,14.00,,,,,,,"LTR"
"B","24-10-2019","2019-10-24 00:00:00 -0500",1,99,"B002",162077,,,," ",7,"GLP",12.4,1.03,1.21,12.71,2.29,15.00,,,,,,,"LTR"
"B","24-10-2019","2019-10-24 00:00:00 -0500",1,99,"B002",162076,,,," ",7,"GLP",5.79,1.03,1.21,5.93,1.07,7.00,,,,,,,"LTR"
"B","24-10-2019","2019-10-24 00:00:00 -0500",1,99,"B002",162075,,,," ",7,"GLP",8.26,1.03,1.21,8.47,1.53,10.00,,,,,,,"LTR"
"B","24-10-2019","2019-10-24 00:00:00 -0500",1,99,"B002",162074,,,," ",7,"GLP",9.92,1.03,1.21,10.17,1.83,12.00,,,,,,,"LTR"
"B","24-10-2019","2019-10-24 00:00:00 -0500",1,99,"B002",162073,,,," ",7,"GLP",10.9,1.03,1.21,11.18,2.01,13.19,,,,,,,"LTR"
"B","24-10-2019","2019-10-24 00:00:00 -0500",1,99,"B002",162072,,,," ",7,"GLP",9.92,1.03,1.21,10.17,1.83,12.00,,,,,,,"LTR"
"B","24-10-2019","2019-10-24 00:00:00 -0500",1,99,"B002",162071,,,," ",7,"GLP",14.05,1.03,1.21,14.41,2.59,17.00,,,,,,,"LTR"
"B","24-10-2019","2019-10-24 00:00:00 -0500",1,99,"B002",162070,,,," ",7,"GLP",25.63,1.03,1.21,26.28,4.73,31.01,,,,,,,"LTR"
"B","24-10-2019","2019-10-24 00:00:00 -0500",1,99,"B002",162069,,,," ",7,"GLP",18.1,1.03,1.21,18.56,3.34,21.90,,,,,,,"LTR"
"B","24-10-2019","2019-10-24 00:00:00 -0500",1,99,"B002",162068,,,," ",7,"GLP",8.26,1.03,1.21,8.47,1.53,10.00,,,,,,,"LTR"
"B","24-10-2019","2019-10-24 00:00:00 -0500",1,99,"B002",162067,,,," ",7,"GLP",7.19,1.03,1.21,7.37,1.33,8.70,,,,,,,"LTR"
"B","24-10-2019","2019-10-24 00:00:00 -0500",1,99,"B002",162066,,,," ",5,"DieselPro B5 S50 UV",7.6,10.03,11.84,76.27,13.73,90.00,,,,,,,"GLL"
"B","24-10-2019","2019-10-24 00:00:00 -0500",1,99,"B002",162065,,,," ",7,"GLP",4.13,1.03,1.21,4.24,0.76,5.00,,,,,,,"LTR"
"B","24-10-2019","2019-10-24 00:00:00 -0500",1,99,"B002",162064,,,," ",7,"GLP",7.85,1.03,1.21,8.05,1.45,9.50,,,,,,,"LTR"
"B","24-10-2019","2019-10-24 00:00:00 -0500",1,99,"B002",162063,,,," ",7,"GLP",8.76,1.03,1.21,8.98,1.62,10.60,,,,,,,"LTR"
"B","24-10-2019","2019-10-24 00:00:00 -0500",1,99,"B002",162062,,,," ",7,"GLP",6.61,1.03,1.21,6.78,1.22,8.00,,,,,,,"LTR"
"B","24-10-2019","2019-10-24 00:00:00 -0500",1,99,"B002",162061,,,," ",7,"GLP",4.96,1.03,1.21,5.08,0.92,6.00,,,,,,,"LTR"
"B","24-10-2019","2019-10-24 00:00:00 -0500",1,99,"B002",162060,,,," ",7,"GLP",8.26,1.03,1.21,8.47,1.53,10.00,,,,,,,"LTR"
"B","24-10-2019","2019-10-24 00:00:00 -0500",1,99,"B002",162059,,,," ",7,"GLP",2.48,1.03,1.21,2.54,0.46,3.00,,,,,,,"LTR"
"B","24-10-2019","2019-10-24 00:00:00 -0500",1,99,"B002",162058,,,," ",7,"GLP",4.96,1.03,1.21,5.08,0.92,6.00,,,,,,,"LTR"
"B","24-10-2019","2019-10-24 00:00:00 -0500",1,99,"B002",162057,,,," ",7,"GLP",6.61,1.03,1.21,6.78,1.22,8.00,,,,,,,"LTR"
"B","24-10-2019","2019-10-24 00:00:00 -0500",1,99,"B002",162056,,,," ",7,"GLP",8.26,1.03,1.21,8.47,1.53,10.00,,,,,,,"LTR"
"B","24-10-2019","2019-10-24 00:00:00 -0500",1,99,"B002",162055,,,," ",7,"GLP",25.12,1.03,1.21,25.76,4.64,30.40,,,,,,,"LTR"
"B","24-10-2019","2019-10-24 00:00:00 -0500",1,99,"B002",162054,,,," ",7,"GLP",8.26,1.03,1.21,8.47,1.53,10.00,,,,,,,"LTR"
"B","24-10-2019","2019-10-24 00:00:00 -0500",1,99,"B002",162053,,,," ",7,"GLP",6.61,1.03,1.21,6.78,1.22,8.00,,,,,,,"LTR"
"B","24-10-2019","2019-10-24 00:00:00 -0500",1,99,"B002",162052,,,," ",7,"GLP",4.13,1.03,1.21,4.24,0.76,5.00,,,,,,,"LTR"
"B","24-10-2019","2019-10-24 00:00:00 -0500",1,99,"B002",162051,,,," ",7,"GLP",8.26,1.03,1.21,8.47,1.53,10.00,,,,,,,"LTR"
"B","24-10-2019","2019-10-24 00:00:00 -0500",1,99,"B002",162050,,,," ",7,"GLP",5.79,1.03,1.21,5.93,1.07,7.00,,,,,,,"LTR"
"B","24-10-2019","2019-10-24 00:00:00 -0500",1,99,"B002",162049,,,," ",7,"GLP",16.53,1.03,1.21,16.95,3.05,20.00,,,,,,,"LTR"
"B","24-10-2019","2019-10-24 00:00:00 -0500",1,99,"B002",162048,,,," ",7,"GLP",4.13,1.03,1.21,4.24,0.76,5.00,,,,,,,"LTR"
"B","24-10-2019","2019-10-24 00:00:00 -0500",1,99,"B002",162047,,,," ",4,"Gasohol 98",0.97,13.13,15.49,12.71,2.29,15.00,,,,,,,"GLL"
"B","24-10-2019","2019-10-24 00:00:00 -0500",1,99,"B002",162046,,,," ",7,"GLP",8.26,1.03,1.21,8.47,1.53,10.00,,,,,,,"LTR"
"B","24-10-2019","2019-10-24 00:00:00 -0500",1,99,"B002",162045,,,," ",7,"GLP",5.79,1.03,1.21,5.93,1.07,7.00,,,,,,,"LTR"
"B","24-10-2019","2019-10-24 00:00:00 -0500",1,99,"B002",162044,,,," ",7,"GLP",12.4,1.03,1.21,12.71,2.29,15.00,,,,,,,"LTR"
"B","24-10-2019","2019-10-24 00:00:00 -0500",1,99,"B002",162043,,,," ",7,"GLP",5.79,1.03,1.21,5.93,1.07,7.00,,,,,,,"LTR"
"B","24-10-2019","2019-10-24 00:00:00 -0500",1,99,"B002",162042,,,," ",7,"GLP",12.4,1.03,1.21,12.71,2.29,15.00,,,,,,,"LTR"
"B","24-10-2019","2019-10-24 00:00:00 -0500",1,99,"B002",162041,,,," ",7,"GLP",20.66,1.03,1.21,21.19,3.81,25.00,,,,,,,"LTR"
"B","24-10-2019","2019-10-24 00:00:00 -0500",1,99,"B002",162040,,,," ",7,"GLP",6.61,1.03,1.21,6.78,1.22,8.00,,,,,,,"LTR"
"B","24-10-2019","2019-10-24 00:00:00 -0500",1,99,"B002",162039,,,," ",7,"GLP",4.13,1.03,1.21,4.24,0.76,5.00,,,,,,,"LTR"
"B","24-10-2019","2019-10-24 00:00:00 -0500",1,99,"B002",162038,,,," ",7,"GLP",5.79,1.03,1.21,5.93,1.07,7.00,,,,,,,"LTR"
"B","24-10-2019","2019-10-24 00:00:00 -0500",1,99,"B002",162037,,,," ",7,"GLP",4.96,1.03,1.21,5.08,0.92,6.00,,,,,,,"LTR"
"B","24-10-2019","2019-10-24 00:00:00 -0500",1,99,"B002",162036,,,," ",7,"GLP",5.79,1.03,1.21,5.93,1.07,7.00,,,,,,,"LTR"
"B","24-10-2019","2019-10-24 00:00:00 -0500",1,99,"B002",162035,,,," ",7,"GLP",8.26,1.03,1.21,8.47,1.53,10.00,,,,,,,"LTR"
"B","24-10-2019","2019-10-24 00:00:00 -0500",1,99,"B002",162034,,,," ",7,"GLP",8.26,1.03,1.21,8.47,1.53,10.00,,,,,,,"LTR"
"B","24-10-2019","2019-10-24 00:00:00 -0500",1,99,"B002",162033,,,," ",7,"GLP",2.48,1.03,1.21,2.54,0.46,3.00,,,,,,,"LTR"
"B","24-10-2019","2019-10-24 00:00:00 -0500",1,99,"B002",162032,,,," ",7,"GLP",11.56,1.03,1.21,11.86,2.13,13.99,,,,,,,"LTR"
"B","24-10-2019","2019-10-24 00:00:00 -0500",1,99,"B002",162031,,,," ",7,"GLP",12.4,1.03,1.21,12.71,2.29,15.00,,,,,,,"LTR"
"B","24-10-2019","2019-10-24 00:00:00 -0500",1,99,"B002",162030,,,," ",7,"GLP",4.96,1.03,1.21,5.08,0.92,6.00,,,,,,,"LTR"
"B","24-10-2019","2019-10-24 00:00:00 -0500",1,99,"B002",162029,,,," ",7,"GLP",3.31,1.03,1.21,3.39,0.61,4.00,,,,,,,"LTR"
"B","24-10-2019","2019-10-24 00:00:00 -0500",1,99,"B002",162028,,,," ",7,"GLP",8.26,1.03,1.21,8.47,1.53,10.00,,,,,,,"LTR"
"B","24-10-2019","2019-10-24 00:00:00 -0500",1,99,"B002",162027,,,," ",7,"GLP",9.92,1.03,1.21,10.17,1.83,12.00,,,,,,,"LTR"
"B","24-10-2019","2019-10-24 00:00:00 -0500",1,99,"B002",162026,,,," ",7,"GLP",20.66,1.03,1.21,21.19,3.81,25.00,,,,,,,"LTR"
"B","24-10-2019","2019-10-24 00:00:00 -0500",1,99,"B002",162025,,,," ",7,"GLP",5.79,1.03,1.21,5.93,1.07,7.00,,,,,,,"LTR"
"B","24-10-2019","2019-10-24 00:00:00 -0500",1,99,"B002",162024,,,," ",7,"GLP",8.26,1.03,1.21,8.47,1.53,10.00,,,,,,,"LTR"
"B","24-10-2019","2019-10-24 00:00:00 -0500",1,99,"B002",162023,,,," ",7,"GLP",24.79,1.03,1.21,25.42,4.58,30.00,,,,,,,"LTR"
"B","24-10-2019","2019-10-24 00:00:00 -0500",1,99,"B002",162022,,,," ",7,"GLP",20.32,1.03,1.21,20.84,3.75,24.59,,,,,,,"LTR"
"B","24-10-2019","2019-10-24 00:00:00 -0500",1,99,"B002",162021,,,," ",7,"GLP",4.13,1.03,1.21,4.24,0.76,5.00,,,,,,,"LTR"
"B","24-10-2019","2019-10-24 00:00:00 -0500",1,99,"B002",162020,,,," ",7,"GLP",9.09,1.03,1.21,9.32,1.68,11.00,,,,,,,"LTR"
"B","24-10-2019","2019-10-24 00:00:00 -0500",1,99,"B002",162019,,,," ",7,"GLP",5.79,1.03,1.21,5.93,1.07,7.00,,,,,,,"LTR"
"B","24-10-2019","2019-10-24 00:00:00 -0500",1,99,"B002",162018,,,," ",7,"GLP",10.74,1.03,1.21,11.02,1.98,13.00,,,,,,,"LTR"
"B","24-10-2019","2019-10-24 00:00:00 -0500",1,99,"B002",162017,,,," ",7,"GLP",8.26,1.03,1.21,8.47,1.53,10.00,,,,,,,"LTR"
"B","24-10-2019","2019-10-24 00:00:00 -0500",1,99,"B002",162016,,,," ",7,"GLP",6.61,1.03,1.21,6.78,1.22,8.00,,,,,,,"LTR"
"B","24-10-2019","2019-10-24 00:00:00 -0500",1,99,"B002",162015,,,," ",2,"Gasohol 90",0.39,10.75,12.69,4.24,0.76,5.00,,,,,,,"GLL"
"B","24-10-2019","2019-10-24 00:00:00 -0500",1,99,"B002",162014,,,," ",7,"GLP",6.61,1.03,1.21,6.78,1.22,8.00,,,,,,,"LTR"
"B","24-10-2019","2019-10-24 00:00:00 -0500",1,99,"B002",162013,,,," ",7,"GLP",4.13,1.03,1.21,4.24,0.76,5.00,,,,,,,"LTR"
"B","24-10-2019","2019-10-24 00:00:00 -0500",1,99,"B002",162012,,,," ",7,"GLP",6.61,1.03,1.21,6.78,1.22,8.00,,,,,,,"LTR"
"B","24-10-2019","2019-10-24 00:00:00 -0500",1,99,"B002",162011,,,," ",7,"GLP",10.34,1.03,1.21,10.60,1.91,12.51,,,,,,,"LTR"
"B","24-10-2019","2019-10-24 00:00:00 -0500",1,99,"B002",162010,,,," ",7,"GLP",9.09,1.03,1.21,9.32,1.68,11.00,,,,,,,"LTR"
"B","24-10-2019","2019-10-24 00:00:00 -0500",1,99,"B002",162009,,,," ",7,"GLP",5.79,1.03,1.21,5.93,1.07,7.00,,,,,,,"LTR"
"B","24-10-2019","2019-10-24 00:00:00 -0500",1,99,"B002",162008,,,," ",7,"GLP",5.79,1.03,1.21,5.93,1.07,7.00,,,,,,,"LTR"
"B","24-10-2019","2019-10-24 00:00:00 -0500",1,99,"B002",162007,,,," ",7,"GLP",8.26,1.03,1.21,8.47,1.53,10.00,,,,,,,"LTR"
"B","24-10-2019","2019-10-24 00:00:00 -0500",1,99,"B002",162006,,,," ",7,"GLP",20.17,1.03,1.21,20.68,3.72,24.40,,,,,,,"LTR"
"B","24-10-2019","2019-10-24 00:00:00 -0500",1,99,"B002",162005,,,," ",7,"GLP",8.26,1.03,1.21,8.47,1.53,10.00,,,,,,,"LTR"
"B","24-10-2019","2019-10-24 00:00:00 -0500",1,99,"B002",162004,,,," ",7,"GLP",8.26,1.03,1.21,8.47,1.53,10.00,,,,,,,"LTR"
"B","24-10-2019","2019-10-24 00:00:00 -0500",1,99,"B002",162003,,,," ",7,"GLP",8.26,1.03,1.21,8.47,1.53,10.00,,,,,,,"LTR"
"B","24-10-2019","2019-10-24 00:00:00 -0500",1,99,"B002",162002,,,," ",7,"GLP",8.26,1.03,1.21,8.47,1.53,10.00,,,,,,,"LTR"
"B","24-10-2019","2019-10-24 00:00:00 -0500",1,99,"B002",162001,,,," ",7,"GLP",4.13,1.03,1.21,4.24,0.76,5.00,,,,,,,"LTR"
"B","24-10-2019","2019-10-24 00:00:00 -0500",1,99,"B002",162000,,,," ",7,"GLP",7.53,1.03,1.21,7.72,1.39,9.11,,,,,,,"LTR"
"B","24-10-2019","2019-10-24 00:00:00 -0500",1,99,"B002",161999,,,," ",7,"GLP",8.26,1.03,1.21,8.47,1.53,10.00,,,,,,,"LTR"
"B","24-10-2019","2019-10-24 00:00:00 -0500",1,99,"B002",161998,,,," ",7,"GLP",8.26,1.03,1.21,8.47,1.53,10.00,,,,,,,"LTR"
"B","24-10-2019","2019-10-24 00:00:00 -0500",1,99,"B002",161997,,,," ",7,"GLP",7.44,1.03,1.21,7.63,1.37,9.00,,,,,,,"LTR"
"B","24-10-2019","2019-10-24 00:00:00 -0500",1,99,"B002",161996,,,," ",7,"GLP",5.79,1.03,1.21,5.93,1.07,7.00,,,,,,,"LTR"
"B","24-10-2019","2019-10-24 00:00:00 -0500",1,99,"B002",161995,,,," ",7,"GLP",25.63,1.03,1.21,26.28,4.73,31.01,,,,,,,"LTR"
"B","24-10-2019","2019-10-24 00:00:00 -0500",1,99,"B002",161994,,,," ",7,"GLP",8.26,1.03,1.21,8.47,1.53,10.00,,,,,,,"LTR"
"B","24-10-2019","2019-10-24 00:00:00 -0500",1,99,"B002",161993,,,," ",7,"GLP",6.61,1.03,1.21,6.78,1.22,8.00,,,,,,,"LTR"
"B","24-10-2019","2019-10-24 00:00:00 -0500",1,99,"B002",161992,,,," ",7,"GLP",10.07,1.03,1.21,10.32,1.86,12.18,,,,,,,"LTR"
"B","24-10-2019","2019-10-24 00:00:00 -0500",1,99,"B002",161991,,,," ",7,"GLP",7.44,1.03,1.21,7.63,1.37,9.00,,,,,,,"LTR"
"B","24-10-2019","2019-10-24 00:00:00 -0500",1,99,"B002",161990,,,," ",7,"GLP",6.61,1.03,1.21,6.78,1.22,8.00,,,,,,,"LTR"
"B","24-10-2019","2019-10-24 00:00:00 -0500",1,99,"B002",161989,,,," ",7,"GLP",4.13,1.03,1.21,4.24,0.76,5.00,,,,,,,"LTR"
"B","24-10-2019","2019-10-24 00:00:00 -0500",1,99,"B002",161988,,,," ",7,"GLP",4.96,1.03,1.21,5.08,0.92,6.00,,,,,,,"LTR"
"B","24-10-2019","2019-10-24 00:00:00 -0500",1,99,"B002",161987,,,," ",7,"GLP",7.44,1.03,1.21,7.63,1.37,9.00,,,,,,,"LTR"
"B","24-10-2019","2019-10-24 00:00:00 -0500",1,99,"B002",161986,,,," ",7,"GLP",16.53,1.03,1.21,16.95,3.05,20.00,,,,,,,"LTR"
"B","24-10-2019","2019-10-24 00:00:00 -0500",1,99,"B002",161985,,,," ",7,"GLP",16.5,1.03,1.21,16.92,3.05,19.97,,,,,,,"LTR"
"B","24-10-2019","2019-10-24 00:00:00 -0500",1,99,"B002",161984,,,," ",7,"GLP",9.09,1.03,1.21,9.32,1.68,11.00,,,,,,,"LTR"
"B","24-10-2019","2019-10-24 00:00:00 -0500",1,99,"B002",161983,,,," ",7,"GLP",4.13,1.03,1.21,4.24,0.76,5.00,,,,,,,"LTR"
"B","24-10-2019","2019-10-24 00:00:00 -0500",1,99,"B002",161982,,,," ",7,"GLP",15.46,1.03,1.21,15.85,2.85,18.70,,,,,,,"LTR"
"B","24-10-2019","2019-10-24 00:00:00 -0500",1,99,"B002",161981,,,," ",7,"GLP",8.26,1.03,1.21,8.47,1.53,10.00,,,,,,,"LTR"
"B","24-10-2019","2019-10-24 00:00:00 -0500",1,99,"B002",161980,,,," ",7,"GLP",7.03,1.03,1.21,7.20,1.30,8.50,,,,,,,"LTR"
"B","24-10-2019","2019-10-24 00:00:00 -0500",1,99,"B002",161979,,,," ",7,"GLP",11.32,1.03,1.21,11.61,2.09,13.70,,,,,,,"LTR"
"B","24-10-2019","2019-10-24 00:00:00 -0500",1,99,"B002",161978,,,," ",7,"GLP",6.61,1.03,1.21,6.78,1.22,8.00,,,,,,,"LTR"
"B","24-10-2019","2019-10-24 00:00:00 -0500",1,99,"B002",161977,,,," ",7,"GLP",24.79,1.03,1.21,25.42,4.58,30.00,,,,,,,"LTR"
"B","24-10-2019","2019-10-24 00:00:00 -0500",1,99,"B002",161976,,,," ",7,"GLP",8.26,1.03,1.21,8.47,1.53,10.00,,,,,,,"LTR"
"B","24-10-2019","2019-10-24 00:00:00 -0500",1,99,"B002",161975,,,," ",2,"Gasohol 90",0.39,10.75,12.69,4.24,0.76,5.00,,,,,,,"GLL"
"B","24-10-2019","2019-10-24 00:00:00 -0500",1,99,"B002",161974,,,," ",7,"GLP",8.26,1.03,1.21,8.47,1.53,10.00,,,,,,,"LTR"
"B","24-10-2019","2019-10-24 00:00:00 -0500",1,99,"B002",161973,,,," ",2,"Gasohol 90",0.47,10.75,12.69,5.08,0.92,6.00,,,,,,,"GLL"
"B","24-10-2019","2019-10-24 00:00:00 -0500",1,99,"B002",161972,,,," ",7,"GLP",7.44,1.03,1.21,7.63,1.37,9.00,,,,,,,"LTR"
"B","24-10-2019","2019-10-24 00:00:00 -0500",1,99,"B002",161971,,,," ",7,"GLP",6.03,1.03,1.21,6.19,1.11,7.30,,,,,,,"LTR"
"B","24-10-2019","2019-10-24 00:00:00 -0500",1,99,"B002",161970,,,," ",7,"GLP",4.96,1.03,1.21,5.08,0.92,6.00,,,,,,,"LTR"
"B","24-10-2019","2019-10-24 00:00:00 -0500",1,99,"B002",161969,,,," ",7,"GLP",12.4,1.03,1.21,12.71,2.29,15.00,,,,,,,"LTR"
"B","24-10-2019","2019-10-24 00:00:00 -0500",1,99,"B002",161968,,,," ",7,"GLP",8.26,1.03,1.21,8.47,1.53,10.00,,,,,,,"LTR"
"B","24-10-2019","2019-10-24 00:00:00 -0500",1,99,"B002",161967,,,," ",7,"GLP",4.96,1.03,1.21,5.08,0.92,6.00,,,,,,,"LTR"
"B","24-10-2019","2019-10-24 00:00:00 -0500",1,99,"B002",161966,,,," ",7,"GLP",8.26,1.03,1.21,8.47,1.53,10.00,,,,,,,"LTR"
"B","24-10-2019","2019-10-24 00:00:00 -0500",1,99,"B002",161965,,,," ",7,"GLP",4.96,1.03,1.21,5.08,0.92,6.00,,,,,,,"LTR"
"B","24-10-2019","2019-10-24 00:00:00 -0500",1,99,"B002",161964,,,," ",7,"GLP",16.53,1.03,1.21,16.95,3.05,20.00,,,,,,,"LTR"
"B","24-10-2019","2019-10-24 00:00:00 -0500",1,99,"B002",161963,,,," ",7,"GLP",8.26,1.03,1.21,8.47,1.53,10.00,,,,,,,"LTR"
"B","24-10-2019","2019-10-24 00:00:00 -0500",1,99,"B002",161962,,,," ",7,"GLP",5.96,1.03,1.21,6.11,1.10,7.21,,,,,,,"LTR"
"B","24-10-2019","2019-10-24 00:00:00 -0500",1,99,"B002",161961,,,," ",7,"GLP",10.66,1.03,1.21,10.93,1.97,12.90,,,,,,,"LTR"
"B","24-10-2019","2019-10-24 00:00:00 -0500",1,99,"B002",161960,,,," ",7,"GLP",10.74,1.03,1.21,11.02,1.98,13.00,,,,,,,"LTR"
"B","24-10-2019","2019-10-24 00:00:00 -0500",1,99,"B002",161959,,,," ",7,"GLP",7.85,1.03,1.21,8.05,1.45,9.50,,,,,,,"LTR"
"B","24-10-2019","2019-10-24 00:00:00 -0500",1,99,"B002",161958,,,," ",7,"GLP",4.96,1.03,1.21,5.08,0.92,6.00,,,,,,,"LTR"
"B","24-10-2019","2019-10-24 00:00:00 -0500",1,99,"B002",161957,,,," ",7,"GLP",6.61,1.03,1.21,6.78,1.22,8.00,,,,,,,"LTR"
"B","24-10-2019","2019-10-24 00:00:00 -0500",1,99,"B002",161956,,,," ",7,"GLP",9.92,1.03,1.21,10.17,1.83,12.00,,,,,,,"LTR"
"B","24-10-2019","2019-10-24 00:00:00 -0500",1,99,"B002",161955,,,," ",7,"GLP",8.26,1.03,1.21,8.47,1.53,10.00,,,,,,,"LTR"
"B","24-10-2019","2019-10-24 00:00:00 -0500",1,99,"B002",161954,,,," ",7,"GLP",12.4,1.03,1.21,12.71,2.29,15.00,,,,,,,"LTR"
"B","24-10-2019","2019-10-24 00:00:00 -0500",1,99,"B002",161953,,,," ",7,"GLP",11.57,1.03,1.21,11.86,2.14,14.00,,,,,,,"LTR"
"B","24-10-2019","2019-10-24 00:00:00 -0500",1,99,"B002",161952,,,," ",7,"GLP",14.88,1.03,1.21,15.25,2.75,18.00,,,,,,,"LTR"
"B","24-10-2019","2019-10-24 00:00:00 -0500",1,99,"B002",161951,,,," ",7,"GLP",4.13,1.03,1.21,4.24,0.76,5.00,,,,,,,"LTR"
"B","24-10-2019","2019-10-24 00:00:00 -0500",1,99,"B002",161950,,,," ",7,"GLP",4.96,1.03,1.21,5.08,0.92,6.00,,,,,,,"LTR"
"B","24-10-2019","2019-10-24 00:00:00 -0500",1,99,"B002",161949,,,," ",7,"GLP",4.13,1.03,1.21,4.24,0.76,5.00,,,,,,,"LTR"
"B","24-10-2019","2019-10-24 00:00:00 -0500",1,99,"B002",161948,,,," ",7,"GLP",4.13,1.03,1.21,4.24,0.76,5.00,,,,,,,"LTR"
"B","24-10-2019","2019-10-24 00:00:00 -0500",1,99,"B002",161947,,,," ",7,"GLP",47.6,1.03,1.21,48.81,8.78,57.59,,,,,,,"LTR"
"B","24-10-2019","2019-10-24 00:00:00 -0500",1,99,"B002",161946,,,," ",7,"GLP",4.13,1.03,1.21,4.24,0.76,5.00,,,,,,,"LTR"
"B","24-10-2019","2019-10-24 00:00:00 -0500",1,99,"B002",161945,,,," ",7,"GLP",5.79,1.03,1.21,5.93,1.07,7.00,,,,,,,"LTR"
"B","24-10-2019","2019-10-24 00:00:00 -0500",1,99,"B002",161944,,,," ",7,"GLP",12.4,1.03,1.21,12.71,2.29,15.00,,,,,,,"LTR"
"B","24-10-2019","2019-10-24 00:00:00 -0500",1,99,"B002",161943,,,," ",7,"GLP",8.26,1.03,1.21,8.47,1.53,10.00,,,,,,,"LTR"
"B","24-10-2019","2019-10-24 00:00:00 -0500",1,99,"B002",161942,,,," ",7,"GLP",13.26,1.03,1.21,13.60,2.45,16.05,,,,,,,"LTR"
"B","24-10-2019","2019-10-24 00:00:00 -0500",1,99,"B002",161941,,,," ",7,"GLP",6.21,1.03,1.21,6.36,1.15,7.51,,,,,,,"LTR"
"B","24-10-2019","2019-10-24 00:00:00 -0500",1,99,"B002",161940,,,," ",7,"GLP",24.57,1.03,1.21,25.19,4.54,29.73,,,,,,,"LTR"
"B","24-10-2019","2019-10-24 00:00:00 -0500",1,99,"B002",161939,,,," ",7,"GLP",8.26,1.03,1.21,8.47,1.53,10.00,,,,,,,"LTR"
"B","24-10-2019","2019-10-24 00:00:00 -0500",1,99,"B002",161938,,,," ",7,"GLP",38.93,1.03,1.21,39.92,7.18,47.10,,,,,,,"LTR"
"B","24-10-2019","2019-10-24 00:00:00 -0500",1,99,"B002",161937,,,," ",7,"GLP",8.26,1.03,1.21,8.47,1.53,10.00,,,,,,,"LTR"
"B","24-10-2019","2019-10-24 00:00:00 -0500",1,99,"B002",161936,,,," ",7,"GLP",24.79,1.03,1.21,25.42,4.58,30.00,,,,,,,"LTR"
"B","24-10-2019","2019-10-24 00:00:00 -0500",1,99,"B002",161935,,,," ",7,"GLP",11.9,1.03,1.21,12.20,2.20,14.40,,,,,,,"LTR"
"B","24-10-2019","2019-10-24 00:00:00 -0500",1,99,"B002",161934,,,," ",7,"GLP",6.61,1.03,1.21,6.78,1.22,8.00,,,,,,,"LTR"
"B","24-10-2019","2019-10-24 00:00:00 -0500",1,99,"B002",161933,,,," ",7,"GLP",9.92,1.03,1.21,10.17,1.83,12.00,,,,,,,"LTR"
"B","24-10-2019","2019-10-24 00:00:00 -0500",1,99,"B002",161932,,,," ",7,"GLP",42.15,1.03,1.21,43.22,7.78,51.00,,,,,,,"LTR"
"B","24-10-2019","2019-10-24 00:00:00 -0500",1,99,"B002",161931,,,," ",7,"GLP",10.74,1.03,1.21,11.02,1.98,13.00,,,,,,,"LTR"
"B","24-10-2019","2019-10-24 00:00:00 -0500",1,99,"B002",161930,,,," ",7,"GLP",6.61,1.03,1.21,6.78,1.22,8.00,,,,,,,"LTR"
"B","24-10-2019","2019-10-24 00:00:00 -0500",1,99,"B002",161929,,,," ",7,"GLP",8.26,1.03,1.21,8.47,1.53,10.00,,,,,,,"LTR"
"B","24-10-2019","2019-10-24 00:00:00 -0500",1,99,"B002",161928,,,," ",7,"GLP",8.26,1.03,1.21,8.47,1.53,10.00,,,,,,,"LTR"
"B","24-10-2019","2019-10-24 00:00:00 -0500",1,99,"B002",161927,,,," ",7,"GLP",8.26,1.03,1.21,8.47,1.53,10.00,,,,,,,"LTR"
"B","24-10-2019","2019-10-24 00:00:00 -0500",1,99,"B002",161926,,,," ",7,"GLP",2.48,1.03,1.21,2.54,0.46,3.00,,,,,,,"LTR"
"B","24-10-2019","2019-10-24 00:00:00 -0500",1,99,"B002",161925,,,," ",7,"GLP",4.96,1.03,1.21,5.08,0.92,6.00,,,,,,,"LTR"
"B","24-10-2019","2019-10-24 00:00:00 -0500",1,99,"B002",161924,,,," ",7,"GLP",9.92,1.03,1.21,10.17,1.83,12.00,,,,,,,"LTR"
"B","24-10-2019","2019-10-24 00:00:00 -0500",1,99,"B002",161923,,,," ",7,"GLP",8.26,1.03,1.21,8.47,1.53,10.00,,,,,,,"LTR"
"B","24-10-2019","2019-10-24 00:00:00 -0500",1,99,"B002",161922,,,," ",7,"GLP",7.77,1.03,1.21,7.97,1.43,9.40,,,,,,,"LTR"
"B","24-10-2019","2019-10-24 00:00:00 -0500",1,99,"B002",161921,,,," ",7,"GLP",4.13,1.03,1.21,4.24,0.76,5.00,,,,,,,"LTR"
"B","24-10-2019","2019-10-24 00:00:00 -0500",1,99,"B002",161920,,,," ",7,"GLP",8.26,1.03,1.21,8.47,1.53,10.00,,,,,,,"LTR"
"B","24-10-2019","2019-10-24 00:00:00 -0500",1,99,"B002",161919,,,," ",7,"GLP",5.78,1.03,1.21,5.92,1.07,6.99,,,,,,,"LTR"
"B","24-10-2019","2019-10-24 00:00:00 -0500",1,99,"B002",161918,,,," ",7,"GLP",8.26,1.03,1.21,8.47,1.53,10.00,,,,,,,"LTR"
"B","24-10-2019","2019-10-24 00:00:00 -0500",1,99,"B002",161917,,,," ",7,"GLP",4.13,1.03,1.21,4.24,0.76,5.00,,,,,,,"LTR"
"B","24-10-2019","2019-10-24 00:00:00 -0500",1,99,"B002",161916,,,," ",7,"GLP",12.4,1.03,1.21,12.71,2.29,15.00,,,,,,,"LTR"
"B","24-10-2019","2019-10-24 00:00:00 -0500",1,99,"B002",161915,,,," ",2,"Gasohol 90",0.79,10.75,12.69,8.47,1.53,10.00,,,,,,,"GLL"
"B","24-10-2019","2019-10-24 00:00:00 -0500",1,99,"B002",161914,,,," ",7,"GLP",4.96,1.03,1.21,5.08,0.92,6.00,,,,,,,"LTR"
"B","24-10-2019","2019-10-24 00:00:00 -0500",1,99,"B002",161913,,,," ",7,"GLP",4.13,1.03,1.21,4.24,0.76,5.00,,,,,,,"LTR"
"B","24-10-2019","2019-10-24 00:00:00 -0500",1,99,"B002",161912,,,," ",7,"GLP",4.13,1.03,1.21,4.24,0.76,5.00,,,,,,,"LTR"
"B","24-10-2019","2019-10-24 00:00:00 -0500",1,99,"B002",161911,,,," ",7,"GLP",1.65,1.03,1.21,1.69,0.31,2.00,,,,,,,"LTR"
"B","24-10-2019","2019-10-24 00:00:00 -0500",1,99,"B002",161910,,,," ",7,"GLP",16.53,1.03,1.21,16.95,3.05,20.00,,,,,,,"LTR"
"B","24-10-2019","2019-10-24 00:00:00 -0500",1,99,"B002",161909,,,," ",7,"GLP",9.92,1.03,1.21,10.17,1.83,12.00,,,,,,,"LTR"
"B","24-10-2019","2019-10-24 00:00:00 -0500",1,99,"B002",161908,,,," ",7,"GLP",8.26,1.03,1.21,8.47,1.53,10.00,,,,,,,"LTR"
"B","24-10-2019","2019-10-24 00:00:00 -0500",1,99,"B002",161907,,,," ",7,"GLP",5.79,1.03,1.21,5.93,1.07,7.00,,,,,,,"LTR"
"B","24-10-2019","2019-10-24 00:00:00 -0500",1,99,"B002",161906,,,," ",7,"GLP",5.79,1.03,1.21,5.93,1.07,7.00,,,,,,,"LTR"
"B","24-10-2019","2019-10-24 00:00:00 -0500",1,99,"B002",161905,,,," ",7,"GLP",8.02,1.03,1.21,8.22,1.48,9.70,,,,,,,"LTR"
"B","24-10-2019","2019-10-24 00:00:00 -0500",1,99,"B002",161904,,,," ",7,"GLP",6.61,1.03,1.21,6.78,1.22,8.00,,,,,,,"LTR"
"B","24-10-2019","2019-10-24 00:00:00 -0500",1,99,"B002",161903,,,," ",7,"GLP",16.53,1.03,1.21,16.95,3.05,20.00,,,,,,,"LTR"
"B","24-10-2019","2019-10-24 00:00:00 -0500",1,99,"B002",161902,,,," ",7,"GLP",6.61,1.03,1.21,6.78,1.22,8.00,,,,,,,"LTR"
"B","24-10-2019","2019-10-24 00:00:00 -0500",1,99,"B002",161901,,,," ",7,"GLP",8.26,1.03,1.21,8.47,1.53,10.00,,,,,,,"LTR"
"B","24-10-2019","2019-10-24 00:00:00 -0500",1,99,"B002",161900,,,," ",7,"GLP",9.92,1.03,1.21,10.17,1.83,12.00,,,,,,,"LTR"
"B","24-10-2019","2019-10-24 00:00:00 -0500",1,99,"B002",161899,,,," ",7,"GLP",4.13,1.03,1.21,4.24,0.76,5.00,,,,,,,"LTR"
"B","24-10-2019","2019-10-24 00:00:00 -0500",1,99,"B002",161898,,,," ",7,"GLP",14.3,1.03,1.21,14.66,2.64,17.30,,,,,,,"LTR"
"B","24-10-2019","2019-10-24 00:00:00 -0500",1,99,"B002",161897,,,," ",7,"GLP",8.26,1.03,1.21,8.47,1.53,10.00,,,,,,,"LTR"
"B","24-10-2019","2019-10-24 00:00:00 -0500",1,99,"B002",161896,,,," ",4,"Gasohol 98",1.16,13.13,15.49,15.25,2.75,18.00,,,,,,,"GLL"
"B","24-10-2019","2019-10-24 00:00:00 -0500",1,99,"B002",161895,,,," ",7,"GLP",10.74,1.03,1.21,11.02,1.98,13.00,,,,,,,"LTR"
"B","24-10-2019","2019-10-24 00:00:00 -0500",1,99,"B002",161894,,,," ",7,"GLP",8.26,1.03,1.21,8.47,1.53,10.00,,,,,,,"LTR"
"B","24-10-2019","2019-10-24 00:00:00 -0500",1,99,"B002",161893,,,," ",7,"GLP",8.84,1.03,1.21,9.07,1.63,10.70,,,,,,,"LTR"
"B","24-10-2019","2019-10-24 00:00:00 -0500",1,99,"B002",161892,,,," ",7,"GLP",24.81,1.03,1.21,25.44,4.58,30.02,,,,,,,"LTR"
"B","24-10-2019","2019-10-24 00:00:00 -0500",1,99,"B002",161891,,,," ",7,"GLP",4.96,1.03,1.21,5.08,0.92,6.00,,,,,,,"LTR"
"B","24-10-2019","2019-10-24 00:00:00 -0500",1,99,"B002",161890,,,," ",7,"GLP",10.74,1.03,1.21,11.02,1.98,13.00,,,,,,,"LTR"
"B","24-10-2019","2019-10-24 00:00:00 -0500",1,99,"B002",161889,,,," ",7,"GLP",19.99,1.03,1.21,20.50,3.69,24.19,,,,,,,"LTR"
"B","24-10-2019","2019-10-24 00:00:00 -0500",1,99,"B002",161888,,,," ",7,"GLP",5.79,1.03,1.21,5.93,1.07,7.00,,,,,,,"LTR"
"B","24-10-2019","2019-10-24 00:00:00 -0500",1,99,"B002",161887,,,," ",7,"GLP",8.26,1.03,1.21,8.47,1.53,10.00,,,,,,,"LTR"
"B","24-10-2019","2019-10-24 00:00:00 -0500",1,99,"B002",161886,,,," ",7,"GLP",5.79,1.03,1.21,5.93,1.07,7.00,,,,,,,"LTR"
"B","24-10-2019","2019-10-24 00:00:00 -0500",1,99,"B002",161885,,,," ",7,"GLP",11.16,1.03,1.21,11.44,2.06,13.50,,,,,,,"LTR"
"B","24-10-2019","2019-10-24 00:00:00 -0500",1,99,"B002",161884,,,," ",7,"GLP",13.81,1.03,1.21,14.16,2.55,16.71,,,,,,,"LTR"
"B","24-10-2019","2019-10-24 00:00:00 -0500",1,99,"B002",161883,,,," ",7,"GLP",6.35,1.03,1.21,6.51,1.17,7.68,,,,,,,"LTR"
"B","24-10-2019","2019-10-24 00:00:00 -0500",1,99,"B002",161882,,,," ",7,"GLP",8.26,1.03,1.21,8.47,1.53,10.00,,,,,,,"LTR"
"B","24-10-2019","2019-10-24 00:00:00 -0500",1,99,"B002",161881,,,," ",7,"GLP",4.13,1.03,1.21,4.24,0.76,5.00,,,,,,,"LTR"
"B","24-10-2019","2019-10-24 00:00:00 -0500",1,99,"B002",161880,,,," ",7,"GLP",7.44,1.03,1.21,7.63,1.37,9.00,,,,,,,"LTR"
"B","24-10-2019","2019-10-24 00:00:00 -0500",1,99,"B002",161879,,,," ",7,"GLP",12.4,1.03,1.21,12.71,2.29,15.00,,,,,,,"LTR"
"B","24-10-2019","2019-10-24 00:00:00 -0500",1,99,"B002",161878,,,," ",7,"GLP",10.9,1.03,1.21,11.18,2.01,13.19,,,,,,,"LTR"
"B","24-10-2019","2019-10-24 00:00:00 -0500",1,99,"B002",161877,,,," ",7,"GLP",9.92,1.03,1.21,10.17,1.83,12.00,,,,,,,"LTR"
"B","24-10-2019","2019-10-24 00:00:00 -0500",1,99,"B002",161876,,,," ",7,"GLP",4.13,1.03,1.21,4.24,0.76,5.00,,,,,,,"LTR"
"B","24-10-2019","2019-10-24 00:00:00 -0500",1,99,"B002",161875,,,," ",7,"GLP",8.35,1.03,1.21,8.56,1.54,10.10,,,,,,,"LTR"
"B","24-10-2019","2019-10-24 00:00:00 -0500",1,99,"B002",161874,,,," ",7,"GLP",9.17,1.03,1.21,9.41,1.69,11.10,,,,,,,"LTR"
"B","24-10-2019","2019-10-24 00:00:00 -0500",1,99,"B002",161873,,,," ",7,"GLP",8.26,1.03,1.21,8.47,1.53,10.00,,,,,,,"LTR"
"B","24-10-2019","2019-10-24 00:00:00 -0500",1,99,"B002",161872,,,," ",7,"GLP",4.96,1.03,1.21,5.08,0.92,6.00,,,,,,,"LTR"
"B","24-10-2019","2019-10-24 00:00:00 -0500",1,99,"B002",161871,,,," ",7,"GLP",4.96,1.03,1.21,5.08,0.92,6.00,,,,,,,"LTR"
"B","24-10-2019","2019-10-24 00:00:00 -0500",1,99,"B002",161870,,,," ",5,"DieselPro B5 S50 UV",15.37,10.03,11.84,154.19,27.76,181.95,,,,,,,"GLL"
"B","24-10-2019","2019-10-24 00:00:00 -0500",1,99,"B002",161869,,,," ",7,"GLP",4.13,1.03,1.21,4.24,0.76,5.00,,,,,,,"LTR"
"B","24-10-2019","2019-10-24 00:00:00 -0500",1,99,"B002",161868,,,," ",7,"GLP",4.13,1.03,1.21,4.24,0.76,5.00,,,,,,,"LTR"
"B","24-10-2019","2019-10-24 00:00:00 -0500",1,99,"B002",161867,,,," ",7,"GLP",5.33,1.03,1.21,5.47,0.98,6.45,,,,,,,"LTR"
"B","24-10-2019","2019-10-24 00:00:00 -0500",1,99,"B002",161866,,,," ",7,"GLP",16.53,1.03,1.21,16.95,3.05,20.00,,,,,,,"LTR"
"B","24-10-2019","2019-10-24 00:00:00 -0500",1,99,"B002",161865,,,," ",7,"GLP",7.27,1.03,1.21,7.46,1.34,8.80,,,,,,,"LTR"
"B","24-10-2019","2019-10-24 00:00:00 -0500",1,99,"B002",161864,,,," ",7,"GLP",4.13,1.03,1.21,4.24,0.76,5.00,,,,,,,"LTR"
"B","24-10-2019","2019-10-24 00:00:00 -0500",1,99,"B002",161863,,,," ",7,"GLP",9.17,1.03,1.21,9.41,1.69,11.10,,,,,,,"LTR"
"B","24-10-2019","2019-10-24 00:00:00 -0500",1,99,"B002",161862,,,," ",7,"GLP",7.03,1.03,1.21,7.20,1.30,8.50,,,,,,,"LTR"
"B","24-10-2019","2019-10-24 00:00:00 -0500",1,99,"B002",161861,,,," ",7,"GLP",10.74,1.03,1.21,11.02,1.98,13.00,,,,,,,"LTR"
"B","24-10-2019","2019-10-24 00:00:00 -0500",1,99,"B002",161860,,,," ",7,"GLP",7.19,1.03,1.21,7.37,1.33,8.70,,,,,,,"LTR"
"B","24-10-2019","2019-10-24 00:00:00 -0500",1,99,"B002",161859,,,," ",7,"GLP",8.26,1.03,1.21,8.47,1.53,10.00,,,,,,,"LTR"
"B","24-10-2019","2019-10-24 00:00:00 -0500",1,99,"B002",161858,,,," ",7,"GLP",8.26,1.03,1.21,8.47,1.53,10.00,,,,,,,"LTR"
"B","24-10-2019","2019-10-24 00:00:00 -0500",1,99,"B002",161857,,,," ",7,"GLP",4.71,1.03,1.21,4.83,0.87,5.70,,,,,,,"LTR"
"B","24-10-2019","2019-10-24 00:00:00 -0500",1,99,"B002",161856,,,," ",7,"GLP",6.61,1.03,1.21,6.78,1.22,8.00,,,,,,,"LTR"
"B","24-10-2019","2019-10-24 00:00:00 -0500",1,99,"B002",161855,,,," ",7,"GLP",10.74,1.03,1.21,11.02,1.98,13.00,,,,,,,"LTR"
"B","24-10-2019","2019-10-24 00:00:00 -0500",1,99,"B002",161854,,,," ",7,"GLP",12.4,1.03,1.21,12.71,2.29,15.00,,,,,,,"LTR"
"B","24-10-2019","2019-10-24 00:00:00 -0500",1,99,"B002",161853,,,," ",7,"GLP",8.26,1.03,1.21,8.47,1.53,10.00,,,,,,,"LTR"
"B","24-10-2019","2019-10-24 00:00:00 -0500",1,99,"B002",161852,,,," ",7,"GLP",8.26,1.03,1.21,8.47,1.53,10.00,,,,,,,"LTR"
"B","24-10-2019","2019-10-24 00:00:00 -0500",1,99,"B002",161851,,,," ",7,"GLP",17.35,1.03,1.21,17.79,3.20,20.99,,,,,,,"LTR"
"B","24-10-2019","2019-10-24 00:00:00 -0500",1,99,"B002",161850,,,," ",7,"GLP",5.79,1.03,1.21,5.93,1.07,7.00,,,,,,,"LTR"
"B","24-10-2019","2019-10-24 00:00:00 -0500",1,99,"B002",161849,,,," ",7,"GLP",8.26,1.03,1.21,8.47,1.53,10.00,,,,,,,"LTR"
"B","24-10-2019","2019-10-24 00:00:00 -0500",1,99,"B002",161848,,,," ",7,"GLP",8.26,1.03,1.21,8.47,1.53,10.00,,,,,,,"LTR"
"B","24-10-2019","2019-10-24 00:00:00 -0500",1,99,"B002",161847,,,," ",7,"GLP",24.79,1.03,1.21,25.42,4.58,30.00,,,,,,,"LTR"
"B","24-10-2019","2019-10-24 00:00:00 -0500",1,99,"B002",161846,,,," ",7,"GLP",8.68,1.03,1.21,8.90,1.60,10.50,,,,,,,"LTR"
"B","24-10-2019","2019-10-24 00:00:00 -0500",1,99,"B002",161845,,,," ",7,"GLP",15.03,1.03,1.21,15.42,2.77,18.19,,,,,,,"LTR"
"B","24-10-2019","2019-10-24 00:00:00 -0500",1,99,"B002",161844,,,," ",7,"GLP",8.26,1.03,1.21,8.47,1.53,10.00,,,,,,,"LTR"
"B","24-10-2019","2019-10-24 00:00:00 -0500",1,99,"B002",161843,,,," ",7,"GLP",24.79,1.03,1.21,25.42,4.58,30.00,,,,,,,"LTR"
"B","24-10-2019","2019-10-24 00:00:00 -0500",1,99,"B002",161842,,,," ",7,"GLP",7.02,1.03,1.21,7.19,1.30,8.49,,,,,,,"LTR"
"B","24-10-2019","2019-10-24 00:00:00 -0500",1,99,"B002",161841,,,," ",7,"GLP",8.26,1.03,1.21,8.47,1.53,10.00,,,,,,,"LTR"
"B","24-10-2019","2019-10-24 00:00:00 -0500",1,99,"B002",161840,,,," ",7,"GLP",4.13,1.03,1.21,4.24,0.76,5.00,,,,,,,"LTR"
"B","24-10-2019","2019-10-24 00:00:00 -0500",1,99,"B002",161839,,,," ",5,"DieselPro B5 S50 UV",2.11,10.03,11.84,21.19,3.81,25.00,,,,,,,"GLL"
"B","24-10-2019","2019-10-24 00:00:00 -0500",1,99,"B002",161838,,,," ",7,"GLP",36.44,1.03,1.21,37.36,6.73,44.09,,,,,,,"LTR"
"B","24-10-2019","2019-10-24 00:00:00 -0500",1,99,"B002",161837,,,," ",7,"GLP",1.65,1.03,1.21,1.69,0.31,2.00,,,,,,,"LTR"
"B","24-10-2019","2019-10-24 00:00:00 -0500",1,99,"B002",161836,,,," ",7,"GLP",10.17,1.03,1.21,10.43,1.88,12.31,,,,,,,"LTR"
"B","24-10-2019","2019-10-24 00:00:00 -0500",1,99,"B002",161835,,,," ",7,"GLP",4.13,1.03,1.21,4.24,0.76,5.00,,,,,,,"LTR"
"B","24-10-2019","2019-10-24 00:00:00 -0500",1,99,"B002",161834,,,," ",7,"GLP",6.61,1.03,1.21,6.78,1.22,8.00,,,,,,,"LTR"
"B","24-10-2019","2019-10-24 00:00:00 -0500",1,99,"B002",161833,,,," ",7,"GLP",8.84,1.03,1.21,9.07,1.63,10.70,,,,,,,"LTR"
"B","24-10-2019","2019-10-24 00:00:00 -0500",1,99,"B002",161832,,,," ",7,"GLP",4.13,1.03,1.21,4.24,0.76,5.00,,,,,,,"LTR"
"B","24-10-2019","2019-10-24 00:00:00 -0500",1,99,"B002",161831,,,," ",7,"GLP",4.13,1.03,1.21,4.24,0.76,5.00,,,,,,,"LTR"
"B","24-10-2019","2019-10-24 00:00:00 -0500",1,99,"B002",161830,,,," ",7,"GLP",4.13,1.03,1.21,4.24,0.76,5.00,,,,,,,"LTR"
"B","24-10-2019","2019-10-24 00:00:00 -0500",1,99,"B002",161829,,,," ",7,"GLP",5.79,1.03,1.21,5.93,1.07,7.00,,,,,,,"LTR"
"B","24-10-2019","2019-10-24 00:00:00 -0500",1,99,"B002",161828,,,," ",7,"GLP",16.53,1.03,1.21,16.95,3.05,20.00,,,,,,,"LTR"
"B","24-10-2019","2019-10-24 00:00:00 -0500",1,99,"B002",161827,,,," ",7,"GLP",6.61,1.03,1.21,6.78,1.22,8.00,,,,,,,"LTR"
"B","24-10-2019","2019-10-24 00:00:00 -0500",1,99,"B002",161826,,,," ",7,"GLP",8.26,1.03,1.21,8.47,1.53,10.00,,,,,,,"LTR"
"B","24-10-2019","2019-10-24 00:00:00 -0500",1,99,"B002",161825,,,," ",7,"GLP",8.84,1.03,1.21,9.07,1.63,10.70,,,,,,,"LTR"
"B","24-10-2019","2019-10-24 00:00:00 -0500",1,99,"B002",161824,,,," ",7,"GLP",4.13,1.03,1.21,4.24,0.76,5.00,,,,,,,"LTR"
"B","24-10-2019","2019-10-24 00:00:00 -0500",1,99,"B002",161823,,,," ",7,"GLP",12.4,1.03,1.21,12.71,2.29,15.00,,,,,,,"LTR"
"B","24-10-2019","2019-10-24 00:00:00 -0500",1,99,"B002",161822,,,," ",7,"GLP",10.74,1.03,1.21,11.02,1.98,13.00,,,,,,,"LTR"
"B","24-10-2019","2019-10-24 00:00:00 -0500",1,99,"B002",161821,,,," ",7,"GLP",4.13,1.03,1.21,4.24,0.76,5.00,,,,,,,"LTR"
"B","24-10-2019","2019-10-24 00:00:00 -0500",1,99,"B002",161820,,,," ",7,"GLP",4.13,1.03,1.21,4.24,0.76,5.00,,,,,,,"LTR"
"B","24-10-2019","2019-10-24 00:00:00 -0500",1,99,"B002",161819,,,," ",7,"GLP",8.26,1.03,1.21,8.47,1.53,10.00,,,,,,,"LTR"
"B","24-10-2019","2019-10-24 00:00:00 -0500",1,99,"B002",161818,,,," ",7,"GLP",8.26,1.03,1.21,8.47,1.53,10.00,,,,,,,"LTR"
"B","24-10-2019","2019-10-24 00:00:00 -0500",1,99,"B002",161817,,,," ",7,"GLP",33.06,1.03,1.21,33.90,6.10,40.00,,,,,,,"LTR"
"B","24-10-2019","2019-10-24 00:00:00 -0500",1,99,"B002",161816,,,," ",7,"GLP",8.26,1.03,1.21,8.47,1.53,10.00,,,,,,,"LTR"
"B","24-10-2019","2019-10-24 00:00:00 -0500",1,99,"B002",161815,,,," ",7,"GLP",10.17,1.03,1.21,10.42,1.88,12.30,,,,,,,"LTR"
"B","24-10-2019","2019-10-24 00:00:00 -0500",1,99,"B002",161814,,,," ",7,"GLP",9.92,1.03,1.21,10.17,1.83,12.00,,,,,,,"LTR"
"B","24-10-2019","2019-10-24 00:00:00 -0500",1,99,"B002",161813,,,," ",7,"GLP",12.4,1.03,1.21,12.71,2.29,15.00,,,,,,,"LTR"
"B","24-10-2019","2019-10-24 00:00:00 -0500",1,99,"B002",161812,,,," ",7,"GLP",8.26,1.03,1.21,8.47,1.53,10.00,,,,,,,"LTR"
"B","24-10-2019","2019-10-24 00:00:00 -0500",1,99,"B002",161811,,,," ",7,"GLP",16.53,1.03,1.21,16.95,3.05,20.00,,,,,,,"LTR"
"B","24-10-2019","2019-10-24 00:00:00 -0500",1,99,"B002",161810,,,," ",7,"GLP",4.13,1.03,1.21,4.24,0.76,5.00,,,,,,,"LTR"
"B","24-10-2019","2019-10-24 00:00:00 -0500",1,99,"B002",161809,,,," ",5,"DieselPro B5 S50 UV",0.21,10.03,11.84,2.12,0.38,2.50,,,,,,,"GLL"
"B","24-10-2019","2019-10-24 00:00:00 -0500",1,99,"B002",161808,,,," ",7,"GLP",9.46,1.03,1.21,9.69,1.75,11.44,,,,,,,"LTR"
"B","24-10-2019","2019-10-24 00:00:00 -0500",1,99,"B002",161807,,,," ",7,"GLP",16.53,1.03,1.21,16.95,3.05,20.00,,,,,,,"LTR"
"B","24-10-2019","2019-10-24 00:00:00 -0500",1,99,"B002",161806,,,," ",7,"GLP",6.61,1.03,1.21,6.78,1.22,8.00,,,,,,,"LTR"
"B","24-10-2019","2019-10-24 00:00:00 -0500",1,99,"B002",161805,,,," ",7,"GLP",9.92,1.03,1.21,10.17,1.83,12.00,,,,,,,"LTR"
"B","24-10-2019","2019-10-24 00:00:00 -0500",1,99,"B002",161804,,,," ",7,"GLP",9.92,1.03,1.21,10.17,1.83,12.00,,,,,,,"LTR"
"B","24-10-2019","2019-10-24 00:00:00 -0500",1,99,"B002",161803,,,," ",5,"DieselPro B5 S50 UV",9.04,10.03,11.84,90.70,16.33,107.03,,,,,,,"GLL"
"B","24-10-2019","2019-10-24 00:00:00 -0500",1,99,"B002",161802,,,," ",7,"GLP",4.96,1.03,1.21,5.08,0.92,6.00,,,,,,,"LTR"
"B","24-10-2019","2019-10-24 00:00:00 -0500",1,99,"B002",161801,,,," ",7,"GLP",8.26,1.03,1.21,8.47,1.53,10.00,,,,,,,"LTR"
"B","24-10-2019","2019-10-24 00:00:00 -0500",1,99,"B002",161800,,,," ",7,"GLP",9.92,1.03,1.21,10.17,1.83,12.00,,,,,,,"LTR"
"B","24-10-2019","2019-10-24 00:00:00 -0500",1,99,"B002",161799,,,," ",7,"GLP",20.66,1.03,1.21,21.19,3.81,25.00,,,,,,,"LTR"
"B","24-10-2019","2019-10-24 00:00:00 -0500",1,99,"B002",161798,,,," ",7,"GLP",4.96,1.03,1.21,5.08,0.92,6.00,,,,,,,"LTR"
"B","24-10-2019","2019-10-24 00:00:00 -0500",1,99,"B002",161797,,,," ",7,"GLP",16.53,1.03,1.21,16.95,3.05,20.00,,,,,,,"LTR"
"B","24-10-2019","2019-10-24 00:00:00 -0500",1,99,"B002",161796,,,," ",7,"GLP",4.13,1.03,1.21,4.24,0.76,5.00,,,,,,,"LTR"
"B","24-10-2019","2019-10-24 00:00:00 -0500",1,99,"B002",161795,,,," ",7,"GLP",5.79,1.03,1.21,5.93,1.07,7.00,,,,,,,"LTR"
"B","24-10-2019","2019-10-24 00:00:00 -0500",1,99,"B002",161794,,,," ",7,"GLP",8.26,1.03,1.21,8.47,1.53,10.00,,,,,,,"LTR"
"B","24-10-2019","2019-10-24 00:00:00 -0500",1,99,"B002",161793,,,," ",7,"GLP",8.26,1.03,1.21,8.47,1.53,10.00,,,,,,,"LTR"
"B","24-10-2019","2019-10-24 00:00:00 -0500",1,99,"B002",161792,,,," ",7,"GLP",16.53,1.03,1.21,16.95,3.05,20.00,,,,,,,"LTR"
"B","24-10-2019","2019-10-24 00:00:00 -0500",1,99,"B002",161791,,,," ",7,"GLP",8.26,1.03,1.21,8.47,1.53,10.00,,,,,,,"LTR"
"B","24-10-2019","2019-10-24 00:00:00 -0500",1,99,"B002",161790,,,," ",7,"GLP",12.4,1.03,1.21,12.71,2.29,15.00,,,,,,,"LTR"
"B","24-10-2019","2019-10-24 00:00:00 -0500",1,99,"B002",161789,,,," ",7,"GLP",4.13,1.03,1.21,4.24,0.76,5.00,,,,,,,"LTR"
"B","24-10-2019","2019-10-24 00:00:00 -0500",1,99,"B002",161788,,,," ",7,"GLP",5.79,1.03,1.21,5.93,1.07,7.00,,,,,,,"LTR"
"B","24-10-2019","2019-10-24 00:00:00 -0500",1,99,"B002",161787,,,," ",7,"GLP",4.96,1.03,1.21,5.08,0.92,6.00,,,,,,,"LTR"
"B","24-10-2019","2019-10-24 00:00:00 -0500",1,99,"B002",161786,,,," ",7,"GLP",6.2,1.03,1.21,6.36,1.14,7.50,,,,,,,"LTR"
"B","24-10-2019","2019-10-24 00:00:00 -0500",1,99,"B002",161785,,,," ",7,"GLP",9.09,1.03,1.21,9.32,1.68,11.00,,,,,,,"LTR"
"B","24-10-2019","2019-10-24 00:00:00 -0500",1,99,"B002",161784,,,," ",7,"GLP",10.59,1.03,1.21,10.86,1.95,12.81,,,,,,,"LTR"
"B","24-10-2019","2019-10-24 00:00:00 -0500",1,99,"B002",161783,,,," ",7,"GLP",10.35,1.03,1.21,10.61,1.91,12.52,,,,,,,"LTR"
"B","24-10-2019","2019-10-24 00:00:00 -0500",1,99,"B002",161782,,,," ",7,"GLP",16.53,1.03,1.21,16.95,3.05,20.00,,,,,,,"LTR"
"B","24-10-2019","2019-10-24 00:00:00 -0500",1,99,"B002",161781,,,," ",7,"GLP",6.61,1.03,1.21,6.78,1.22,8.00,,,,,,,"LTR"
"B","24-10-2019","2019-10-24 00:00:00 -0500",1,99,"B002",161780,,,," ",7,"GLP",4.13,1.03,1.21,4.24,0.76,5.00,,,,,,,"LTR"
"B","24-10-2019","2019-10-24 00:00:00 -0500",1,99,"B002",161779,,,," ",7,"GLP",5.79,1.03,1.21,5.93,1.07,7.00,,,,,,,"LTR"
"B","24-10-2019","2019-10-24 00:00:00 -0500",1,99,"B002",161778,,,," ",7,"GLP",8.26,1.03,1.21,8.47,1.53,10.00,,,,,,,"LTR"
"B","24-10-2019","2019-10-24 00:00:00 -0500",1,99,"B002",161777,,,," ",7,"GLP",8.26,1.03,1.21,8.47,1.53,10.00,,,,,,,"LTR"
"B","24-10-2019","2019-10-24 00:00:00 -0500",1,99,"B002",161776,,,," ",7,"GLP",8.26,1.03,1.21,8.47,1.53,10.00,,,,,,,"LTR"
"B","24-10-2019","2019-10-24 00:00:00 -0500",1,99,"B002",161775,,,," ",7,"GLP",12.4,1.03,1.21,12.71,2.29,15.00,,,,,,,"LTR"
"B","24-10-2019","2019-10-24 00:00:00 -0500",1,99,"B002",161774,,,," ",7,"GLP",6.61,1.03,1.21,6.78,1.22,8.00,,,,,,,"LTR"
"B","24-10-2019","2019-10-24 00:00:00 -0500",1,99,"B002",161773,,,," ",7,"GLP",8.26,1.03,1.21,8.47,1.53,10.00,,,,,,,"LTR"
"B","24-10-2019","2019-10-24 00:00:00 -0500",1,99,"B002",161772,,,," ",7,"GLP",4.96,1.03,1.21,5.08,0.92,6.00,,,,,,,"LTR"
"B","24-10-2019","2019-10-24 00:00:00 -0500",1,99,"B002",161771,,,," ",7,"GLP",10.17,1.03,1.21,10.42,1.88,12.30,,,,,,,"LTR"
"B","24-10-2019","2019-10-24 00:00:00 -0500",1,99,"B002",161770,,,," ",7,"GLP",4.96,1.03,1.21,5.08,0.92,6.00,,,,,,,"LTR"
"B","24-10-2019","2019-10-24 00:00:00 -0500",1,99,"B002",161769,,,," ",7,"GLP",16.53,1.03,1.21,16.95,3.05,20.00,,,,,,,"LTR"
"B","24-10-2019","2019-10-24 00:00:00 -0500",1,99,"B002",161768,,,," ",7,"GLP",4.95,1.03,1.21,5.08,0.91,5.99,,,,,,,"LTR"
"B","24-10-2019","2019-10-24 00:00:00 -0500",1,99,"B002",161767,,,," ",7,"GLP",10.74,1.03,1.21,11.02,1.98,13.00,,,,,,,"LTR"
"B","24-10-2019","2019-10-24 00:00:00 -0500",1,99,"B002",161766,,,," ",7,"GLP",26.48,1.03,1.21,27.15,4.89,32.04,,,,,,,"LTR"
"B","24-10-2019","2019-10-24 00:00:00 -0500",1,99,"B002",161765,,,," ",7,"GLP",10.13,1.03,1.21,10.39,1.87,12.26,,,,,,,"LTR"
"B","24-10-2019","2019-10-24 00:00:00 -0500",1,99,"B002",161764,,,," ",7,"GLP",12.4,1.03,1.21,12.71,2.29,15.00,,,,,,,"LTR"
"B","24-10-2019","2019-10-24 00:00:00 -0500",1,99,"B002",161763,,,," ",7,"GLP",9.84,1.03,1.21,10.08,1.82,11.90,,,,,,,"LTR"
"B","24-10-2019","2019-10-24 00:00:00 -0500",1,99,"B002",161762,,,," ",7,"GLP",4.13,1.03,1.21,4.24,0.76,5.00,,,,,,,"LTR"
"B","24-10-2019","2019-10-24 00:00:00 -0500",1,99,"B002",161761,,,," ",7,"GLP",10.74,1.03,1.21,11.02,1.98,13.00,,,,,,,"LTR"
"B","24-10-2019","2019-10-24 00:00:00 -0500",1,99,"B002",161760,,,," ",7,"GLP",6.61,1.03,1.21,6.78,1.22,8.00,,,,,,,"LTR"
"B","24-10-2019","2019-10-24 00:00:00 -0500",1,99,"B002",161759,,,," ",7,"GLP",5,1.03,1.21,5.13,0.92,6.05,,,,,,,"LTR"
"B","24-10-2019","2019-10-24 00:00:00 -0500",1,99,"B002",161758,,,," ",7,"GLP",6.61,1.03,1.21,6.78,1.22,8.00,,,,,,,"LTR"
"B","24-10-2019","2019-10-24 00:00:00 -0500",1,99,"B002",161757,,,," ",7,"GLP",4.13,1.03,1.21,4.24,0.76,5.00,,,,,,,"LTR"
"B","24-10-2019","2019-10-24 00:00:00 -0500",1,99,"B002",161756,,,," ",7,"GLP",11.57,1.03,1.21,11.86,2.14,14.00,,,,,,,"LTR"
"B","24-10-2019","2019-10-24 00:00:00 -0500",1,99,"B002",161755,,,," ",7,"GLP",37.19,1.03,1.21,38.14,6.86,45.00,,,,,,,"LTR"
"B","24-10-2019","2019-10-24 00:00:00 -0500",1,99,"B002",161754,,,," ",2,"Gasohol 90",0.79,10.75,12.69,8.47,1.53,10.00,,,,,,,"GLL"
"B","24-10-2019","2019-10-24 00:00:00 -0500",1,99,"B002",161753,,,," ",7,"GLP",13.46,1.03,1.21,13.81,2.48,16.29,,,,,,,"LTR"
"B","24-10-2019","2019-10-24 00:00:00 -0500",1,99,"B002",161752,,,," ",2,"Gasohol 90",0.58,10.75,12.69,6.20,1.12,7.32,,,,,,,"GLL"
"B","24-10-2019","2019-10-24 00:00:00 -0500",1,99,"B002",161751,,,," ",7,"GLP",16.53,1.03,1.21,16.95,3.05,20.00,,,,,,,"LTR"
"B","24-10-2019","2019-10-24 00:00:00 -0500",1,99,"B002",161750,,,," ",7,"GLP",10.58,1.03,1.21,10.85,1.95,12.80,,,,,,,"LTR"
"B","24-10-2019","2019-10-24 00:00:00 -0500",1,99,"B002",161749,,,," ",7,"GLP",16.53,1.03,1.21,16.95,3.05,20.00,,,,,,,"LTR"
"B","24-10-2019","2019-10-24 00:00:00 -0500",1,99,"B002",161748,,,," ",7,"GLP",7.85,1.03,1.21,8.05,1.45,9.50,,,,,,,"LTR"
"B","24-10-2019","2019-10-24 00:00:00 -0500",1,99,"B002",161747,,,," ",7,"GLP",7.93,1.03,1.21,8.14,1.46,9.60,,,,,,,"LTR"
"B","24-10-2019","2019-10-24 00:00:00 -0500",1,99,"B002",161746,,,," ",7,"GLP",8.5,1.03,1.21,8.72,1.57,10.29,,,,,,,"LTR"
"B","24-10-2019","2019-10-24 00:00:00 -0500",1,99,"B002",161745,,,," ",7,"GLP",4.13,1.03,1.21,4.24,0.76,5.00,,,,,,,"LTR"
"B","24-10-2019","2019-10-24 00:00:00 -0500",1,99,"B002",161744,,,," ",7,"GLP",5.79,1.03,1.21,5.93,1.07,7.00,,,,,,,"LTR"
"B","24-10-2019","2019-10-24 00:00:00 -0500",1,99,"B002",161743,,,," ",7,"GLP",5.79,1.03,1.21,5.93,1.07,7.00,,,,,,,"LTR"
"B","24-10-2019","2019-10-24 00:00:00 -0500",1,99,"B002",161742,,,," ",7,"GLP",8.26,1.03,1.21,8.47,1.53,10.00,,,,,,,"LTR"
"B","24-10-2019","2019-10-24 00:00:00 -0500",1,99,"B002",161741,,,," ",7,"GLP",16.53,1.03,1.21,16.95,3.05,20.00,,,,,,,"LTR"
"B","24-10-2019","2019-10-24 00:00:00 -0500",1,99,"B002",161740,,,," ",7,"GLP",9.92,1.03,1.21,10.17,1.83,12.00,,,,,,,"LTR"
"B","24-10-2019","2019-10-24 00:00:00 -0500",1,99,"B002",161739,,,," ",7,"GLP",10.32,1.03,1.21,10.58,1.91,12.49,,,,,,,"LTR"
"B","24-10-2019","2019-10-24 00:00:00 -0500",1,99,"B002",161738,,,," ",7,"GLP",7.86,1.03,1.21,8.06,1.45,9.51,,,,,,,"LTR"
"B","24-10-2019","2019-10-24 00:00:00 -0500",1,99,"B002",161737,,,," ",7,"GLP",8.26,1.03,1.21,8.47,1.53,10.00,,,,,,,"LTR"
"B","24-10-2019","2019-10-24 00:00:00 -0500",1,99,"B002",161736,,,," ",7,"GLP",34.05,1.03,1.21,34.92,6.28,41.20,,,,,,,"LTR"
"B","24-10-2019","2019-10-24 00:00:00 -0500",1,99,"B002",161735,,,," ",7,"GLP",12.4,1.03,1.21,12.71,2.29,15.00,,,,,,,"LTR"
"B","24-10-2019","2019-10-24 00:00:00 -0500",1,99,"B002",161734,,,," ",7,"GLP",10.32,1.03,1.21,10.58,1.91,12.49,,,,,,,"LTR"
"B","24-10-2019","2019-10-24 00:00:00 -0500",1,99,"B002",161733,,,," ",7,"GLP",7.03,1.03,1.21,7.20,1.30,8.50,,,,,,,"LTR"
"B","24-10-2019","2019-10-24 00:00:00 -0500",1,99,"B002",161732,,,," ",7,"GLP",8.26,1.03,1.21,8.47,1.53,10.00,,,,,,,"LTR"
"B","24-10-2019","2019-10-24 00:00:00 -0500",1,99,"B002",161731,,,," ",7,"GLP",18.02,1.03,1.21,18.47,3.33,21.80,,,,,,,"LTR"
"B","24-10-2019","2019-10-24 00:00:00 -0500",1,99,"B002",161730,,,," ",7,"GLP",20.66,1.03,1.21,21.19,3.81,25.00,,,,,,,"LTR"
"B","24-10-2019","2019-10-24 00:00:00 -0500",1,99,"B002",161729,,,," ",7,"GLP",8.26,1.03,1.21,8.47,1.53,10.00,,,,,,,"LTR"
"B","24-10-2019","2019-10-24 00:00:00 -0500",1,99,"B002",161728,,,," ",7,"GLP",20.66,1.03,1.21,21.19,3.81,25.00,,,,,,,"LTR"
"B","24-10-2019","2019-10-24 00:00:00 -0500",1,99,"B002",161727,,,," ",7,"GLP",4.13,1.03,1.21,4.24,0.76,5.00,,,,,,,"LTR"
"B","24-10-2019","2019-10-24 00:00:00 -0500",1,99,"B002",161726,,,," ",7,"GLP",24.79,1.03,1.21,25.42,4.58,30.00,,,,,,,"LTR"
"B","24-10-2019","2019-10-24 00:00:00 -0500",1,99,"B002",161725,,,," ",7,"GLP",10.08,1.03,1.21,10.34,1.86,12.20,,,,,,,"LTR"
"B","24-10-2019","2019-10-24 00:00:00 -0500",1,99,"B002",161724,,,," ",7,"GLP",6.79,1.03,1.21,6.96,1.25,8.21,,,,,,,"LTR"
"B","24-10-2019","2019-10-24 00:00:00 -0500",1,99,"B002",161723,,,," ",7,"GLP",5.79,1.03,1.21,5.93,1.07,7.00,,,,,,,"LTR"
"B","24-10-2019","2019-10-24 00:00:00 -0500",1,99,"B002",161722,,,," ",7,"GLP",4.13,1.03,1.21,4.24,0.76,5.00,,,,,,,"LTR"
"B","24-10-2019","2019-10-24 00:00:00 -0500",1,99,"B002",161721,,,," ",7,"GLP",3.31,1.03,1.21,3.39,0.61,4.00,,,,,,,"LTR"
"B","24-10-2019","2019-10-24 00:00:00 -0500",1,99,"B002",161720,,,," ",7,"GLP",8.26,1.03,1.21,8.47,1.53,10.00,,,,,,,"LTR"
"B","24-10-2019","2019-10-24 00:00:00 -0500",1,99,"B002",161719,,,," ",7,"GLP",5.79,1.03,1.21,5.93,1.07,7.00,,,,,,,"LTR"
"B","24-10-2019","2019-10-24 00:00:00 -0500",1,99,"B002",161718,,,," ",7,"GLP",12.4,1.03,1.21,12.71,2.29,15.00,,,,,,,"LTR"
"B","24-10-2019","2019-10-24 00:00:00 -0500",1,99,"B002",161717,,,," ",7,"GLP",31.41,1.03,1.21,32.20,5.80,38.00,,,,,,,"LTR"
"B","24-10-2019","2019-10-24 00:00:00 -0500",1,99,"B002",161716,,,," ",7,"GLP",4.13,1.03,1.21,4.24,0.76,5.00,,,,,,,"LTR"
"B","24-10-2019","2019-10-24 00:00:00 -0500",1,99,"B002",161715,,,," ",7,"GLP",5.79,1.03,1.21,5.93,1.07,7.00,,,,,,,"LTR"
"B","24-10-2019","2019-10-24 00:00:00 -0500",1,99,"B002",161714,,,," ",7,"GLP",36.37,1.03,1.21,37.30,6.71,44.01,,,,,,,"LTR"
"B","24-10-2019","2019-10-24 00:00:00 -0500",1,99,"B002",161713,,,," ",7,"GLP",4.96,1.03,1.21,5.08,0.92,6.00,,,,,,,"LTR"
"B","24-10-2019","2019-10-24 00:00:00 -0500",1,99,"B002",161712,,,," ",7,"GLP",9.09,1.03,1.21,9.32,1.68,11.00,,,,,,,"LTR"
"B","24-10-2019","2019-10-24 00:00:00 -0500",1,99,"B002",161711,,,," ",7,"GLP",8.26,1.03,1.21,8.47,1.53,10.00,,,,,,,"LTR"
"B","24-10-2019","2019-10-24 00:00:00 -0500",1,99,"B002",161710,,,," ",7,"GLP",11.23,1.03,1.21,11.52,2.07,13.59,,,,,,,"LTR"
"B","24-10-2019","2019-10-24 00:00:00 -0500",1,99,"B002",161709,,,," ",7,"GLP",6.61,1.03,1.21,6.78,1.22,8.00,,,,,,,"LTR"
"B","24-10-2019","2019-10-24 00:00:00 -0500",1,99,"B002",161708,,,," ",7,"GLP",11.57,1.03,1.21,11.86,2.14,14.00,,,,,,,"LTR"
"B","24-10-2019","2019-10-24 00:00:00 -0500",1,99,"B002",161707,,,," ",7,"GLP",4.13,1.03,1.21,4.24,0.76,5.00,,,,,,,"LTR"
"B","24-10-2019","2019-10-24 00:00:00 -0500",1,99,"B002",161706,,,," ",7,"GLP",8.26,1.03,1.21,8.47,1.53,10.00,,,,,,,"LTR"
"B","24-10-2019","2019-10-24 00:00:00 -0500",1,99,"B002",161705,,,," ",7,"GLP",8.44,1.03,1.21,8.65,1.56,10.21,,,,,,,"LTR"
"B","24-10-2019","2019-10-24 00:00:00 -0500",1,99,"B002",161704,,,," ",7,"GLP",6.61,1.03,1.21,6.78,1.22,8.00,,,,,,,"LTR"
"B","24-10-2019","2019-10-24 00:00:00 -0500",1,99,"B002",161703,,,," ",7,"GLP",4.96,1.03,1.21,5.08,0.92,6.00,,,,,,,"LTR"
"B","24-10-2019","2019-10-24 00:00:00 -0500",1,99,"B002",161702,,,," ",7,"GLP",8.26,1.03,1.21,8.47,1.53,10.00,,,,,,,"LTR"
"B","24-10-2019","2019-10-24 00:00:00 -0500",1,99,"B002",161701,,,," ",7,"GLP",4.96,1.03,1.21,5.08,0.92,6.00,,,,,,,"LTR"
"B","24-10-2019","2019-10-24 00:00:00 -0500",1,99,"B002",161700,,,," ",7,"GLP",12.4,1.03,1.21,12.71,2.29,15.00,,,,,,,"LTR"
"B","24-10-2019","2019-10-24 00:00:00 -0500",1,99,"B002",161699,,,," ",7,"GLP",4.96,1.03,1.21,5.08,0.92,6.00,,,,,,,"LTR"
"B","24-10-2019","2019-10-24 00:00:00 -0500",1,99,"B002",161698,,,," ",7,"GLP",9.92,1.03,1.21,10.17,1.83,12.00,,,,,,,"LTR"
"B","24-10-2019","2019-10-24 00:00:00 -0500",1,99,"B002",161697,,,," ",7,"GLP",4.96,1.03,1.21,5.08,0.92,6.00,,,,,,,"LTR"
"B","24-10-2019","2019-10-24 00:00:00 -0500",1,99,"B002",161696,,,," ",7,"GLP",16.53,1.03,1.21,16.95,3.05,20.00,,,,,,,"LTR"
"B","24-10-2019","2019-10-24 00:00:00 -0500",1,99,"B002",161695,,,," ",7,"GLP",8.26,1.03,1.21,8.47,1.53,10.00,,,,,,,"LTR"
"B","24-10-2019","2019-10-24 00:00:00 -0500",1,99,"B002",161694,,,," ",7,"GLP",4.13,1.03,1.21,4.24,0.76,5.00,,,,,,,"LTR"
"B","24-10-2019","2019-10-24 00:00:00 -0500",1,99,"B002",161693,,,," ",7,"GLP",15.44,1.03,1.21,15.83,2.85,18.68,,,,,,,"LTR"
"B","24-10-2019","2019-10-24 00:00:00 -0500",1,99,"B002",161692,,,," ",7,"GLP",4.13,1.03,1.21,4.24,0.76,5.00,,,,,,,"LTR"
"B","24-10-2019","2019-10-24 00:00:00 -0500",1,99,"B002",161691,,,," ",7,"GLP",10.25,1.03,1.21,10.51,1.89,12.40,,,,,,,"LTR"
"B","24-10-2019","2019-10-24 00:00:00 -0500",1,99,"B002",161690,,,," ",7,"GLP",8.26,1.03,1.21,8.47,1.53,10.00,,,,,,,"LTR"
"B","24-10-2019","2019-10-24 00:00:00 -0500",1,99,"B002",161689,,,," ",7,"GLP",11.57,1.03,1.21,11.86,2.14,14.00,,,,,,,"LTR"
"B","24-10-2019","2019-10-24 00:00:00 -0500",1,99,"B002",161688,,,," ",7,"GLP",6.61,1.03,1.21,6.78,1.22,8.00,,,,,,,"LTR"
"B","24-10-2019","2019-10-24 00:00:00 -0500",1,99,"B002",161687,,,," ",7,"GLP",4.13,1.03,1.21,4.24,0.76,5.00,,,,,,,"LTR"
"B","24-10-2019","2019-10-24 00:00:00 -0500",1,99,"B002",161686,,,," ",7,"GLP",7.85,1.03,1.21,8.05,1.45,9.50,,,,,,,"LTR"
"B","24-10-2019","2019-10-24 00:00:00 -0500",1,99,"B002",161685,,,," ",7,"GLP",8.26,1.03,1.21,8.47,1.53,10.00,,,,,,,"LTR"
"B","24-10-2019","2019-10-24 00:00:00 -0500",1,99,"B002",161684,,,," ",7,"GLP",8.26,1.03,1.21,8.47,1.53,10.00,,,,,,,"LTR"
"B","24-10-2019","2019-10-24 00:00:00 -0500",1,99,"B002",161683,,,," ",7,"GLP",4.96,1.03,1.21,5.08,0.92,6.00,,,,,,,"LTR"
"B","24-10-2019","2019-10-24 00:00:00 -0500",1,99,"B002",161682,,,," ",7,"GLP",7.85,1.03,1.21,8.05,1.45,9.50,,,,,,,"LTR"
"B","24-10-2019","2019-10-24 00:00:00 -0500",1,99,"B002",161681,,,," ",7,"GLP",8.26,1.03,1.21,8.47,1.53,10.00,,,,,,,"LTR"
"B","24-10-2019","2019-10-24 00:00:00 -0500",1,99,"B002",161680,,,," ",7,"GLP",5.79,1.03,1.21,5.93,1.07,7.00,,,,,,,"LTR"
"B","24-10-2019","2019-10-24 00:00:00 -0500",1,99,"B002",161679,,,," ",7,"GLP",3.31,1.03,1.21,3.39,0.61,4.00,,,,,,,"LTR"
"B","24-10-2019","2019-10-24 00:00:00 -0500",1,99,"B002",161678,,,," ",7,"GLP",3.31,1.03,1.21,3.39,0.61,4.00,,,,,,,"LTR"
"B","24-10-2019","2019-10-24 00:00:00 -0500",1,99,"B002",161677,,,," ",7,"GLP",23.14,1.03,1.21,23.73,4.27,28.00,,,,,,,"LTR"
"B","24-10-2019","2019-10-24 00:00:00 -0500",1,99,"B002",161676,,,," ",7,"GLP",2.56,1.03,1.21,2.63,0.47,3.10,,,,,,,"LTR"
"B","24-10-2019","2019-10-24 00:00:00 -0500",1,99,"B002",161675,,,," ",7,"GLP",4.13,1.03,1.21,4.24,0.76,5.00,,,,,,,"LTR"
"B","24-10-2019","2019-10-24 00:00:00 -0500",1,99,"B002",161674,,,," ",7,"GLP",6.61,1.03,1.21,6.78,1.22,8.00,,,,,,,"LTR"
"B","24-10-2019","2019-10-24 00:00:00 -0500",1,99,"B002",161673,,,," ",7,"GLP",9.68,1.03,1.21,9.92,1.79,11.71,,,,,,,"LTR"
"B","24-10-2019","2019-10-24 00:00:00 -0500",1,99,"B002",161672,,,," ",7,"GLP",11.57,1.03,1.21,11.86,2.14,14.00,,,,,,,"LTR"
"B","24-10-2019","2019-10-24 00:00:00 -0500",1,99,"B002",161671,,,," ",7,"GLP",8.26,1.03,1.21,8.47,1.53,10.00,,,,,,,"LTR"
"B","24-10-2019","2019-10-24 00:00:00 -0500",1,99,"B002",161670,,,," ",7,"GLP",10.74,1.03,1.21,11.02,1.98,13.00,,,,,,,"LTR"
"B","24-10-2019","2019-10-24 00:00:00 -0500",1,99,"B002",161669,,,," ",7,"GLP",8.26,1.03,1.21,8.47,1.53,10.00,,,,,,,"LTR"
"B","24-10-2019","2019-10-24 00:00:00 -0500",1,99,"B002",161668,,,," ",7,"GLP",8.26,1.03,1.21,8.47,1.53,10.00,,,,,,,"LTR"
"B","24-10-2019","2019-10-24 00:00:00 -0500",1,99,"B002",161667,,,," ",7,"GLP",4.13,1.03,1.21,4.24,0.76,5.00,,,,,,,"LTR"
"B","24-10-2019","2019-10-24 00:00:00 -0500",1,99,"B002",161666,,,," ",7,"GLP",8.26,1.03,1.21,8.47,1.53,10.00,,,,,,,"LTR"
"B","24-10-2019","2019-10-24 00:00:00 -0500",1,99,"B002",161665,,,," ",7,"GLP",4.13,1.03,1.21,4.24,0.76,5.00,,,,,,,"LTR"
"B","24-10-2019","2019-10-24 00:00:00 -0500",1,99,"B002",161664,,,," ",7,"GLP",8.26,1.03,1.21,8.47,1.53,10.00,,,,,,,"LTR"
"B","24-10-2019","2019-10-24 00:00:00 -0500",1,99,"B002",161663,,,," ",7,"GLP",4.13,1.03,1.21,4.24,0.76,5.00,,,,,,,"LTR"
"B","24-10-2019","2019-10-24 00:00:00 -0500",1,99,"B002",161662,,,," ",7,"GLP",4.13,1.03,1.21,4.24,0.76,5.00,,,,,,,"LTR"
"B","24-10-2019","2019-10-24 00:00:00 -0500",1,99,"B002",161661,,,," ",7,"GLP",4.13,1.03,1.21,4.24,0.76,5.00,,,,,,,"LTR"
"B","24-10-2019","2019-10-24 00:00:00 -0500",1,99,"B002",161660,,,," ",7,"GLP",6.61,1.03,1.21,6.78,1.22,8.00,,,,,,,"LTR"
"B","24-10-2019","2019-10-24 00:00:00 -0500",1,99,"B002",161659,,,," ",7,"GLP",11.81,1.03,1.21,12.11,2.18,14.29,,,,,,,"LTR"
"B","24-10-2019","2019-10-24 00:00:00 -0500",1,99,"B002",161658,,,," ",7,"GLP",1.65,1.03,1.21,1.69,0.31,2.00,,,,,,,"LTR"
"B","24-10-2019","2019-10-24 00:00:00 -0500",1,99,"B002",161657,,,," ",7,"GLP",3.63,1.03,1.21,3.72,0.67,4.39,,,,,,,"LTR"
"B","24-10-2019","2019-10-24 00:00:00 -0500",1,99,"B002",161656,,,," ",7,"GLP",6.61,1.03,1.21,6.78,1.22,8.00,,,,,,,"LTR"
"B","24-10-2019","2019-10-24 00:00:00 -0500",1,99,"B002",161655,,,," ",7,"GLP",3.31,1.03,1.21,3.39,0.61,4.00,,,,,,,"LTR"
"B","24-10-2019","2019-10-24 00:00:00 -0500",1,99,"B002",161654,,,," ",7,"GLP",5.79,1.03,1.21,5.93,1.07,7.00,,,,,,,"LTR"
"B","24-10-2019","2019-10-24 00:00:00 -0500",1,99,"B002",161653,,,," ",7,"GLP",4.13,1.03,1.21,4.24,0.76,5.00,,,,,,,"LTR"
"B","24-10-2019","2019-10-24 00:00:00 -0500",1,99,"B002",161652,,,," ",7,"GLP",25.22,1.03,1.21,25.86,4.66,30.52,,,,,,,"LTR"
"B","24-10-2019","2019-10-24 00:00:00 -0500",1,99,"B002",161651,,,," ",7,"GLP",11.24,1.03,1.21,11.53,2.07,13.60,,,,,,,"LTR"
"B","24-10-2019","2019-10-24 00:00:00 -0500",1,99,"B002",161650,,,," ",7,"GLP",5.79,1.03,1.21,5.93,1.07,7.00,,,,,,,"LTR"
"B","24-10-2019","2019-10-24 00:00:00 -0500",1,99,"B002",161649,,,," ",7,"GLP",4.96,1.03,1.21,5.08,0.92,6.00,,,,,,,"LTR"
"B","24-10-2019","2019-10-24 00:00:00 -0500",1,99,"B002",161648,,,," ",7,"GLP",8.26,1.03,1.21,8.47,1.53,10.00,,,,,,,"LTR"
"B","24-10-2019","2019-10-24 00:00:00 -0500",1,99,"B002",161647,,,," ",7,"GLP",8.26,1.03,1.21,8.47,1.53,10.00,,,,,,,"LTR"
"B","24-10-2019","2019-10-24 00:00:00 -0500",1,99,"B002",161646,,,," ",7,"GLP",6.61,1.03,1.21,6.78,1.22,8.00,,,,,,,"LTR"
"B","24-10-2019","2019-10-24 00:00:00 -0500",1,99,"B002",161645,,,," ",7,"GLP",6.61,1.03,1.21,6.78,1.22,8.00,,,,,,,"LTR"
"B","24-10-2019","2019-10-24 00:00:00 -0500",1,99,"B002",161644,,,," ",7,"GLP",4.13,1.03,1.21,4.24,0.76,5.00,,,,,,,"LTR"
"B","24-10-2019","2019-10-24 00:00:00 -0500",1,99,"B002",161643,,,," ",7,"GLP",4.13,1.03,1.21,4.24,0.76,5.00,,,,,,,"LTR"
"B","24-10-2019","2019-10-24 00:00:00 -0500",1,99,"B002",161642,,,," ",7,"GLP",4.96,1.03,1.21,5.08,0.92,6.00,,,,,,,"LTR"
"B","24-10-2019","2019-10-24 00:00:00 -0500",1,99,"B002",161641,,,," ",7,"GLP",8.26,1.03,1.21,8.47,1.53,10.00,,,,,,,"LTR"
"B","24-10-2019","2019-10-24 00:00:00 -0500",1,99,"B002",161640,,,," ",7,"GLP",7.77,1.03,1.21,7.97,1.43,9.40,,,,,,,"LTR"
"B","24-10-2019","2019-10-24 00:00:00 -0500",1,99,"B002",161639,,,," ",7,"GLP",8.26,1.03,1.21,8.47,1.53,10.00,,,,,,,"LTR"
"B","24-10-2019","2019-10-24 00:00:00 -0500",1,99,"B002",161638,,,," ",7,"GLP",8.26,1.03,1.21,8.47,1.53,10.00,,,,,,,"LTR"
"B","24-10-2019","2019-10-24 00:00:00 -0500",1,99,"B002",161637,,,," ",7,"GLP",8.26,1.03,1.21,8.47,1.53,10.00,,,,,,,"LTR"
"B","24-10-2019","2019-10-24 00:00:00 -0500",1,99,"B002",161636,,,," ",7,"GLP",2.64,1.03,1.21,2.70,0.49,3.19,,,,,,,"LTR"
"B","24-10-2019","2019-10-24 00:00:00 -0500",1,99,"B002",161635,,,," ",7,"GLP",8.26,1.03,1.21,8.47,1.53,10.00,,,,,,,"LTR"
"B","24-10-2019","2019-10-24 00:00:00 -0500",1,99,"B002",161634,,,," ",7,"GLP",5.21,1.03,1.21,5.34,0.96,6.30,,,,,,,"LTR"
"B","24-10-2019","2019-10-24 00:00:00 -0500",1,99,"B002",161633,,,," ",7,"GLP",16.53,1.03,1.21,16.95,3.05,20.00,,,,,,,"LTR"
"B","24-10-2019","2019-10-24 00:00:00 -0500",1,99,"B002",161632,,,," ",7,"GLP",7.44,1.03,1.21,7.63,1.37,9.00,,,,,,,"LTR"
"B","24-10-2019","2019-10-24 00:00:00 -0500",1,99,"B002",161631,,,," ",7,"GLP",23.15,1.03,1.21,23.74,4.27,28.01,,,,,,,"LTR"
"B","24-10-2019","2019-10-24 00:00:00 -0500",1,99,"B002",161630,,,," ",7,"GLP",8.26,1.03,1.21,8.47,1.53,10.00,,,,,,,"LTR"
"B","24-10-2019","2019-10-24 00:00:00 -0500",1,99,"B002",161629,,,," ",7,"GLP",4.13,1.03,1.21,4.24,0.76,5.00,,,,,,,"LTR"
"B","24-10-2019","2019-10-24 00:00:00 -0500",1,99,"B002",161628,,,," ",7,"GLP",8.26,1.03,1.21,8.47,1.53,10.00,,,,,,,"LTR"
"B","24-10-2019","2019-10-24 00:00:00 -0500",1,99,"B002",161627,,,," ",7,"GLP",8.26,1.03,1.21,8.47,1.53,10.00,,,,,,,"LTR"
"B","24-10-2019","2019-10-24 00:00:00 -0500",1,99,"B002",161626,,,," ",7,"GLP",4.13,1.03,1.21,4.24,0.76,5.00,,,,,,,"LTR"
"B","24-10-2019","2019-10-24 00:00:00 -0500",1,99,"B002",161625,,,," ",7,"GLP",5.79,1.03,1.21,5.93,1.07,7.00,,,,,,,"LTR"
"B","24-10-2019","2019-10-24 00:00:00 -0500",1,99,"B002",161624,,,," ",7,"GLP",4.96,1.03,1.21,5.08,0.92,6.00,,,,,,,"LTR"
"B","24-10-2019","2019-10-24 00:00:00 -0500",1,99,"B002",161623,,,," ",7,"GLP",8.26,1.03,1.21,8.47,1.53,10.00,,,,,,,"LTR"
"B","24-10-2019","2019-10-24 00:00:00 -0500",1,99,"B002",161622,,,," ",7,"GLP",9.09,1.03,1.21,9.32,1.68,11.00,,,,,,,"LTR"
"B","24-10-2019","2019-10-24 00:00:00 -0500",1,99,"B002",161621,,,," ",7,"GLP",9.92,1.03,1.21,10.17,1.83,12.00,,,,,,,"LTR"
"B","24-10-2019","2019-10-24 00:00:00 -0500",1,99,"B002",161620,,,," ",7,"GLP",31.49,1.03,1.21,32.29,5.81,38.10,,,,,,,"LTR"
"B","24-10-2019","2019-10-24 00:00:00 -0500",1,99,"B002",161619,,,," ",7,"GLP",13.72,1.03,1.21,14.07,2.53,16.60,,,,,,,"LTR"
"B","24-10-2019","2019-10-24 00:00:00 -0500",1,99,"B002",161618,,,," ",7,"GLP",22.34,1.03,1.21,22.91,4.12,27.03,,,,,,,"LTR"
"B","24-10-2019","2019-10-24 00:00:00 -0500",1,99,"B002",161617,,,," ",7,"GLP",8.26,1.03,1.21,8.47,1.53,10.00,,,,,,,"LTR"
"B","24-10-2019","2019-10-24 00:00:00 -0500",1,99,"B002",161616,,,," ",7,"GLP",8.26,1.03,1.21,8.47,1.53,10.00,,,,,,,"LTR"
"B","24-10-2019","2019-10-24 00:00:00 -0500",1,99,"B002",161615,,,," ",7,"GLP",6.61,1.03,1.21,6.78,1.22,8.00,,,,,,,"LTR"
"B","24-10-2019","2019-10-24 00:00:00 -0500",1,99,"B002",161614,,,," ",7,"GLP",7.85,1.03,1.21,8.05,1.45,9.50,,,,,,,"LTR"
"B","24-10-2019","2019-10-24 00:00:00 -0500",1,99,"B002",161613,,,," ",7,"GLP",4.13,1.03,1.21,4.24,0.76,5.00,,,,,,,"LTR"
"B","24-10-2019","2019-10-24 00:00:00 -0500",1,99,"B002",161612,,,," ",7,"GLP",7.19,1.03,1.21,7.37,1.33,8.70,,,,,,,"LTR"
"B","24-10-2019","2019-10-24 00:00:00 -0500",1,99,"B002",161611,,,," ",7,"GLP",3.31,1.03,1.21,3.39,0.61,4.00,,,,,,,"LTR"
"B","24-10-2019","2019-10-24 00:00:00 -0500",1,99,"B002",161610,,,," ",7,"GLP",7.44,1.03,1.21,7.63,1.37,9.00,,,,,,,"LTR"
"B","24-10-2019","2019-10-24 00:00:00 -0500",1,99,"B002",161609,,,," ",4,"Gasohol 98",3.23,13.13,15.49,42.37,7.63,50.00,,,,,,,"GLL"
"B","24-10-2019","2019-10-24 00:00:00 -0500",1,99,"B002",161608,,,," ",7,"GLP",4.13,1.03,1.21,4.24,0.76,5.00,,,,,,,"LTR"
"B","24-10-2019","2019-10-24 00:00:00 -0500",1,99,"B002",161607,,,," ",7,"GLP",5.79,1.03,1.21,5.93,1.07,7.00,,,,,,,"LTR"
"B","24-10-2019","2019-10-24 00:00:00 -0500",1,99,"B002",161606,,,," ",7,"GLP",20.66,1.03,1.21,21.19,3.81,25.00,,,,,,,"LTR"
"B","24-10-2019","2019-10-24 00:00:00 -0500",1,99,"B002",161605,,,," ",7,"GLP",5.79,1.03,1.21,5.93,1.07,7.00,,,,,,,"LTR"
"B","24-10-2019","2019-10-24 00:00:00 -0500",1,99,"B002",161604,,,," ",2,"Gasohol 90",0.79,10.75,12.69,8.47,1.53,10.00,,,,,,,"GLL"
"B","24-10-2019","2019-10-24 00:00:00 -0500",1,99,"B002",161603,,,," ",7,"GLP",4.96,1.03,1.21,5.08,0.92,6.00,,,,,,,"LTR"
"B","24-10-2019","2019-10-24 00:00:00 -0500",1,99,"B002",161602,,,," ",7,"GLP",4.55,1.03,1.21,4.67,0.84,5.51,,,,,,,"LTR"
"B","24-10-2019","2019-10-24 00:00:00 -0500",1,99,"B002",161601,,,," ",7,"GLP",9.92,1.03,1.21,10.17,1.83,12.00,,,,,,,"LTR"
"B","24-10-2019","2019-10-24 00:00:00 -0500",1,99,"B002",161600,,,," ",7,"GLP",9.92,1.03,1.21,10.17,1.83,12.00,,,,,,,"LTR"
"B","24-10-2019","2019-10-24 00:00:00 -0500",1,99,"B002",161599,,,," ",7,"GLP",8.26,1.03,1.21,8.47,1.53,10.00,,,,,,,"LTR"
"B","24-10-2019","2019-10-24 00:00:00 -0500",1,99,"B002",161598,,,," ",7,"GLP",8.26,1.03,1.21,8.47,1.53,10.00,,,,,,,"LTR"
"B","24-10-2019","2019-10-24 00:00:00 -0500",1,99,"B002",161597,,,," ",7,"GLP",12.4,1.03,1.21,12.71,2.29,15.00,,,,,,,"LTR"
"B","24-10-2019","2019-10-24 00:00:00 -0500",1,99,"B002",161596,,,," ",7,"GLP",8.26,1.03,1.21,8.47,1.53,10.00,,,,,,,"LTR"
"B","24-10-2019","2019-10-24 00:00:00 -0500",1,99,"B002",161595,,,," ",7,"GLP",4.96,1.03,1.21,5.08,0.92,6.00,,,,,,,"LTR"
"B","24-10-2019","2019-10-24 00:00:00 -0500",1,99,"B002",161594,,,," ",7,"GLP",4.13,1.03,1.21,4.24,0.76,5.00,,,,,,,"LTR"
"B","24-10-2019","2019-10-24 00:00:00 -0500",1,99,"B002",161593,,,," ",7,"GLP",8.26,1.03,1.21,8.47,1.53,10.00,,,,,,,"LTR"
"B","24-10-2019","2019-10-24 00:00:00 -0500",1,99,"B002",161592,,,," ",7,"GLP",7.77,1.03,1.21,7.97,1.43,9.40,,,,,,,"LTR"
"B","24-10-2019","2019-10-24 00:00:00 -0500",1,99,"B002",161591,,,," ",7,"GLP",10.74,1.03,1.21,11.02,1.98,13.00,,,,,,,"LTR"
"B","24-10-2019","2019-10-24 00:00:00 -0500",1,99,"B002",161590,,,," ",7,"GLP",4.13,1.03,1.21,4.24,0.76,5.00,,,,,,,"LTR"
"B","24-10-2019","2019-10-24 00:00:00 -0500",1,99,"B002",161589,,,," ",7,"GLP",28.93,1.03,1.21,29.66,5.34,35.00,,,,,,,"LTR"
"B","24-10-2019","2019-10-24 00:00:00 -0500",1,99,"B002",161588,,,," ",7,"GLP",4.96,1.03,1.21,5.08,0.92,6.00,,,,,,,"LTR"
"B","24-10-2019","2019-10-24 00:00:00 -0500",1,99,"B002",161587,,,," ",7,"GLP",8.26,1.03,1.21,8.47,1.53,10.00,,,,,,,"LTR"
"B","24-10-2019","2019-10-24 00:00:00 -0500",1,99,"B002",161586,,,," ",7,"GLP",6.61,1.03,1.21,6.78,1.22,8.00,,,,,,,"LTR"
"B","24-10-2019","2019-10-24 00:00:00 -0500",1,99,"B002",161585,,,," ",7,"GLP",8.26,1.03,1.21,8.47,1.53,10.00,,,,,,,"LTR"
"B","24-10-2019","2019-10-24 00:00:00 -0500",1,99,"B002",161584,,,," ",7,"GLP",6.61,1.03,1.21,6.78,1.22,8.00,,,,,,,"LTR"
"B","24-10-2019","2019-10-24 00:00:00 -0500",1,99,"B002",161583,,,," ",7,"GLP",25.87,1.03,1.21,26.53,4.77,31.30,,,,,,,"LTR"
"B","24-10-2019","2019-10-24 00:00:00 -0500",1,99,"B002",161582,,,," ",7,"GLP",5.79,1.03,1.21,5.93,1.07,7.00,,,,,,,"LTR"
"B","24-10-2019","2019-10-24 00:00:00 -0500",1,99,"B002",161581,,,," ",7,"GLP",8.26,1.03,1.21,8.47,1.53,10.00,,,,,,,"LTR"
"B","24-10-2019","2019-10-24 00:00:00 -0500",1,99,"B002",161580,,,," ",7,"GLP",2.5,1.03,1.21,2.57,0.46,3.03,,,,,,,"LTR"
"B","24-10-2019","2019-10-24 00:00:00 -0500",1,99,"B002",161579,,,," ",7,"GLP",4.13,1.03,1.21,4.24,0.76,5.00,,,,,,,"LTR"
"B","24-10-2019","2019-10-24 00:00:00 -0500",1,99,"B002",161578,,,," ",7,"GLP",6.37,1.03,1.21,6.53,1.18,7.71,,,,,,,"LTR"
"B","24-10-2019","2019-10-24 00:00:00 -0500",1,99,"B002",161577,,,," ",7,"GLP",12.4,1.03,1.21,12.71,2.29,15.00,,,,,,,"LTR"
"B","24-10-2019","2019-10-24 00:00:00 -0500",1,99,"B002",161576,,,," ",7,"GLP",4.13,1.03,1.21,4.24,0.76,5.00,,,,,,,"LTR"
"B","24-10-2019","2019-10-24 00:00:00 -0500",1,99,"B002",161575,,,," ",7,"GLP",4.13,1.03,1.21,4.24,0.76,5.00,,,,,,,"LTR"
"B","24-10-2019","2019-10-24 00:00:00 -0500",1,99,"B002",161574,,,," ",7,"GLP",4.96,1.03,1.21,5.08,0.92,6.00,,,,,,,"LTR"
"B","24-10-2019","2019-10-24 00:00:00 -0500",1,99,"B002",161573,,,," ",2,"Gasohol 90",0.55,10.75,12.69,5.92,1.07,6.99,,,,,,,"GLL"
"B","24-10-2019","2019-10-24 00:00:00 -0500",1,99,"B002",161572,,,," ",7,"GLP",16.53,1.03,1.21,16.95,3.05,20.00,,,,,,,"LTR"
"B","24-10-2019","2019-10-24 00:00:00 -0500",1,99,"B002",161571,,,," ",7,"GLP",6.2,1.03,1.21,6.36,1.14,7.50,,,,,,,"LTR"
"B","24-10-2019","2019-10-24 00:00:00 -0500",1,99,"B002",161570,,,," ",7,"GLP",7.44,1.03,1.21,7.63,1.37,9.00,,,,,,,"LTR"
"B","24-10-2019","2019-10-24 00:00:00 -0500",1,99,"B002",161569,,,," ",4,"Gasohol 98",0.65,13.13,15.49,8.47,1.53,10.00,,,,,,,"GLL"
"B","24-10-2019","2019-10-24 00:00:00 -0500",1,99,"B002",161568,,,," ",7,"GLP",4.13,1.03,1.21,4.24,0.76,5.00,,,,,,,"LTR"
"B","24-10-2019","2019-10-24 00:00:00 -0500",1,99,"B002",161567,,,," ",7,"GLP",4.63,1.03,1.21,4.75,0.85,5.60,,,,,,,"LTR"
"B","24-10-2019","2019-10-24 00:00:00 -0500",1,99,"B002",161566,,,," ",7,"GLP",8.26,1.03,1.21,8.47,1.53,10.00,,,,,,,"LTR"
"B","24-10-2019","2019-10-24 00:00:00 -0500",1,99,"B002",161565,,,," ",7,"GLP",9.26,1.03,1.21,9.49,1.71,11.20,,,,,,,"LTR"
"B","24-10-2019","2019-10-24 00:00:00 -0500",1,99,"B002",161564,,,," ",7,"GLP",15.7,1.03,1.21,16.10,2.90,19.00,,,,,,,"LTR"
"B","24-10-2019","2019-10-24 00:00:00 -0500",1,99,"B002",161563,,,," ",7,"GLP",14.88,1.03,1.21,15.25,2.75,18.00,,,,,,,"LTR"
"B","24-10-2019","2019-10-24 00:00:00 -0500",1,99,"B002",161562,,,," ",7,"GLP",6.61,1.03,1.21,6.78,1.22,8.00,,,,,,,"LTR"
"B","24-10-2019","2019-10-24 00:00:00 -0500",1,99,"B002",161561,,,," ",7,"GLP",19.01,1.03,1.21,19.49,3.51,23.00,,,,,,,"LTR"
"B","24-10-2019","2019-10-24 00:00:00 -0500",1,99,"B002",161560,,,," ",7,"GLP",8.58,1.03,1.21,8.80,1.58,10.38,,,,,,,"LTR"
"B","24-10-2019","2019-10-24 00:00:00 -0500",1,99,"B002",161559,,,," ",4,"Gasohol 98",7.75,13.13,15.49,101.69,18.31,120.00,,,,,,,"GLL"
"B","24-10-2019","2019-10-24 00:00:00 -0500",1,99,"B002",161558,,,," ",7,"GLP",4.13,1.03,1.21,4.24,0.76,5.00,,,,,,,"LTR"
"B","24-10-2019","2019-10-24 00:00:00 -0500",1,99,"B002",161557,,,," ",7,"GLP",11.91,1.03,1.21,12.21,2.20,14.41,,,,,,,"LTR"
"B","24-10-2019","2019-10-24 00:00:00 -0500",1,99,"B002",161556,,,," ",7,"GLP",8.26,1.03,1.21,8.47,1.53,10.00,,,,,,,"LTR"
"B","24-10-2019","2019-10-24 00:00:00 -0500",1,99,"B002",161555,,,," ",7,"GLP",15.79,1.03,1.21,16.19,2.92,19.11,,,,,,,"LTR"
"B","24-10-2019","2019-10-24 00:00:00 -0500",1,99,"B002",161554,,,," ",7,"GLP",13.29,1.03,1.21,13.63,2.45,16.08,,,,,,,"LTR"
"B","24-10-2019","2019-10-24 00:00:00 -0500",1,99,"B002",161553,,,," ",7,"GLP",3.72,1.03,1.21,3.81,0.69,4.50,,,,,,,"LTR"
"B","24-10-2019","2019-10-24 00:00:00 -0500",1,99,"B002",161552,,,," ",7,"GLP",8.26,1.03,1.21,8.47,1.53,10.00,,,,,,,"LTR"
"B","24-10-2019","2019-10-24 00:00:00 -0500",1,99,"B002",161551,,,," ",7,"GLP",4.96,1.03,1.21,5.08,0.92,6.00,,,,,,,"LTR"
"B","24-10-2019","2019-10-24 00:00:00 -0500",1,99,"B002",161550,,,," ",7,"GLP",4.13,1.03,1.21,4.24,0.76,5.00,,,,,,,"LTR"
"B","24-10-2019","2019-10-24 00:00:00 -0500",1,99,"B002",161549,,,," ",7,"GLP",4.13,1.03,1.21,4.24,0.76,5.00,,,,,,,"LTR"
"B","24-10-2019","2019-10-24 00:00:00 -0500",1,99,"B002",161548,,,," ",7,"GLP",8.26,1.03,1.21,8.47,1.53,10.00,,,,,,,"LTR"
"B","24-10-2019","2019-10-24 00:00:00 -0500",1,99,"B002",161547,,,," ",7,"GLP",7.85,1.03,1.21,8.05,1.45,9.50,,,,,,,"LTR"
"B","24-10-2019","2019-10-24 00:00:00 -0500",1,99,"B002",161546,,,," ",7,"GLP",6.61,1.03,1.21,6.78,1.22,8.00,,,,,,,"LTR"
"B","24-10-2019","2019-10-24 00:00:00 -0500",1,99,"B002",161545,,,," ",7,"GLP",4.13,1.03,1.21,4.24,0.76,5.00,,,,,,,"LTR"
"B","24-10-2019","2019-10-24 00:00:00 -0500",1,99,"B002",161544,,,," ",2,"Gasohol 90",1.02,10.75,12.69,11.02,1.98,13.00,,,,,,,"GLL"
"B","24-10-2019","2019-10-24 00:00:00 -0500",1,99,"B002",161543,,,," ",7,"GLP",4.13,1.03,1.21,4.24,0.76,5.00,,,,,,,"LTR"
"B","24-10-2019","2019-10-24 00:00:00 -0500",1,99,"B002",161542,,,," ",2,"Gasohol 90",0.79,10.75,12.69,8.47,1.53,10.00,,,,,,,"GLL"
"B","24-10-2019","2019-10-24 00:00:00 -0500",1,99,"B002",161541,,,," ",7,"GLP",4.13,1.03,1.21,4.24,0.76,5.00,,,,,,,"LTR"
"B","24-10-2019","2019-10-24 00:00:00 -0500",1,99,"B002",161540,,,," ",7,"GLP",10.8,1.03,1.21,11.08,1.99,13.07,,,,,,,"LTR"
"B","24-10-2019","2019-10-24 00:00:00 -0500",1,99,"B002",161539,,,," ",7,"GLP",7.82,1.03,1.21,8.02,1.44,9.46,,,,,,,"LTR"
"B","24-10-2019","2019-10-24 00:00:00 -0500",1,99,"B002",161538,,,," ",7,"GLP",16.53,1.03,1.21,16.95,3.05,20.00,,,,,,,"LTR"
"B","24-10-2019","2019-10-24 00:00:00 -0500",1,99,"B002",161537,,,," ",7,"GLP",8.26,1.03,1.21,8.47,1.53,10.00,,,,,,,"LTR"
"B","24-10-2019","2019-10-24 00:00:00 -0500",1,99,"B002",161536,,,," ",7,"GLP",6.61,1.03,1.21,6.78,1.22,8.00,,,,,,,"LTR"
"B","24-10-2019","2019-10-24 00:00:00 -0500",1,99,"B002",161535,,,," ",7,"GLP",6.61,1.03,1.21,6.78,1.22,8.00,,,,,,,"LTR"
"B","24-10-2019","2019-10-24 00:00:00 -0500",1,99,"B002",161534,,,," ",7,"GLP",6.2,1.03,1.21,6.36,1.14,7.50,,,,,,,"LTR"
"B","24-10-2019","2019-10-24 00:00:00 -0500",1,99,"B002",161533,,,," ",7,"GLP",5.79,1.03,1.21,5.93,1.07,7.00,,,,,,,"LTR"
"B","24-10-2019","2019-10-24 00:00:00 -0500",1,99,"B002",161532,,,," ",7,"GLP",12.23,1.03,1.21,12.54,2.26,14.80,,,,,,,"LTR"
"B","24-10-2019","2019-10-24 00:00:00 -0500",1,99,"B002",161531,,,," ",7,"GLP",7.85,1.03,1.21,8.05,1.45,9.50,,,,,,,"LTR"
"B","24-10-2019","2019-10-24 00:00:00 -0500",1,99,"B002",161530,,,," ",7,"GLP",16.53,1.03,1.21,16.95,3.05,20.00,,,,,,,"LTR"
"B","24-10-2019","2019-10-24 00:00:00 -0500",1,99,"B002",161529,,,," ",7,"GLP",8.26,1.03,1.21,8.47,1.53,10.00,,,,,,,"LTR"
"B","24-10-2019","2019-10-24 00:00:00 -0500",1,99,"B002",161528,,,," ",7,"GLP",8.26,1.03,1.21,8.47,1.53,10.00,,,,,,,"LTR"
"B","24-10-2019","2019-10-24 00:00:00 -0500",1,99,"B002",161527,,,," ",7,"GLP",8.26,1.03,1.21,8.47,1.53,10.00,,,,,,,"LTR"
"B","24-10-2019","2019-10-24 00:00:00 -0500",1,99,"B002",161526,,,," ",7,"GLP",4.13,1.03,1.21,4.24,0.76,5.00,,,,,,,"LTR"
"B","24-10-2019","2019-10-24 00:00:00 -0500",1,99,"B002",161525,,,," ",7,"GLP",8.26,1.03,1.21,8.47,1.53,10.00,,,,,,,"LTR"
"B","24-10-2019","2019-10-24 00:00:00 -0500",1,99,"B002",161524,,,," ",7,"GLP",4.13,1.03,1.21,4.24,0.76,5.00,,,,,,,"LTR"
"B","24-10-2019","2019-10-24 00:00:00 -0500",1,99,"B002",161523,,,," ",7,"GLP",9.92,1.03,1.21,10.17,1.83,12.00,,,,,,,"LTR"
"B","24-10-2019","2019-10-24 00:00:00 -0500",1,99,"B002",161522,,,," ",7,"GLP",10.74,1.03,1.21,11.02,1.98,13.00,,,,,,,"LTR"
"B","24-10-2019","2019-10-24 00:00:00 -0500",1,99,"B002",161521,,,," ",7,"GLP",8.26,1.03,1.21,8.47,1.53,10.00,,,,,,,"LTR"
"B","24-10-2019","2019-10-24 00:00:00 -0500",1,99,"B002",161520,,,," ",7,"GLP",8.26,1.03,1.21,8.47,1.53,10.00,,,,,,,"LTR"
"B","24-10-2019","2019-10-24 00:00:00 -0500",1,99,"B002",161519,,,," ",7,"GLP",12.56,1.03,1.21,12.88,2.32,15.20,,,,,,,"LTR"
"B","24-10-2019","2019-10-24 00:00:00 -0500",1,99,"B002",161518,,,," ",7,"GLP",24.1,1.03,1.21,24.71,4.45,29.16,,,,,,,"LTR"
"B","24-10-2019","2019-10-24 00:00:00 -0500",1,99,"B002",161517,,,," ",7,"GLP",7.85,1.03,1.21,8.05,1.45,9.50,,,,,,,"LTR"
"B","24-10-2019","2019-10-24 00:00:00 -0500",1,99,"B002",161516,,,," ",7,"GLP",12.4,1.03,1.21,12.71,2.29,15.00,,,,,,,"LTR"
"B","24-10-2019","2019-10-24 00:00:00 -0500",1,99,"B002",161515,,,," ",2,"Gasohol 90",0.39,10.75,12.69,4.24,0.76,5.00,,,,,,,"GLL"
"B","24-10-2019","2019-10-24 00:00:00 -0500",1,99,"B002",161514,,,," ",7,"GLP",9.51,1.03,1.21,9.75,1.76,11.51,,,,,,,"LTR"
"B","24-10-2019","2019-10-24 00:00:00 -0500",1,99,"B002",161513,,,," ",7,"GLP",12.4,1.03,1.21,12.71,2.29,15.00,,,,,,,"LTR"
"B","24-10-2019","2019-10-24 00:00:00 -0500",1,99,"B002",161512,,,," ",7,"GLP",11.56,1.03,1.21,11.86,2.13,13.99,,,,,,,"LTR"
"B","24-10-2019","2019-10-24 00:00:00 -0500",1,99,"B002",161511,,,," ",7,"GLP",8.26,1.03,1.21,8.47,1.53,10.00,,,,,,,"LTR"
"B","24-10-2019","2019-10-24 00:00:00 -0500",1,99,"B002",161510,,,," ",7,"GLP",8.26,1.03,1.21,8.47,1.53,10.00,,,,,,,"LTR"
"B","24-10-2019","2019-10-24 00:00:00 -0500",1,99,"B002",161509,,,," ",7,"GLP",9.09,1.03,1.21,9.32,1.68,11.00,,,,,,,"LTR"
"B","24-10-2019","2019-10-24 00:00:00 -0500",1,99,"B002",161508,,,," ",7,"GLP",5.79,1.03,1.21,5.93,1.07,7.00,,,,,,,"LTR"
"B","24-10-2019","2019-10-24 00:00:00 -0500",1,99,"B002",161507,,,," ",7,"GLP",12.4,1.03,1.21,12.71,2.29,15.00,,,,,,,"LTR"
"B","24-10-2019","2019-10-24 00:00:00 -0500",1,99,"B002",161506,,,," ",7,"GLP",4.96,1.03,1.21,5.08,0.92,6.00,,,,,,,"LTR"
"B","24-10-2019","2019-10-24 00:00:00 -0500",1,99,"B002",161505,,,," ",7,"GLP",5.79,1.03,1.21,5.93,1.07,7.00,,,,,,,"LTR"
"B","24-10-2019","2019-10-24 00:00:00 -0500",1,99,"B002",161504,,,," ",2,"Gasohol 90",0.39,10.75,12.69,4.24,0.76,5.00,,,,,,,"GLL"
"B","24-10-2019","2019-10-24 00:00:00 -0500",1,99,"B002",161503,,,," ",7,"GLP",16.53,1.03,1.21,16.95,3.05,20.00,,,,,,,"LTR"
"B","24-10-2019","2019-10-24 00:00:00 -0500",1,99,"B002",161502,,,," ",7,"GLP",8.26,1.03,1.21,8.47,1.53,10.00,,,,,,,"LTR"
"B","24-10-2019","2019-10-24 00:00:00 -0500",1,99,"B002",161501,,,," ",7,"GLP",8.26,1.03,1.21,8.47,1.53,10.00,,,,,,,"LTR"
"B","24-10-2019","2019-10-24 00:00:00 -0500",1,99,"B002",161500,,,," ",7,"GLP",3.31,1.03,1.21,3.39,0.61,4.00,,,,,,,"LTR"
"B","24-10-2019","2019-10-24 00:00:00 -0500",1,99,"B002",161499,,,," ",7,"GLP",9.92,1.03,1.21,10.17,1.83,12.00,,,,,,,"LTR"
"B","24-10-2019","2019-10-24 00:00:00 -0500",1,99,"B002",161498,,,," ",7,"GLP",31.82,1.03,1.21,32.63,5.87,38.50,,,,,,,"LTR"
"B","24-10-2019","2019-10-24 00:00:00 -0500",1,99,"B002",161497,,,," ",7,"GLP",4.13,1.03,1.21,4.24,0.76,5.00,,,,,,,"LTR"
"B","24-10-2019","2019-10-24 00:00:00 -0500",1,99,"B002",161496,,,," ",7,"GLP",21.49,1.03,1.21,22.03,3.97,26.00,,,,,,,"LTR"
"B","24-10-2019","2019-10-24 00:00:00 -0500",1,99,"B002",161495,,,," ",7,"GLP",11.74,1.03,1.21,12.03,2.17,14.20,,,,,,,"LTR"
"B","24-10-2019","2019-10-24 00:00:00 -0500",1,99,"B002",161494,,,," ",7,"GLP",4.96,1.03,1.21,5.08,0.92,6.00,,,,,,,"LTR"
"B","24-10-2019","2019-10-24 00:00:00 -0500",1,99,"B002",161493,,,," ",7,"GLP",4.13,1.03,1.21,4.24,0.76,5.00,,,,,,,"LTR"
"B","24-10-2019","2019-10-24 00:00:00 -0500",1,99,"B002",161492,,,," ",7,"GLP",9.92,1.03,1.21,10.17,1.83,12.00,,,,,,,"LTR"
"B","24-10-2019","2019-10-24 00:00:00 -0500",1,99,"B002",161491,,,," ",7,"GLP",6.61,1.03,1.21,6.78,1.22,8.00,,,,,,,"LTR"
"B","24-10-2019","2019-10-24 00:00:00 -0500",1,99,"B002",161490,,,," ",7,"GLP",4.13,1.03,1.21,4.24,0.76,5.00,,,,,,,"LTR"
"B","24-10-2019","2019-10-24 00:00:00 -0500",1,99,"B002",161489,,,," ",7,"GLP",4.13,1.03,1.21,4.24,0.76,5.00,,,,,,,"LTR"
"B","24-10-2019","2019-10-24 00:00:00 -0500",1,99,"B002",161488,,,," ",7,"GLP",8.26,1.03,1.21,8.47,1.53,10.00,,,,,,,"LTR"
"B","24-10-2019","2019-10-24 00:00:00 -0500",1,99,"B002",161487,,,," ",7,"GLP",11.58,1.03,1.21,11.87,2.14,14.01,,,,,,,"LTR"
"B","24-10-2019","2019-10-24 00:00:00 -0500",1,99,"B002",161486,,,," ",7,"GLP",13.64,1.03,1.21,13.98,2.52,16.50,,,,,,,"LTR"
"B","24-10-2019","2019-10-24 00:00:00 -0500",1,99,"B002",161485,,,," ",7,"GLP",8.26,1.03,1.21,8.47,1.53,10.00,,,,,,,"LTR"
"B","24-10-2019","2019-10-24 00:00:00 -0500",1,99,"B002",161484,,,," ",7,"GLP",16.53,1.03,1.21,16.95,3.05,20.00,,,,,,,"LTR"
"B","24-10-2019","2019-10-24 00:00:00 -0500",1,99,"B002",161483,,,," ",7,"GLP",4.96,1.03,1.21,5.08,0.92,6.00,,,,,,,"LTR"
"B","24-10-2019","2019-10-24 00:00:00 -0500",1,99,"B002",161482,,,," ",7,"GLP",13.06,1.03,1.21,13.39,2.41,15.80,,,,,,,"LTR"
"B","24-10-2019","2019-10-24 00:00:00 -0500",1,99,"B002",161481,,,," ",7,"GLP",6.61,1.03,1.21,6.78,1.22,8.00,,,,,,,"LTR"
"B","24-10-2019","2019-10-24 00:00:00 -0500",1,99,"B002",161480,,,," ",7,"GLP",11.57,1.03,1.21,11.86,2.14,14.00,,,,,,,"LTR"
"B","24-10-2019","2019-10-24 00:00:00 -0500",1,99,"B002",161479,,,," ",7,"GLP",4.96,1.03,1.21,5.08,0.92,6.00,,,,,,,"LTR"
"B","24-10-2019","2019-10-24 00:00:00 -0500",1,99,"B002",161478,,,," ",7,"GLP",6.61,1.03,1.21,6.78,1.22,8.00,,,,,,,"LTR"
"B","24-10-2019","2019-10-24 00:00:00 -0500",1,99,"B002",161477,,,," ",7,"GLP",6.95,1.03,1.21,7.13,1.28,8.41,,,,,,,"LTR"
"B","24-10-2019","2019-10-24 00:00:00 -0500",1,99,"B002",161476,,,," ",7,"GLP",5.79,1.03,1.21,5.93,1.07,7.00,,,,,,,"LTR"
"B","24-10-2019","2019-10-24 00:00:00 -0500",1,99,"B002",161475,,,," ",7,"GLP",5.82,1.03,1.21,5.97,1.07,7.04,,,,,,,"LTR"
"B","24-10-2019","2019-10-24 00:00:00 -0500",1,99,"B002",161474,,,," ",7,"GLP",11.65,1.03,1.21,11.95,2.15,14.10,,,,,,,"LTR"
"B","24-10-2019","2019-10-24 00:00:00 -0500",1,99,"B002",161473,,,," ",7,"GLP",5.79,1.03,1.21,5.93,1.07,7.00,,,,,,,"LTR"
"B","24-10-2019","2019-10-24 00:00:00 -0500",1,99,"B002",161472,,,," ",7,"GLP",7.85,1.03,1.21,8.05,1.45,9.50,,,,,,,"LTR"
"B","24-10-2019","2019-10-24 00:00:00 -0500",1,99,"B002",161471,,,," ",7,"GLP",7.83,1.03,1.21,8.03,1.44,9.47,,,,,,,"LTR"
"B","24-10-2019","2019-10-24 00:00:00 -0500",1,99,"B002",161470,,,," ",7,"GLP",4.13,1.03,1.21,4.24,0.76,5.00,,,,,,,"LTR"
"B","24-10-2019","2019-10-24 00:00:00 -0500",1,99,"B002",161469,,,," ",7,"GLP",4.96,1.03,1.21,5.08,0.92,6.00,,,,,,,"LTR"
"B","24-10-2019","2019-10-24 00:00:00 -0500",1,99,"B002",161468,,,," ",7,"GLP",3.96,1.03,1.21,4.06,0.73,4.79,,,,,,,"LTR"
"B","24-10-2019","2019-10-24 00:00:00 -0500",1,99,"B002",161467,,,," ",7,"GLP",8.26,1.03,1.21,8.47,1.53,10.00,,,,,,,"LTR"
"B","24-10-2019","2019-10-24 00:00:00 -0500",1,99,"B002",161466,,,," ",7,"GLP",4.13,1.03,1.21,4.24,0.76,5.00,,,,,,,"LTR"
"B","24-10-2019","2019-10-24 00:00:00 -0500",1,99,"B002",161465,,,," ",7,"GLP",8.26,1.03,1.21,8.47,1.53,10.00,,,,,,,"LTR"
"B","24-10-2019","2019-10-24 00:00:00 -0500",1,99,"B002",161464,,,," ",7,"GLP",6.61,1.03,1.21,6.78,1.22,8.00,,,,,,,"LTR"
"B","24-10-2019","2019-10-24 00:00:00 -0500",1,99,"B002",161463,,,," ",7,"GLP",8.26,1.03,1.21,8.47,1.53,10.00,,,,,,,"LTR"
"B","24-10-2019","2019-10-24 00:00:00 -0500",1,99,"B002",161462,,,," ",7,"GLP",8.26,1.03,1.21,8.47,1.53,10.00,,,,,,,"LTR"
"B","24-10-2019","2019-10-24 00:00:00 -0500",1,99,"B002",161461,,,," ",7,"GLP",4.13,1.03,1.21,4.24,0.76,5.00,,,,,,,"LTR"
"B","24-10-2019","2019-10-24 00:00:00 -0500",1,99,"B002",161460,,,," ",7,"GLP",4.13,1.03,1.21,4.24,0.76,5.00,,,,,,,"LTR"
"B","24-10-2019","2019-10-24 00:00:00 -0500",1,99,"B002",161459,,,," ",7,"GLP",8.51,1.03,1.21,8.73,1.57,10.30,,,,,,,"LTR"
"B","24-10-2019","2019-10-24 00:00:00 -0500",1,99,"B002",161458,,,," ",7,"GLP",4.13,1.03,1.21,4.24,0.76,5.00,,,,,,,"LTR"
"B","24-10-2019","2019-10-24 00:00:00 -0500",1,99,"B002",161457,,,," ",7,"GLP",12.4,1.03,1.21,12.71,2.29,15.00,,,,,,,"LTR"
"B","24-10-2019","2019-10-24 00:00:00 -0500",1,99,"B002",161456,,,," ",7,"GLP",16.53,1.03,1.21,16.95,3.05,20.00,,,,,,,"LTR"
"B","24-10-2019","2019-10-24 00:00:00 -0500",1,99,"B002",161455,,,," ",7,"GLP",9.09,1.03,1.21,9.32,1.68,11.00,,,,,,,"LTR"
"B","24-10-2019","2019-10-24 00:00:00 -0500",1,99,"B002",161454,,,," ",7,"GLP",12.4,1.03,1.21,12.71,2.29,15.00,,,,,,,"LTR"
"B","24-10-2019","2019-10-24 00:00:00 -0500",1,99,"B002",161453,,,," ",7,"GLP",9.92,1.03,1.21,10.17,1.83,12.00,,,,,,,"LTR"
"B","24-10-2019","2019-10-24 00:00:00 -0500",1,99,"B002",161452,,,," ",7,"GLP",9.26,1.03,1.21,9.49,1.71,11.20,,,,,,,"LTR"
"B","24-10-2019","2019-10-24 00:00:00 -0500",1,99,"B002",161451,,,," ",7,"GLP",8.26,1.03,1.21,8.47,1.53,10.00,,,,,,,"LTR"
"B","24-10-2019","2019-10-24 00:00:00 -0500",1,99,"B002",161450,,,," ",7,"GLP",4.96,1.03,1.21,5.08,0.92,6.00,,,,,,,"LTR"
"B","24-10-2019","2019-10-24 00:00:00 -0500",1,99,"B002",161449,,,," ",7,"GLP",4.13,1.03,1.21,4.24,0.76,5.00,,,,,,,"LTR"
"B","24-10-2019","2019-10-24 00:00:00 -0500",1,99,"B002",161448,,,," ",7,"GLP",3.31,1.03,1.21,3.39,0.61,4.00,,,,,,,"LTR"
"B","24-10-2019","2019-10-24 00:00:00 -0500",1,99,"B002",161447,,,," ",7,"GLP",4.96,1.03,1.21,5.08,0.92,6.00,,,,,,,"LTR"
"B","24-10-2019","2019-10-24 00:00:00 -0500",1,99,"B002",161446,,,," ",7,"GLP",8.26,1.03,1.21,8.47,1.53,10.00,,,,,,,"LTR"
"B","24-10-2019","2019-10-24 00:00:00 -0500",1,99,"B002",161445,,,," ",7,"GLP",4.96,1.03,1.21,5.08,0.92,6.00,,,,,,,"LTR"
"B","24-10-2019","2019-10-24 00:00:00 -0500",1,99,"B002",161444,,,," ",7,"GLP",7.44,1.03,1.21,7.63,1.37,9.00,,,,,,,"LTR"
"B","24-10-2019","2019-10-24 00:00:00 -0500",1,99,"B002",161443,,,," ",7,"GLP",4.96,1.03,1.21,5.08,0.92,6.00,,,,,,,"LTR"
"B","24-10-2019","2019-10-24 00:00:00 -0500",1,99,"B002",161442,,,," ",7,"GLP",8.26,1.03,1.21,8.47,1.53,10.00,,,,,,,"LTR"
"B","24-10-2019","2019-10-24 00:00:00 -0500",1,99,"B002",161441,,,," ",7,"GLP",4.13,1.03,1.21,4.24,0.76,5.00,,,,,,,"LTR"
"B","24-10-2019","2019-10-24 00:00:00 -0500",1,99,"B002",161440,,,," ",7,"GLP",5.79,1.03,1.21,5.93,1.07,7.00,,,,,,,"LTR"
"B","24-10-2019","2019-10-24 00:00:00 -0500",1,99,"B002",161439,,,," ",7,"GLP",7.19,1.03,1.21,7.37,1.33,8.70,,,,,,,"LTR"
"B","24-10-2019","2019-10-24 00:00:00 -0500",1,99,"B002",161438,,,," ",7,"GLP",9.92,1.03,1.21,10.17,1.83,12.00,,,,,,,"LTR"
"B","24-10-2019","2019-10-24 00:00:00 -0500",1,99,"B002",161437,,,," ",7,"GLP",9.09,1.03,1.21,9.32,1.68,11.00,,,,,,,"LTR"
"B","24-10-2019","2019-10-24 00:00:00 -0500",1,99,"B002",161436,,,," ",7,"GLP",13.31,1.03,1.21,13.64,2.46,16.10,,,,,,,"LTR"
"B","24-10-2019","2019-10-24 00:00:00 -0500",1,99,"B002",161435,,,," ",7,"GLP",8.26,1.03,1.21,8.47,1.53,10.00,,,,,,,"LTR"
"B","24-10-2019","2019-10-24 00:00:00 -0500",1,99,"B002",161434,,,," ",7,"GLP",4.79,1.03,1.21,4.92,0.88,5.80,,,,,,,"LTR"
"B","24-10-2019","2019-10-24 00:00:00 -0500",1,99,"B002",161433,,,," ",2,"Gasohol 90",0.39,10.75,12.69,4.24,0.76,5.00,,,,,,,"GLL"
"B","24-10-2019","2019-10-24 00:00:00 -0500",1,99,"B002",161432,,,," ",7,"GLP",8.26,1.03,1.21,8.47,1.53,10.00,,,,,,,"LTR"
"B","24-10-2019","2019-10-24 00:00:00 -0500",1,99,"B002",161431,,,," ",7,"GLP",4.96,1.03,1.21,5.08,0.92,6.00,,,,,,,"LTR"
"B","24-10-2019","2019-10-24 00:00:00 -0500",1,99,"B002",161430,,,," ",7,"GLP",4.13,1.03,1.21,4.24,0.76,5.00,,,,,,,"LTR"
"B","24-10-2019","2019-10-24 00:00:00 -0500",1,99,"B002",161429,,,," ",7,"GLP",7.03,1.03,1.21,7.21,1.30,8.51,,,,,,,"LTR"
"B","24-10-2019","2019-10-24 00:00:00 -0500",1,99,"B002",161428,,,," ",7,"GLP",8.26,1.03,1.21,8.47,1.53,10.00,,,,,,,"LTR"
"B","24-10-2019","2019-10-24 00:00:00 -0500",1,99,"B002",161427,,,," ",7,"GLP",30.58,1.03,1.21,31.36,5.64,37.00,,,,,,,"LTR"
"B","24-10-2019","2019-10-24 00:00:00 -0500",1,99,"B002",161426,,,," ",7,"GLP",8.26,1.03,1.21,8.47,1.53,10.00,,,,,,,"LTR"
"B","24-10-2019","2019-10-24 00:00:00 -0500",1,99,"B002",161425,,,," ",7,"GLP",13.72,1.03,1.21,14.07,2.53,16.60,,,,,,,"LTR"
"B","24-10-2019","2019-10-24 00:00:00 -0500",1,99,"B002",161424,,,," ",7,"GLP",9.84,1.03,1.21,10.08,1.82,11.90,,,,,,,"LTR"
"B","24-10-2019","2019-10-24 00:00:00 -0500",1,99,"B002",161423,,,," ",7,"GLP",7.03,1.03,1.21,7.20,1.30,8.50,,,,,,,"LTR"
"B","24-10-2019","2019-10-24 00:00:00 -0500",1,99,"B002",161422,,,," ",7,"GLP",9.09,1.03,1.21,9.32,1.68,11.00,,,,,,,"LTR"
"B","24-10-2019","2019-10-24 00:00:00 -0500",1,99,"B002",161421,,,," ",7,"GLP",7.52,1.03,1.21,7.71,1.39,9.10,,,,,,,"LTR"
"B","24-10-2019","2019-10-24 00:00:00 -0500",1,99,"B002",161420,,,," ",7,"GLP",8.26,1.03,1.21,8.47,1.53,10.00,,,,,,,"LTR"
"B","24-10-2019","2019-10-24 00:00:00 -0500",1,99,"B002",161419,,,," ",7,"GLP",4.13,1.03,1.21,4.24,0.76,5.00,,,,,,,"LTR"
"B","24-10-2019","2019-10-24 00:00:00 -0500",1,99,"B002",161418,,,," ",7,"GLP",8.26,1.03,1.21,8.47,1.53,10.00,,,,,,,"LTR"
"B","24-10-2019","2019-10-24 00:00:00 -0500",1,99,"B002",161417,,,," ",7,"GLP",4.13,1.03,1.21,4.24,0.76,5.00,,,,,,,"LTR"
"B","24-10-2019","2019-10-24 00:00:00 -0500",1,99,"B002",161416,,,," ",7,"GLP",4.13,1.03,1.21,4.24,0.76,5.00,,,,,,,"LTR"
"B","24-10-2019","2019-10-24 00:00:00 -0500",1,99,"B002",161415,,,," ",7,"GLP",8.26,1.03,1.21,8.47,1.53,10.00,,,,,,,"LTR"
"B","24-10-2019","2019-10-24 00:00:00 -0500",1,99,"B002",161414,,,," ",7,"GLP",4.13,1.03,1.21,4.24,0.76,5.00,,,,,,,"LTR"
"B","24-10-2019","2019-10-24 00:00:00 -0500",1,99,"B002",161413,,,," ",7,"GLP",7.12,1.03,1.21,7.30,1.31,8.61,,,,,,,"LTR"
"B","24-10-2019","2019-10-24 00:00:00 -0500",1,99,"B002",161412,,,," ",2,"Gasohol 90",0.24,10.75,12.69,2.54,0.46,3.00,,,,,,,"GLL"
"B","24-10-2019","2019-10-24 00:00:00 -0500",1,99,"B002",161411,,,," ",7,"GLP",13.22,1.03,1.21,13.56,2.44,16.00,,,,,,,"LTR"
"B","24-10-2019","2019-10-24 00:00:00 -0500",1,99,"B002",161410,,,," ",7,"GLP",10.33,1.03,1.21,10.59,1.91,12.50,,,,,,,"LTR"
"B","24-10-2019","2019-10-24 00:00:00 -0500",1,99,"B002",161409,,,," ",7,"GLP",4.13,1.03,1.21,4.24,0.76,5.00,,,,,,,"LTR"
"B","24-10-2019","2019-10-24 00:00:00 -0500",1,99,"B002",161408,,,," ",7,"GLP",4.13,1.03,1.21,4.24,0.76,5.00,,,,,,,"LTR"
"B","24-10-2019","2019-10-24 00:00:00 -0500",1,99,"B002",161407,,,," ",7,"GLP",4.13,1.03,1.21,4.24,0.76,5.00,,,,,,,"LTR"
"B","24-10-2019","2019-10-24 00:00:00 -0500",1,99,"B002",161406,,,," ",7,"GLP",7.46,1.03,1.21,7.64,1.38,9.02,,,,,,,"LTR"
"B","24-10-2019","2019-10-24 00:00:00 -0500",1,99,"B002",161405,,,," ",7,"GLP",9.09,1.03,1.21,9.32,1.68,11.00,,,,,,,"LTR"
"B","24-10-2019","2019-10-24 00:00:00 -0500",1,99,"B002",161404,,,," ",7,"GLP",5.79,1.03,1.21,5.93,1.07,7.00,,,,,,,"LTR"
"B","24-10-2019","2019-10-24 00:00:00 -0500",1,99,"B002",161403,,,," ",7,"GLP",9.84,1.03,1.21,10.08,1.82,11.90,,,,,,,"LTR"
"B","24-10-2019","2019-10-24 00:00:00 -0500",1,99,"B002",161402,,,," ",7,"GLP",4.13,1.03,1.21,4.24,0.76,5.00,,,,,,,"LTR"
"B","24-10-2019","2019-10-24 00:00:00 -0500",1,99,"B002",161401,,,," ",7,"GLP",5.7,1.03,1.21,5.85,1.05,6.90,,,,,,,"LTR"
"B","24-10-2019","2019-10-24 00:00:00 -0500",1,99,"B002",161400,,,," ",7,"GLP",8.26,1.03,1.21,8.47,1.53,10.00,,,,,,,"LTR"
"B","24-10-2019","2019-10-24 00:00:00 -0500",1,99,"B002",161399,,,," ",7,"GLP",4.13,1.03,1.21,4.24,0.76,5.00,,,,,,,"LTR"
"B","24-10-2019","2019-10-24 00:00:00 -0500",1,99,"B002",161398,,,," ",7,"GLP",3.31,1.03,1.21,3.39,0.61,4.00,,,,,,,"LTR"
"B","24-10-2019","2019-10-24 00:00:00 -0500",1,99,"B002",161397,,,," ",7,"GLP",5.79,1.03,1.21,5.93,1.07,7.00,,,,,,,"LTR"
"B","24-10-2019","2019-10-24 00:00:00 -0500",1,99,"B002",161396,,,," ",7,"GLP",10.74,1.03,1.21,11.02,1.98,13.00,,,,,,,"LTR"
"B","24-10-2019","2019-10-24 00:00:00 -0500",1,99,"B002",161395,,,," ",7,"GLP",8.26,1.03,1.21,8.47,1.53,10.00,,,,,,,"LTR"
"B","24-10-2019","2019-10-24 00:00:00 -0500",1,99,"B002",161394,,,," ",7,"GLP",4.13,1.03,1.21,4.24,0.76,5.00,,,,,,,"LTR"
"B","24-10-2019","2019-10-24 00:00:00 -0500",1,99,"B002",161393,,,," ",7,"GLP",7.44,1.03,1.21,7.63,1.37,9.00,,,,,,,"LTR"
"B","24-10-2019","2019-10-24 00:00:00 -0500",1,99,"B002",161392,,,," ",7,"GLP",9.92,1.03,1.21,10.17,1.83,12.00,,,,,,,"LTR"
"B","24-10-2019","2019-10-24 00:00:00 -0500",1,99,"B002",161391,,,," ",7,"GLP",8.26,1.03,1.21,8.47,1.53,10.00,,,,,,,"LTR"
"B","24-10-2019","2019-10-24 00:00:00 -0500",1,99,"B002",161390,,,," ",7,"GLP",6.55,1.03,1.21,6.71,1.21,7.92,,,,,,,"LTR"
"B","24-10-2019","2019-10-24 00:00:00 -0500",1,99,"B002",161389,,,," ",7,"GLP",5.37,1.03,1.21,5.51,0.99,6.50,,,,,,,"LTR"
"B","24-10-2019","2019-10-24 00:00:00 -0500",1,99,"B002",161388,,,," ",7,"GLP",9.09,1.03,1.21,9.32,1.68,11.00,,,,,,,"LTR"
"B","24-10-2019","2019-10-24 00:00:00 -0500",1,99,"B002",161387,,,," ",7,"GLP",4.96,1.03,1.21,5.08,0.92,6.00,,,,,,,"LTR"
"B","24-10-2019","2019-10-24 00:00:00 -0500",1,99,"B002",161386,,,," ",7,"GLP",5.79,1.03,1.21,5.93,1.07,7.00,,,,,,,"LTR"
"B","24-10-2019","2019-10-24 00:00:00 -0500",1,99,"B002",161385,,,," ",7,"GLP",16.53,1.03,1.21,16.95,3.05,20.00,,,,,,,"LTR"
"B","24-10-2019","2019-10-24 00:00:00 -0500",1,99,"B002",161384,,,," ",7,"GLP",4.13,1.03,1.21,4.24,0.76,5.00,,,,,,,"LTR"
"B","24-10-2019","2019-10-24 00:00:00 -0500",1,99,"B002",161383,,,," ",7,"GLP",10.74,1.03,1.21,11.02,1.98,13.00,,,,,,,"LTR"
"B","24-10-2019","2019-10-24 00:00:00 -0500",1,99,"B002",161382,,,," ",7,"GLP",8.26,1.03,1.21,8.47,1.53,10.00,,,,,,,"LTR"
"B","24-10-2019","2019-10-24 00:00:00 -0500",1,99,"B002",161381,,,," ",7,"GLP",6.61,1.03,1.21,6.78,1.22,8.00,,,,,,,"LTR"
"B","24-10-2019","2019-10-24 00:00:00 -0500",1,99,"B002",161380,,,," ",7,"GLP",8.26,1.03,1.21,8.47,1.53,10.00,,,,,,,"LTR"
"B","24-10-2019","2019-10-24 00:00:00 -0500",1,99,"B002",161379,,,," ",7,"GLP",6.36,1.03,1.21,6.53,1.17,7.70,,,,,,,"LTR"
"B","24-10-2019","2019-10-24 00:00:00 -0500",1,99,"B002",161378,,,," ",7,"GLP",8.26,1.03,1.21,8.47,1.53,10.00,,,,,,,"LTR"
"B","24-10-2019","2019-10-24 00:00:00 -0500",1,99,"B002",161377,,,," ",7,"GLP",14.88,1.03,1.21,15.25,2.75,18.00,,,,,,,"LTR"
"B","24-10-2019","2019-10-24 00:00:00 -0500",1,99,"B002",161376,,,," ",7,"GLP",4.13,1.03,1.21,4.24,0.76,5.00,,,,,,,"LTR"
"B","24-10-2019","2019-10-24 00:00:00 -0500",1,99,"B002",161375,,,," ",7,"GLP",4.13,1.03,1.21,4.24,0.76,5.00,,,,,,,"LTR"
"B","24-10-2019","2019-10-24 00:00:00 -0500",1,99,"B002",161374,,,," ",7,"GLP",11.48,1.03,1.21,11.77,2.12,13.89,,,,,,,"LTR"
"B","24-10-2019","2019-10-24 00:00:00 -0500",1,99,"B002",161373,,,," ",7,"GLP",11.57,1.03,1.21,11.86,2.14,14.00,,,,,,,"LTR"
"B","24-10-2019","2019-10-24 00:00:00 -0500",1,99,"B002",161372,,,," ",7,"GLP",12.4,1.03,1.21,12.71,2.29,15.00,,,,,,,"LTR"
"B","24-10-2019","2019-10-24 00:00:00 -0500",1,99,"B002",161371,,,," ",7,"GLP",6.61,1.03,1.21,6.78,1.22,8.00,,,,,,,"LTR"
"B","24-10-2019","2019-10-24 00:00:00 -0500",1,99,"B002",161370,,,," ",7,"GLP",15.7,1.03,1.21,16.10,2.90,19.00,,,,,,,"LTR"
"B","24-10-2019","2019-10-24 00:00:00 -0500",1,99,"B002",161369,,,," ",7,"GLP",4.96,1.03,1.21,5.08,0.92,6.00,,,,,,,"LTR"
"B","24-10-2019","2019-10-24 00:00:00 -0500",1,99,"B002",161368,,,," ",7,"GLP",16.53,1.03,1.21,16.95,3.05,20.00,,,,,,,"LTR"
"B","24-10-2019","2019-10-24 00:00:00 -0500",1,99,"B002",161367,,,," ",7,"GLP",9.92,1.03,1.21,10.17,1.83,12.00,,,,,,,"LTR"
"B","24-10-2019","2019-10-24 00:00:00 -0500",1,99,"B002",161366,,,," ",7,"GLP",8.26,1.03,1.21,8.47,1.53,10.00,,,,,,,"LTR"
"B","24-10-2019","2019-10-24 00:00:00 -0500",1,99,"B002",161365,,,," ",7,"GLP",8.26,1.03,1.21,8.47,1.53,10.00,,,,,,,"LTR"
"B","24-10-2019","2019-10-24 00:00:00 -0500",1,99,"B002",161364,,,," ",7,"GLP",7.44,1.03,1.21,7.63,1.37,9.00,,,,,,,"LTR"
"B","24-10-2019","2019-10-24 00:00:00 -0500",1,99,"B002",161363,,,," ",7,"GLP",8.26,1.03,1.21,8.47,1.53,10.00,,,,,,,"LTR"
"B","24-10-2019","2019-10-24 00:00:00 -0500",1,99,"B002",161362,,,," ",7,"GLP",10.74,1.03,1.21,11.02,1.98,13.00,,,,,,,"LTR"
"B","24-10-2019","2019-10-24 00:00:00 -0500",1,99,"B002",161361,,,," ",7,"GLP",4.13,1.03,1.21,4.24,0.76,5.00,,,,,,,"LTR"
"B","24-10-2019","2019-10-24 00:00:00 -0500",1,99,"B002",161360,,,," ",7,"GLP",20.66,1.03,1.21,21.19,3.81,25.00,,,,,,,"LTR"
"B","24-10-2019","2019-10-24 00:00:00 -0500",1,99,"B002",161359,,,," ",7,"GLP",5.79,1.03,1.21,5.93,1.07,7.00,,,,,,,"LTR"
"B","24-10-2019","2019-10-24 00:00:00 -0500",1,99,"B002",161358,,,," ",7,"GLP",4.13,1.03,1.21,4.24,0.76,5.00,,,,,,,"LTR"
"B","24-10-2019","2019-10-24 00:00:00 -0500",1,99,"B002",161357,,,," ",7,"GLP",16.53,1.03,1.21,16.95,3.05,20.00,,,,,,,"LTR"
"B","24-10-2019","2019-10-24 00:00:00 -0500",1,99,"B002",161356,,,," ",7,"GLP",4.13,1.03,1.21,4.24,0.76,5.00,,,,,,,"LTR"
"B","24-10-2019","2019-10-24 00:00:00 -0500",1,99,"B002",161355,,,," ",7,"GLP",4.13,1.03,1.21,4.24,0.76,5.00,,,,,,,"LTR"
"B","24-10-2019","2019-10-24 00:00:00 -0500",1,99,"B002",161354,,,," ",7,"GLP",4.13,1.03,1.21,4.24,0.76,5.00,,,,,,,"LTR"
"B","24-10-2019","2019-10-24 00:00:00 -0500",1,99,"B002",161353,,,," ",7,"GLP",5.79,1.03,1.21,5.93,1.07,7.00,,,,,,,"LTR"
"B","24-10-2019","2019-10-24 00:00:00 -0500",1,99,"B002",161352,,,," ",7,"GLP",4.13,1.03,1.21,4.24,0.76,5.00,,,,,,,"LTR"
"B","24-10-2019","2019-10-24 00:00:00 -0500",1,99,"B002",161351,,,," ",7,"GLP",4.13,1.03,1.21,4.24,0.76,5.00,,,,,,,"LTR"
"B","24-10-2019","2019-10-24 00:00:00 -0500",1,99,"B002",161350,,,," ",7,"GLP",6.61,1.03,1.21,6.78,1.22,8.00,,,,,,,"LTR"
"B","24-10-2019","2019-10-24 00:00:00 -0500",1,99,"B002",161349,,,," ",7,"GLP",6.61,1.03,1.21,6.78,1.22,8.00,,,,,,,"LTR"
"B","24-10-2019","2019-10-24 00:00:00 -0500",1,99,"B002",161348,,,," ",7,"GLP",5.12,1.03,1.21,5.25,0.94,6.19,,,,,,,"LTR"
"B","24-10-2019","2019-10-24 00:00:00 -0500",1,99,"B002",161347,,,," ",7,"GLP",0.02,1.03,1.21,0.02,0.00,0.02,,,,,,,"LTR"
"B","24-10-2019","2019-10-24 00:00:00 -0500",1,99,"B002",161346,,,," ",7,"GLP",11.98,1.03,1.21,12.28,2.21,14.49,,,,,,,"LTR"
"B","24-10-2019","2019-10-24 00:00:00 -0500",1,99,"B002",161345,,,," ",7,"GLP",7.19,1.03,1.21,7.37,1.33,8.70,,,,,,,"LTR"
"B","24-10-2019","2019-10-24 00:00:00 -0500",1,99,"B002",161344,,,," ",7,"GLP",10.74,1.03,1.21,11.02,1.98,13.00,,,,,,,"LTR"
"B","24-10-2019","2019-10-24 00:00:00 -0500",1,99,"B002",161343,,,," ",7,"GLP",6.61,1.03,1.21,6.78,1.22,8.00,,,,,,,"LTR"
"B","24-10-2019","2019-10-24 00:00:00 -0500",1,99,"B002",161342,,,," ",7,"GLP",9.17,1.03,1.21,9.41,1.69,11.10,,,,,,,"LTR"
"B","24-10-2019","2019-10-24 00:00:00 -0500",1,99,"B002",161341,,,," ",7,"GLP",8.26,1.03,1.21,8.47,1.53,10.00,,,,,,,"LTR"
"B","24-10-2019","2019-10-24 00:00:00 -0500",1,99,"B002",161340,,,," ",7,"GLP",10.74,1.03,1.21,11.02,1.98,13.00,,,,,,,"LTR"
"B","24-10-2019","2019-10-24 00:00:00 -0500",1,99,"B002",161339,,,," ",7,"GLP",4.13,1.03,1.21,4.24,0.76,5.00,,,,,,,"LTR"
"B","24-10-2019","2019-10-24 00:00:00 -0500",1,99,"B002",161338,,,," ",7,"GLP",4.13,1.03,1.21,4.24,0.76,5.00,,,,,,,"LTR"
"B","24-10-2019","2019-10-24 00:00:00 -0500",1,99,"B002",161337,,,," ",7,"GLP",10.36,1.03,1.21,10.62,1.91,12.53,,,,,,,"LTR"
"B","24-10-2019","2019-10-24 00:00:00 -0500",1,99,"B002",161336,,,," ",7,"GLP",6.61,1.03,1.21,6.78,1.22,8.00,,,,,,,"LTR"
"B","24-10-2019","2019-10-24 00:00:00 -0500",1,99,"B002",161335,,,," ",7,"GLP",8.26,1.03,1.21,8.47,1.53,10.00,,,,,,,"LTR"
"B","24-10-2019","2019-10-24 00:00:00 -0500",1,99,"B002",161334,,,," ",7,"GLP",8.26,1.03,1.21,8.47,1.53,10.00,,,,,,,"LTR"
"B","24-10-2019","2019-10-24 00:00:00 -0500",1,99,"B002",161333,,,," ",7,"GLP",11.11,1.03,1.21,11.39,2.05,13.44,,,,,,,"LTR"
"B","24-10-2019","2019-10-24 00:00:00 -0500",1,99,"B002",161332,,,," ",7,"GLP",6.61,1.03,1.21,6.78,1.22,8.00,,,,,,,"LTR"
"B","24-10-2019","2019-10-24 00:00:00 -0500",1,99,"B002",161331,,,," ",7,"GLP",9.92,1.03,1.21,10.17,1.83,12.00,,,,,,,"LTR"
"B","24-10-2019","2019-10-24 00:00:00 -0500",1,99,"B002",161330,,,," ",7,"GLP",27.86,1.03,1.21,28.57,5.14,33.71,,,,,,,"LTR"
"B","24-10-2019","2019-10-24 00:00:00 -0500",1,99,"B002",161329,,,," ",7,"GLP",8.26,1.03,1.21,8.47,1.53,10.00,,,,,,,"LTR"
"B","24-10-2019","2019-10-24 00:00:00 -0500",1,99,"B002",161328,,,," ",7,"GLP",16.53,1.03,1.21,16.95,3.05,20.00,,,,,,,"LTR"
"B","24-10-2019","2019-10-24 00:00:00 -0500",1,99,"B002",161327,,,," ",7,"GLP",5.79,1.03,1.21,5.93,1.07,7.00,,,,,,,"LTR"
"B","24-10-2019","2019-10-24 00:00:00 -0500",1,99,"B002",161326,,,," ",7,"GLP",4.13,1.03,1.21,4.24,0.76,5.00,,,,,,,"LTR"
"B","24-10-2019","2019-10-24 00:00:00 -0500",1,99,"B002",161325,,,," ",7,"GLP",5.21,1.03,1.21,5.34,0.96,6.30,,,,,,,"LTR"
"B","24-10-2019","2019-10-24 00:00:00 -0500",1,99,"B002",161324,,,," ",7,"GLP",10.91,1.03,1.21,11.19,2.01,13.20,,,,,,,"LTR"
"B","24-10-2019","2019-10-24 00:00:00 -0500",1,99,"B002",161323,,,," ",7,"GLP",4.13,1.03,1.21,4.24,0.76,5.00,,,,,,,"LTR"
"B","24-10-2019","2019-10-24 00:00:00 -0500",1,99,"B002",161322,,,," ",7,"GLP",2.96,1.03,1.21,3.03,0.55,3.58,,,,,,,"LTR"
"B","24-10-2019","2019-10-24 00:00:00 -0500",1,99,"B002",161321,,,," ",7,"GLP",8.26,1.03,1.21,8.47,1.53,10.00,,,,,,,"LTR"
"B","24-10-2019","2019-10-24 00:00:00 -0500",1,99,"B002",161320,,,," ",7,"GLP",7.5,1.03,1.21,7.69,1.39,9.08,,,,,,,"LTR"
"B","24-10-2019","2019-10-24 00:00:00 -0500",1,99,"B002",161319,,,," ",7,"GLP",8.26,1.03,1.21,8.47,1.53,10.00,,,,,,,"LTR"
"B","24-10-2019","2019-10-24 00:00:00 -0500",1,99,"B002",161318,,,," ",7,"GLP",7.85,1.03,1.21,8.05,1.45,9.50,,,,,,,"LTR"
"B","24-10-2019","2019-10-24 00:00:00 -0500",1,99,"B002",161317,,,," ",7,"GLP",15.69,1.03,1.21,16.09,2.90,18.99,,,,,,,"LTR"
"B","24-10-2019","2019-10-24 00:00:00 -0500",1,99,"B002",161316,,,," ",7,"GLP",6.61,1.03,1.21,6.78,1.22,8.00,,,,,,,"LTR"
"B","24-10-2019","2019-10-24 00:00:00 -0500",1,99,"B002",161315,,,," ",7,"GLP",7.69,1.03,1.21,7.88,1.42,9.30,,,,,,,"LTR"
"B","24-10-2019","2019-10-24 00:00:00 -0500",1,99,"B002",161314,,,," ",7,"GLP",8.26,1.03,1.21,8.47,1.53,10.00,,,,,,,"LTR"
"B","24-10-2019","2019-10-24 00:00:00 -0500",1,99,"B002",161313,,,," ",7,"GLP",8.26,1.03,1.21,8.47,1.53,10.00,,,,,,,"LTR"
"B","24-10-2019","2019-10-24 00:00:00 -0500",1,99,"B002",161312,,,," ",7,"GLP",16.53,1.03,1.21,16.95,3.05,20.00,,,,,,,"LTR"
"B","24-10-2019","2019-10-24 00:00:00 -0500",1,99,"B002",161311,,,," ",7,"GLP",7.45,1.03,1.21,7.64,1.37,9.01,,,,,,,"LTR"
"B","24-10-2019","2019-10-24 00:00:00 -0500",1,99,"B002",161310,,,," ",7,"GLP",20.86,1.03,1.21,21.39,3.85,25.24,,,,,,,"LTR"
"B","24-10-2019","2019-10-24 00:00:00 -0500",1,99,"B002",161309,,,," ",7,"GLP",22.66,1.03,1.21,23.24,4.18,27.42,,,,,,,"LTR"
"B","24-10-2019","2019-10-24 00:00:00 -0500",1,99,"B002",161308,,,," ",7,"GLP",28.94,1.03,1.21,29.68,5.34,35.02,,,,,,,"LTR"
"B","24-10-2019","2019-10-24 00:00:00 -0500",1,99,"B002",161307,,,," ",7,"GLP",12.4,1.03,1.21,12.71,2.29,15.00,,,,,,,"LTR"
"B","24-10-2019","2019-10-24 00:00:00 -0500",1,99,"B002",161306,,,," ",7,"GLP",8.26,1.03,1.21,8.47,1.53,10.00,,,,,,,"LTR"
"B","24-10-2019","2019-10-24 00:00:00 -0500",1,99,"B002",161305,,,," ",7,"GLP",5.79,1.03,1.21,5.93,1.07,7.00,,,,,,,"LTR"
"B","24-10-2019","2019-10-24 00:00:00 -0500",1,99,"B002",161304,,,," ",7,"GLP",24.79,1.03,1.21,25.42,4.58,30.00,,,,,,,"LTR"
"B","24-10-2019","2019-10-24 00:00:00 -0500",1,99,"B002",161303,,,," ",7,"GLP",8.22,1.03,1.21,8.43,1.52,9.95,,,,,,,"LTR"
"B","24-10-2019","2019-10-24 00:00:00 -0500",1,99,"B002",161302,,,," ",7,"GLP",12.4,1.03,1.21,12.71,2.29,15.00,,,,,,,"LTR"
"B","24-10-2019","2019-10-24 00:00:00 -0500",1,99,"B002",161301,,,," ",7,"GLP",7.3,1.03,1.21,7.48,1.35,8.83,,,,,,,"LTR"
"B","24-10-2019","2019-10-24 00:00:00 -0500",1,99,"B002",161300,,,," ",4,"Gasohol 98",0.08,13.13,15.49,1.00,0.18,1.18,,,,,,,"GLL"
"B","24-10-2019","2019-10-24 00:00:00 -0500",1,99,"B002",161299,,,," ",7,"GLP",10.41,1.03,1.21,10.67,1.92,12.59,,,,,,,"LTR"
"B","24-10-2019","2019-10-24 00:00:00 -0500",1,99,"B002",161298,,,," ",7,"GLP",5.87,1.03,1.21,6.02,1.08,7.10,,,,,,,"LTR"
"B","24-10-2019","2019-10-24 00:00:00 -0500",1,99,"B002",161297,,,," ",7,"GLP",7.03,1.03,1.21,7.20,1.30,8.50,,,,,,,"LTR"
"B","24-10-2019","2019-10-24 00:00:00 -0500",1,99,"B002",161296,,,," ",7,"GLP",8.26,1.03,1.21,8.47,1.53,10.00,,,,,,,"LTR"
"B","24-10-2019","2019-10-24 00:00:00 -0500",1,99,"B002",161295,,,," ",7,"GLP",8.26,1.03,1.21,8.47,1.53,10.00,,,,,,,"LTR"
"B","24-10-2019","2019-10-24 00:00:00 -0500",1,99,"B002",161294,,,," ",7,"GLP",9.09,1.03,1.21,9.32,1.68,11.00,,,,,,,"LTR"
"B","24-10-2019","2019-10-24 00:00:00 -0500",1,99,"B002",161293,,,," ",7,"GLP",8.26,1.03,1.21,8.47,1.53,10.00,,,,,,,"LTR"
"B","24-10-2019","2019-10-24 00:00:00 -0500",1,99,"B002",161292,,,," ",7,"GLP",9.88,1.03,1.21,10.13,1.82,11.95,,,,,,,"LTR"
"B","24-10-2019","2019-10-24 00:00:00 -0500",1,99,"B002",161291,,,," ",7,"GLP",12.4,1.03,1.21,12.71,2.29,15.00,,,,,,,"LTR"
"B","24-10-2019","2019-10-24 00:00:00 -0500",1,99,"B002",161290,,,," ",7,"GLP",10.74,1.03,1.21,11.02,1.98,13.00,,,,,,,"LTR"
"B","24-10-2019","2019-10-24 00:00:00 -0500",1,99,"B002",161289,,,," ",7,"GLP",4.96,1.03,1.21,5.08,0.92,6.00,,,,,,,"LTR"
"B","24-10-2019","2019-10-24 00:00:00 -0500",1,99,"B002",161288,,,," ",7,"GLP",5.29,1.03,1.21,5.42,0.98,6.40,,,,,,,"LTR"
"B","24-10-2019","2019-10-24 00:00:00 -0500",1,99,"B002",161287,,,," ",7,"GLP",8.26,1.03,1.21,8.47,1.53,10.00,,,,,,,"LTR"
"B","24-10-2019","2019-10-24 00:00:00 -0500",1,99,"B002",161286,,,," ",7,"GLP",12.4,1.03,1.21,12.71,2.29,15.00,,,,,,,"LTR"
"B","24-10-2019","2019-10-24 00:00:00 -0500",1,99,"B002",161285,,,," ",7,"GLP",5.79,1.03,1.21,5.93,1.07,7.00,,,,,,,"LTR"
"B","24-10-2019","2019-10-24 00:00:00 -0500",1,99,"B002",161284,,,," ",7,"GLP",9.92,1.03,1.21,10.17,1.83,12.00,,,,,,,"LTR"
"B","24-10-2019","2019-10-24 00:00:00 -0500",1,99,"B002",161283,,,," ",7,"GLP",4.13,1.03,1.21,4.24,0.76,5.00,,,,,,,"LTR"
"B","24-10-2019","2019-10-24 00:00:00 -0500",1,99,"B002",161282,,,," ",7,"GLP",2.48,1.03,1.21,2.54,0.46,3.00,,,,,,,"LTR"
"B","24-10-2019","2019-10-24 00:00:00 -0500",1,99,"B002",161281,,,," ",7,"GLP",39.75,1.03,1.21,40.76,7.34,48.10,,,,,,,"LTR"
"B","24-10-2019","2019-10-24 00:00:00 -0500",1,99,"B002",161280,,,," ",7,"GLP",15.22,1.03,1.21,15.61,2.81,18.42,,,,,,,"LTR"
"B","24-10-2019","2019-10-24 00:00:00 -0500",1,99,"B002",161279,,,," ",7,"GLP",12.4,1.03,1.21,12.71,2.29,15.00,,,,,,,"LTR"
"B","24-10-2019","2019-10-24 00:00:00 -0500",1,99,"B002",161278,,,," ",7,"GLP",17.74,1.03,1.21,18.19,3.28,21.47,,,,,,,"LTR"
"B","24-10-2019","2019-10-24 00:00:00 -0500",1,99,"B002",161277,,,," ",7,"GLP",4.13,1.03,1.21,4.24,0.76,5.00,,,,,,,"LTR"
"B","24-10-2019","2019-10-24 00:00:00 -0500",1,99,"B002",161276,,,," ",7,"GLP",8.26,1.03,1.21,8.47,1.53,10.00,,,,,,,"LTR"
"B","24-10-2019","2019-10-24 00:00:00 -0500",1,99,"B002",161275,,,," ",7,"GLP",4.13,1.03,1.21,4.24,0.76,5.00,,,,,,,"LTR"
"B","24-10-2019","2019-10-24 00:00:00 -0500",1,99,"B002",161274,,,," ",7,"GLP",4.96,1.03,1.21,5.08,0.92,6.00,,,,,,,"LTR"
"B","24-10-2019","2019-10-24 00:00:00 -0500",1,99,"B002",161273,,,," ",7,"GLP",21.54,1.03,1.21,22.08,3.98,26.06,,,,,,,"LTR"
"B","24-10-2019","2019-10-24 00:00:00 -0500",1,99,"B002",161272,,,," ",7,"GLP",51.68,1.03,1.21,52.99,9.54,62.53,,,,,,,"LTR"
"B","24-10-2019","2019-10-24 00:00:00 -0500",1,99,"B002",161271,,,," ",7,"GLP",0.02,1.03,1.21,0.02,0.00,0.02,,,,,,,"LTR"
"B","24-10-2019","2019-10-24 00:00:00 -0500",1,99,"B002",161270,,,," ",7,"GLP",8.26,1.03,1.21,8.47,1.53,10.00,,,,,,,"LTR"
"B","24-10-2019","2019-10-24 00:00:00 -0500",1,99,"B101",24115,,,," ",5,"DIESEL PRO B5",1.68,10.08,11.89,16.95,3.05,20.00,,,,,,,"GLL"
"B","24-10-2019","2019-10-24 00:00:00 -0500",1,99,"B101",24114,,,," ",2,"GASOHOL 90",3.92,10.82,12.77,42.37,7.63,50.00,,,,,,,"GLL"
"B","24-10-2019","2019-10-24 00:00:00 -0500",1,99,"B101",24113,,,," ",5,"DIESEL PRO B5",13.03,10.08,11.89,131.33,23.64,154.97,,,,,,,"GLL"
"B","24-10-2019","2019-10-24 00:00:00 -0500",1,99,"B101",24112,,,," ",2,"GASOHOL 90",0.39,10.82,12.77,4.24,0.76,5.00,,,,,,,"GLL"
"B","24-10-2019","2019-10-24 00:00:00 -0500",1,99,"B101",24111,,,," ",2,"GASOHOL 90",0.78,10.82,12.77,8.47,1.53,10.00,,,,,,,"GLL"
"B","24-10-2019","2019-10-24 00:00:00 -0500",1,99,"B101",24110,,,," ",5,"DIESEL PRO B5",4.21,10.08,11.89,42.37,7.63,50.00,,,,,,,"GLL"
"B","24-10-2019","2019-10-24 00:00:00 -0500",1,99,"B101",24109,,,," ",3,"GASOHOL 95",1.45,11.67,13.77,16.95,3.05,20.00,,,,,,,"GLL"
"B","24-10-2019","2019-10-24 00:00:00 -0500",1,99,"B101",24108,,,," ",5,"DIESEL PRO B5",3.36,10.08,11.89,33.90,6.10,40.00,,,,,,,"GLL"
"B","24-10-2019","2019-10-24 00:00:00 -0500",1,99,"B101",24107,,,," ",5,"DIESEL PRO B5",1.68,10.08,11.89,16.95,3.05,20.00,,,,,,,"GLL"
"B","24-10-2019","2019-10-24 00:00:00 -0500",1,99,"B101",24106,,,," ",2,"GASOHOL 90",0.39,10.82,12.77,4.24,0.76,5.00,,,,,,,"GLL"
"B","24-10-2019","2019-10-24 00:00:00 -0500",1,99,"B101",24105,,,," ",2,"GASOHOL 90",0.53,10.82,12.77,5.78,1.04,6.82,,,,,,,"GLL"
"B","24-10-2019","2019-10-24 00:00:00 -0500",1,99,"B101",24104,,,," ",2,"GASOHOL 90",0.78,10.82,12.77,8.47,1.53,10.00,,,,,,,"GLL"
"B","24-10-2019","2019-10-24 00:00:00 -0500",1,99,"B101",24103,,,," ",5,"DIESEL PRO B5",4.21,10.08,11.89,42.37,7.63,50.00,,,,,,,"GLL"
"B","24-10-2019","2019-10-24 00:00:00 -0500",1,99,"B101",24102,,,," ",2,"GASOHOL 90",1.57,10.82,12.77,16.95,3.05,20.00,,,,,,,"GLL"
"B","24-10-2019","2019-10-24 00:00:00 -0500",1,99,"B101",24101,,,," ",5,"DIESEL PRO B5",1.01,10.08,11.89,10.17,1.83,12.00,,,,,,,"GLL"
"B","24-10-2019","2019-10-24 00:00:00 -0500",1,99,"B101",24100,,,," ",3,"GASOHOL 95",8.44,11.67,13.77,98.52,17.73,116.25,,,,,,,"GLL"
"B","24-10-2019","2019-10-24 00:00:00 -0500",1,99,"B101",24099,,,," ",2,"GASOHOL 90",0.78,10.82,12.77,8.47,1.53,10.00,,,,,,,"GLL"
"B","24-10-2019","2019-10-24 00:00:00 -0500",1,99,"B101",24098,,,," ",2,"GASOHOL 90",0.78,10.82,12.77,8.47,1.53,10.00,,,,,,,"GLL"
"B","24-10-2019","2019-10-24 00:00:00 -0500",1,99,"B101",24097,,,," ",4,"GASOHOL 98",1.65,12.87,15.19,21.19,3.81,25.00,,,,,,,"GLL"
"B","24-10-2019","2019-10-24 00:00:00 -0500",1,99,"B101",24096,,,," ",2,"GASOHOL 90",0.78,10.82,12.77,8.47,1.53,10.00,,,,,,,"GLL"
"B","24-10-2019","2019-10-24 00:00:00 -0500",1,99,"B101",24095,,,," ",5,"DIESEL PRO B5",1.68,10.08,11.89,16.95,3.05,20.00,,,,,,,"GLL"
"B","24-10-2019","2019-10-24 00:00:00 -0500",1,99,"B101",24094,,,," ",5,"DIESEL PRO B5",4,10.08,11.89,40.31,7.25,47.56,,,,,,,"GLL"
"B","24-10-2019","2019-10-24 00:00:00 -0500",1,99,"B101",24093,,,," ",2,"GASOHOL 90",0.78,10.82,12.77,8.47,1.53,10.00,,,,,,,"GLL"
"B","24-10-2019","2019-10-24 00:00:00 -0500",1,99,"B101",24092,,,," ",2,"GASOHOL 90",0.78,10.82,12.77,8.47,1.53,10.00,,,,,,,"GLL"
"B","24-10-2019","2019-10-24 00:00:00 -0500",1,99,"B101",24091,,,," ",2,"GASOHOL 90",0.78,10.82,12.77,8.47,1.53,10.00,,,,,,,"GLL"
"B","24-10-2019","2019-10-24 00:00:00 -0500",1,99,"B101",24090,,,," ",2,"GASOHOL 90",0.04,10.82,12.77,0.42,0.08,0.50,,,,,,,"GLL"
"B","24-10-2019","2019-10-24 00:00:00 -0500",1,99,"B101",24089,,,," ",2,"GASOHOL 90",0.12,10.82,12.77,1.27,0.23,1.50,,,,,,,"GLL"
"B","24-10-2019","2019-10-24 00:00:00 -0500",1,99,"B101",24088,,,," ",3,"GASOHOL 95",1.09,11.67,13.77,12.72,2.29,15.01,,,,,,,"GLL"
"B","24-10-2019","2019-10-24 00:00:00 -0500",1,99,"B101",24087,,,," ",2,"GASOHOL 90",0.78,10.82,12.77,8.47,1.53,10.00,,,,,,,"GLL"
"B","24-10-2019","2019-10-24 00:00:00 -0500",1,99,"B101",24086,,,," ",3,"GASOHOL 95",15.14,11.67,13.77,176.62,31.79,208.41,,,,,,,"GLL"
"B","24-10-2019","2019-10-24 00:00:00 -0500",1,99,"B101",24085,,,," ",4,"GASOHOL 98",6.58,12.87,15.19,84.75,15.25,100.00,,,,,,,"GLL"
"B","24-10-2019","2019-10-24 00:00:00 -0500",1,99,"B101",24084,,,," ",5,"DIESEL PRO B5",1.68,10.08,11.89,16.95,3.05,20.00,,,,,,,"GLL"
"B","24-10-2019","2019-10-24 00:00:00 -0500",1,99,"B101",24083,,,," ",2,"GASOHOL 90",0.31,10.82,12.77,3.39,0.61,4.00,,,,,,,"GLL"
"B","24-10-2019","2019-10-24 00:00:00 -0500",1,99,"B101",24082,,,," ",5,"DIESEL PRO B5",0.84,10.08,11.89,8.47,1.53,10.00,,,,,,,"GLL"
"B","24-10-2019","2019-10-24 00:00:00 -0500",1,99,"B101",24081,,,," ",5,"DIESEL PRO B5",4.21,10.08,11.89,42.37,7.63,50.00,,,,,,,"GLL"
"B","24-10-2019","2019-10-24 00:00:00 -0500",1,99,"B101",24080,,,," ",2,"GASOHOL 90",0.78,10.82,12.77,8.47,1.53,10.00,,,,,,,"GLL"
"B","24-10-2019","2019-10-24 00:00:00 -0500",1,99,"B101",24079,,,," ",5,"DIESEL PRO B5",1.68,10.08,11.89,16.95,3.05,20.00,,,,,,,"GLL"
"B","24-10-2019","2019-10-24 00:00:00 -0500",1,99,"B101",24078,,,," ",3,"GASOHOL 95",1.45,11.67,13.77,16.95,3.05,20.00,,,,,,,"GLL"
"B","24-10-2019","2019-10-24 00:00:00 -0500",1,99,"B101",24077,,,," ",5,"DIESEL PRO B5",6.73,10.08,11.89,67.80,12.20,80.00,,,,,,,"GLL"
"B","24-10-2019","2019-10-24 00:00:00 -0500",1,99,"B101",24076,,,," ",2,"GASOHOL 90",1.57,10.82,12.77,16.95,3.05,20.00,,,,,,,"GLL"
"B","24-10-2019","2019-10-24 00:00:00 -0500",1,99,"B101",24075,,,," ",3,"GASOHOL 95",0.73,11.67,13.77,8.47,1.53,10.00,,,,,,,"GLL"
"B","24-10-2019","2019-10-24 00:00:00 -0500",1,99,"B101",24074,,,," ",2,"GASOHOL 90",0.39,10.82,12.77,4.24,0.76,5.00,,,,,,,"GLL"
"B","24-10-2019","2019-10-24 00:00:00 -0500",1,99,"B101",24073,,,," ",2,"GASOHOL 90",3.92,10.82,12.77,42.37,7.63,50.00,,,,,,,"GLL"
"B","24-10-2019","2019-10-24 00:00:00 -0500",1,99,"B101",24072,,,," ",2,"GASOHOL 90",1.57,10.82,12.77,16.95,3.05,20.00,,,,,,,"GLL"
"B","24-10-2019","2019-10-24 00:00:00 -0500",1,99,"B101",24071,,,," ",3,"GASOHOL 95",0.29,11.67,13.77,3.39,0.61,4.00,,,,,,,"GLL"
"B","24-10-2019","2019-10-24 00:00:00 -0500",1,99,"B101",24070,,,," ",2,"GASOHOL 90",0.78,10.82,12.77,8.47,1.53,10.00,,,,,,,"GLL"
"B","24-10-2019","2019-10-24 00:00:00 -0500",1,99,"B101",24069,,,," ",5,"DIESEL PRO B5",4.21,10.08,11.89,42.37,7.63,50.00,,,,,,,"GLL"
"B","24-10-2019","2019-10-24 00:00:00 -0500",1,99,"B101",24068,,,," ",5,"DIESEL PRO B5",8.7,10.08,11.89,87.70,15.79,103.49,,,,,,,"GLL"
"B","24-10-2019","2019-10-24 00:00:00 -0500",1,99,"B101",24067,,,," ",3,"GASOHOL 95",1.45,11.67,13.77,16.95,3.05,20.00,,,,,,,"GLL"
"B","24-10-2019","2019-10-24 00:00:00 -0500",1,99,"B101",24066,,,," ",2,"GASOHOL 90",1.57,10.82,12.77,16.95,3.05,20.00,,,,,,,"GLL"
"B","24-10-2019","2019-10-24 00:00:00 -0500",1,99,"B101",24065,,,," ",2,"GASOHOL 90",0.78,10.82,12.77,8.47,1.53,10.00,,,,,,,"GLL"
"B","24-10-2019","2019-10-24 00:00:00 -0500",1,99,"B101",24064,,,," ",2,"GASOHOL 90",0.39,10.82,12.77,4.24,0.76,5.00,,,,,,,"GLL"
"B","24-10-2019","2019-10-24 00:00:00 -0500",1,99,"B101",24063,,,," ",2,"GASOHOL 90",0.78,10.82,12.77,8.47,1.53,10.00,,,,,,,"GLL"
"B","24-10-2019","2019-10-24 00:00:00 -0500",1,99,"B101",24062,,,," ",2,"GASOHOL 90",7.83,10.82,12.77,84.75,15.25,100.00,,,,,,,"GLL"
"B","24-10-2019","2019-10-24 00:00:00 -0500",1,99,"B101",24061,,,," ",2,"GASOHOL 90",0.39,10.82,12.77,4.24,0.76,5.00,,,,,,,"GLL"
"B","24-10-2019","2019-10-24 00:00:00 -0500",1,99,"B101",24060,,,," ",3,"GASOHOL 95",0.73,11.67,13.77,8.47,1.53,10.00,,,,,,,"GLL"
"B","24-10-2019","2019-10-24 00:00:00 -0500",1,99,"B101",24059,,,," ",2,"GASOHOL 90",1.57,10.82,12.77,16.95,3.05,20.00,,,,,,,"GLL"
"B","24-10-2019","2019-10-24 00:00:00 -0500",1,99,"B101",24058,,,," ",2,"GASOHOL 90",0.39,10.82,12.77,4.24,0.76,5.00,,,,,,,"GLL"
"B","24-10-2019","2019-10-24 00:00:00 -0500",1,99,"B101",24057,,,," ",2,"GASOHOL 90",0.78,10.82,12.77,8.47,1.53,10.00,,,,,,,"GLL"
"B","24-10-2019","2019-10-24 00:00:00 -0500",1,99,"B101",24056,,,," ",5,"DIESEL PRO B5",4.21,10.08,11.89,42.37,7.63,50.00,,,,,,,"GLL"
"B","24-10-2019","2019-10-24 00:00:00 -0500",1,99,"B101",24055,,,," ",5,"DIESEL PRO B5",4.21,10.08,11.89,42.37,7.63,50.00,,,,,,,"GLL"
"B","24-10-2019","2019-10-24 00:00:00 -0500",1,99,"B101",24054,,,," ",2,"GASOHOL 90",0.24,10.82,12.77,2.54,0.46,3.00,,,,,,,"GLL"
"B","24-10-2019","2019-10-24 00:00:00 -0500",1,99,"B101",24053,,,," ",3,"GASOHOL 95",1.45,11.67,13.77,16.95,3.05,20.00,,,,,,,"GLL"
"B","24-10-2019","2019-10-24 00:00:00 -0500",1,99,"B101",24052,,,," ",2,"GASOHOL 90",0.71,10.82,12.77,7.63,1.37,9.00,,,,,,,"GLL"
"B","24-10-2019","2019-10-24 00:00:00 -0500",1,99,"B101",24051,,,," ",2,"GASOHOL 90",0.78,10.82,12.77,8.47,1.53,10.00,,,,,,,"GLL"
"B","24-10-2019","2019-10-24 00:00:00 -0500",1,99,"B101",24050,,,," ",2,"GASOHOL 90",1.57,10.82,12.77,16.95,3.05,20.00,,,,,,,"GLL"
"B","24-10-2019","2019-10-24 00:00:00 -0500",1,99,"B101",24049,,,," ",2,"GASOHOL 90",0.79,10.82,12.77,8.49,1.53,10.02,,,,,,,"GLL"
"B","24-10-2019","2019-10-24 00:00:00 -0500",1,99,"B101",24048,,,," ",2,"GASOHOL 90",0.78,10.82,12.77,8.47,1.53,10.00,,,,,,,"GLL"
"B","24-10-2019","2019-10-24 00:00:00 -0500",1,99,"B101",24047,,,," ",2,"GASOHOL 90",0.78,10.82,12.77,8.47,1.53,10.00,,,,,,,"GLL"
"B","24-10-2019","2019-10-24 00:00:00 -0500",1,99,"B101",24046,,,," ",2,"GASOHOL 90",0.78,10.82,12.77,8.47,1.53,10.00,,,,,,,"GLL"
"B","24-10-2019","2019-10-24 00:00:00 -0500",1,99,"B101",24045,,,," ",2,"GASOHOL 90",0.39,10.82,12.77,4.24,0.76,5.00,,,,,,,"GLL"
"B","24-10-2019","2019-10-24 00:00:00 -0500",1,99,"B101",24044,,,," ",5,"DIESEL PRO B5",2.52,10.08,11.89,25.42,4.58,30.00,,,,,,,"GLL"
"B","24-10-2019","2019-10-24 00:00:00 -0500",1,99,"B101",24043,,,," ",3,"GASOHOL 95",3.63,11.67,13.77,42.37,7.63,50.00,,,,,,,"GLL"
"B","24-10-2019","2019-10-24 00:00:00 -0500",1,99,"B101",24042,,,," ",2,"GASOHOL 90",0.78,10.82,12.77,8.47,1.53,10.00,,,,,,,"GLL"
"B","24-10-2019","2019-10-24 00:00:00 -0500",1,99,"B101",24041,,,," ",2,"GASOHOL 90",0.47,10.82,12.77,5.08,0.92,6.00,,,,,,,"GLL"
"B","24-10-2019","2019-10-24 00:00:00 -0500",1,99,"B101",24040,,,," ",2,"GASOHOL 90",0.39,10.82,12.77,4.24,0.76,5.00,,,,,,,"GLL"
"B","24-10-2019","2019-10-24 00:00:00 -0500",1,99,"B101",24039,,,," ",5,"DIESEL PRO B5",2.52,10.08,11.89,25.42,4.58,30.00,,,,,,,"GLL"
"B","24-10-2019","2019-10-24 00:00:00 -0500",1,99,"B101",24038,,,," ",2,"GASOHOL 90",1.57,10.82,12.77,16.95,3.05,20.00,,,,,,,"GLL"
"B","24-10-2019","2019-10-24 00:00:00 -0500",1,99,"B101",24037,,,," ",3,"GASOHOL 95",1.45,11.67,13.77,16.95,3.05,20.00,,,,,,,"GLL"
"B","24-10-2019","2019-10-24 00:00:00 -0500",1,99,"B101",24036,,,," ",3,"GASOHOL 95",0.36,11.67,13.77,4.24,0.76,5.00,,,,,,,"GLL"
"B","24-10-2019","2019-10-24 00:00:00 -0500",1,99,"B101",24035,,,," ",2,"GASOHOL 90",0.39,10.82,12.77,4.24,0.76,5.00,,,,,,,"GLL"
"B","24-10-2019","2019-10-24 00:00:00 -0500",1,99,"B101",24034,,,," ",3,"GASOHOL 95",3.63,11.67,13.77,42.37,7.63,50.00,,,,,,,"GLL"
"B","24-10-2019","2019-10-24 00:00:00 -0500",1,99,"B101",24033,,,," ",2,"GASOHOL 90",1.18,10.82,12.77,12.71,2.29,15.00,,,,,,,"GLL"
"B","24-10-2019","2019-10-24 00:00:00 -0500",1,99,"B101",24032,,,," ",2,"GASOHOL 90",0.39,10.82,12.77,4.24,0.76,5.00,,,,,,,"GLL"
"B","24-10-2019","2019-10-24 00:00:00 -0500",1,99,"B101",24031,,,," ",5,"DIESEL PRO B5",2.52,10.08,11.89,25.42,4.58,30.00,,,,,,,"GLL"
"B","24-10-2019","2019-10-24 00:00:00 -0500",1,99,"B101",24030,,,," ",2,"GASOHOL 90",0.94,10.82,12.77,10.17,1.83,12.00,,,,,,,"GLL"
"B","24-10-2019","2019-10-24 00:00:00 -0500",1,99,"B101",24029,,,," ",2,"GASOHOL 90",0.63,10.82,12.77,6.78,1.22,8.00,,,,,,,"GLL"
"B","24-10-2019","2019-10-24 00:00:00 -0500",1,99,"B101",24028,,,," ",3,"GASOHOL 95",2.18,11.67,13.77,25.42,4.58,30.00,,,,,,,"GLL"
"B","24-10-2019","2019-10-24 00:00:00 -0500",1,99,"B101",24027,,,," ",5,"DIESEL PRO B5",3,10.08,11.89,30.23,5.44,35.67,,,,,,,"GLL"
"B","24-10-2019","2019-10-24 00:00:00 -0500",1,99,"B101",24026,,,," ",2,"GASOHOL 90",0.39,10.82,12.77,4.24,0.76,5.00,,,,,,,"GLL"
"B","24-10-2019","2019-10-24 00:00:00 -0500",1,99,"B101",24025,,,," ",2,"GASOHOL 90",0.63,10.82,12.77,6.78,1.22,8.00,,,,,,,"GLL"
"B","24-10-2019","2019-10-24 00:00:00 -0500",1,99,"B101",24024,,,," ",2,"GASOHOL 90",3.92,10.82,12.77,42.37,7.63,50.00,,,,,,,"GLL"
"B","24-10-2019","2019-10-24 00:00:00 -0500",1,99,"B101",24023,,,," ",5,"DIESEL PRO B5",5.05,10.08,11.89,50.85,9.15,60.00,,,,,,,"GLL"
"B","24-10-2019","2019-10-24 00:00:00 -0500",1,99,"B101",24022,,,," ",5,"DIESEL PRO B5",1.01,10.08,11.89,10.17,1.83,12.00,,,,,,,"GLL"
"B","24-10-2019","2019-10-24 00:00:00 -0500",1,99,"B101",24021,,,," ",3,"GASOHOL 95",0.36,11.67,13.77,4.24,0.76,5.00,,,,,,,"GLL"
"B","24-10-2019","2019-10-24 00:00:00 -0500",1,99,"B101",24020,,,," ",5,"DIESEL PRO B5",16.82,10.08,11.89,169.49,30.51,200.00,,,,,,,"GLL"
"B","24-10-2019","2019-10-24 00:00:00 -0500",1,99,"B101",24019,,,," ",2,"GASOHOL 90",0.78,10.82,12.77,8.47,1.53,10.00,,,,,,,"GLL"
"B","24-10-2019","2019-10-24 00:00:00 -0500",1,99,"B101",24018,,,," ",3,"GASOHOL 95",0.73,11.67,13.77,8.47,1.53,10.00,,,,,,,"GLL"
"B","24-10-2019","2019-10-24 00:00:00 -0500",1,99,"B101",24017,,,," ",2,"GASOHOL 90",1.18,10.82,12.77,12.71,2.29,15.00,,,,,,,"GLL"
"B","24-10-2019","2019-10-24 00:00:00 -0500",1,99,"B101",24016,,,," ",2,"GASOHOL 90",0.78,10.82,12.77,8.47,1.53,10.00,,,,,,,"GLL"
"B","24-10-2019","2019-10-24 00:00:00 -0500",1,99,"B101",24015,,,," ",3,"GASOHOL 95",0.73,11.67,13.77,8.47,1.53,10.00,,,,,,,"GLL"
"B","24-10-2019","2019-10-24 00:00:00 -0500",1,99,"B101",24014,,,," ",3,"GASOHOL 95",2.18,11.67,13.77,25.42,4.58,30.00,,,,,,,"GLL"
"B","24-10-2019","2019-10-24 00:00:00 -0500",1,99,"B101",24013,,,," ",3,"GASOHOL 95",0.73,11.67,13.77,8.47,1.53,10.00,,,,,,,"GLL"
"B","24-10-2019","2019-10-24 00:00:00 -0500",1,99,"B101",24012,,,," ",2,"GASOHOL 90",0.78,10.82,12.77,8.47,1.53,10.00,,,,,,,"GLL"
"B","24-10-2019","2019-10-24 00:00:00 -0500",1,99,"B101",24011,,,," ",2,"GASOHOL 90",0.47,10.82,12.77,5.08,0.92,6.00,,,,,,,"GLL"
"B","24-10-2019","2019-10-24 00:00:00 -0500",1,99,"B101",24010,,,," ",4,"GASOHOL 98",11.66,12.87,15.19,150.10,27.02,177.12,,,,,,,"GLL"
"B","24-10-2019","2019-10-24 00:00:00 -0500",1,99,"B101",24009,,,," ",2,"GASOHOL 90",0.39,10.82,12.77,4.24,0.76,5.00,,,,,,,"GLL"
"B","24-10-2019","2019-10-24 00:00:00 -0500",1,99,"B101",24008,,,," ",5,"DIESEL PRO B5",6.73,10.08,11.89,67.80,12.20,80.00,,,,,,,"GLL"
"B","24-10-2019","2019-10-24 00:00:00 -0500",1,99,"B101",24007,,,," ",2,"GASOHOL 90",0.55,10.82,12.77,5.93,1.07,7.00,,,,,,,"GLL"
"B","24-10-2019","2019-10-24 00:00:00 -0500",1,99,"B101",24006,,,," ",2,"GASOHOL 90",0.53,10.82,12.77,5.68,1.02,6.70,,,,,,,"GLL"
"B","24-10-2019","2019-10-24 00:00:00 -0500",1,99,"B101",24005,,,," ",3,"GASOHOL 95",2.18,11.67,13.77,25.42,4.58,30.00,,,,,,,"GLL"
"B","24-10-2019","2019-10-24 00:00:00 -0500",1,99,"B101",24004,,,," ",2,"GASOHOL 90",3.92,10.82,12.77,42.37,7.63,50.00,,,,,,,"GLL"
"B","24-10-2019","2019-10-24 00:00:00 -0500",1,99,"B101",24003,,,," ",3,"GASOHOL 95",7.26,11.67,13.77,84.75,15.25,100.00,,,,,,,"GLL"
"B","24-10-2019","2019-10-24 00:00:00 -0500",1,99,"B101",24002,,,," ",2,"GASOHOL 90",0.78,10.82,12.77,8.47,1.53,10.00,,,,,,,"GLL"
"B","24-10-2019","2019-10-24 00:00:00 -0500",1,99,"B101",24001,,,," ",2,"GASOHOL 90",0.39,10.82,12.77,4.24,0.76,5.00,,,,,,,"GLL"
"B","24-10-2019","2019-10-24 00:00:00 -0500",1,99,"B101",24000,,,," ",3,"GASOHOL 95",1.45,11.67,13.77,16.95,3.05,20.00,,,,,,,"GLL"
"B","24-10-2019","2019-10-24 00:00:00 -0500",1,99,"B101",23999,,,," ",2,"GASOHOL 90",1.57,10.82,12.77,16.95,3.05,20.00,,,,,,,"GLL"
"B","24-10-2019","2019-10-24 00:00:00 -0500",1,99,"B101",23998,,,," ",2,"GASOHOL 90",0.78,10.82,12.77,8.47,1.53,10.00,,,,,,,"GLL"
"B","24-10-2019","2019-10-24 00:00:00 -0500",1,99,"B102",7487,,,," ",2,"GASOHOL 90",1.57,10.82,12.77,16.95,3.05,20.00,,,,,,,"GLL"
"B","24-10-2019","2019-10-24 00:00:00 -0500",1,99,"B102",7486,,,," ",2,"GASOHOL 90",0.78,10.82,12.77,8.47,1.53,10.00,,,,,,,"GLL"
"B","24-10-2019","2019-10-24 00:00:00 -0500",1,99,"B102",7485,,,," ",2,"GASOHOL 90",3.92,10.82,12.77,42.37,7.63,50.00,,,,,,,"GLL"
"B","24-10-2019","2019-10-24 00:00:00 -0500",1,99,"B102",7484,,,," ",2,"GASOHOL 90",0.39,10.82,12.77,4.24,0.76,5.00,,,,,,,"GLL"
"B","24-10-2019","2019-10-24 00:00:00 -0500",1,99,"B102",7483,,,," ",3,"GASOHOL 95",0.22,11.67,13.77,2.54,0.46,3.00,,,,,,,"GLL"
"B","24-10-2019","2019-10-24 00:00:00 -0500",1,99,"B102",7482,,,," ",3,"GASOHOL 95",0.35,11.67,13.77,4.08,0.74,4.82,,,,,,,"GLL"
"B","24-10-2019","2019-10-24 00:00:00 -0500",1,99,"B102",7481,,,," ",5,"DIESEL PRO B5",2.52,10.08,11.89,25.42,4.58,30.00,,,,,,,"GLL"
"B","24-10-2019","2019-10-24 00:00:00 -0500",1,99,"B102",7480,,,," ",2,"GASOHOL 90",1.57,10.82,12.77,16.95,3.05,20.00,,,,,,,"GLL"
"B","24-10-2019","2019-10-24 00:00:00 -0500",1,99,"B102",7479,,,," ",5,"DIESEL PRO B5",18.5,10.08,11.89,186.44,33.56,220.00,,,,,,,"GLL"
"B","24-10-2019","2019-10-24 00:00:00 -0500",1,99,"B102",7478,,,," ",5,"DIESEL PRO B5",2.52,10.08,11.89,25.42,4.58,30.00,,,,,,,"GLL"
"B","24-10-2019","2019-10-24 00:00:00 -0500",1,99,"B102",7477,,,," ",2,"GASOHOL 90",0.63,10.82,12.77,6.78,1.22,8.00,,,,,,,"GLL"
"B","24-10-2019","2019-10-24 00:00:00 -0500",1,99,"B102",7476,,,," ",5,"DIESEL PRO B5",6.06,10.08,11.89,61.03,10.98,72.01,,,,,,,"GLL"
"B","24-10-2019","2019-10-24 00:00:00 -0500",1,99,"B102",7475,,,," ",5,"DIESEL PRO B5",2.52,10.08,11.89,25.42,4.58,30.00,,,,,,,"GLL"
"B","24-10-2019","2019-10-24 00:00:00 -0500",1,99,"B102",7474,,,," ",2,"GASOHOL 90",1.57,10.82,12.77,16.95,3.05,20.00,,,,,,,"GLL"
"B","24-10-2019","2019-10-24 00:00:00 -0500",1,99,"B102",7473,,,," ",2,"GASOHOL 90",2.35,10.82,12.77,25.42,4.58,30.00,,,,,,,"GLL"
"B","24-10-2019","2019-10-24 00:00:00 -0500",1,99,"B102",7472,,,," ",2,"GASOHOL 90",0.39,10.82,12.77,4.24,0.76,5.00,,,,,,,"GLL"
"B","24-10-2019","2019-10-24 00:00:00 -0500",1,99,"B102",7471,,,," ",3,"GASOHOL 95",2.18,11.67,13.77,25.42,4.58,30.00,,,,,,,"GLL"
"B","24-10-2019","2019-10-24 00:00:00 -0500",1,99,"B102",7470,,,," ",5,"DIESEL PRO B5",2.1,10.08,11.89,21.19,3.81,25.00,,,,,,,"GLL"
"B","24-10-2019","2019-10-24 00:00:00 -0500",1,99,"B102",7469,,,," ",3,"GASOHOL 95",0.73,11.67,13.77,8.47,1.53,10.00,,,,,,,"GLL"
"B","24-10-2019","2019-10-24 00:00:00 -0500",1,99,"B102",7468,,,," ",5,"DIESEL PRO B5",2.52,10.08,11.89,25.42,4.58,30.00,,,,,,,"GLL"
"B","24-10-2019","2019-10-24 00:00:00 -0500",1,99,"B102",7467,,,," ",5,"DIESEL PRO B5",4.21,10.08,11.89,42.37,7.63,50.00,,,,,,,"GLL"
"B","24-10-2019","2019-10-24 00:00:00 -0500",1,99,"B102",7466,,,," ",2,"GASOHOL 90",0.39,10.82,12.77,4.24,0.76,5.00,,,,,,,"GLL"
"B","24-10-2019","2019-10-24 00:00:00 -0500",1,99,"B102",7465,,,," ",2,"GASOHOL 90",2.35,10.82,12.77,25.42,4.58,30.00,,,,,,,"GLL"
"B","24-10-2019","2019-10-24 00:00:00 -0500",1,99,"B102",7464,,,," ",5,"DIESEL PRO B5",3.36,10.08,11.89,33.90,6.10,40.00,,,,,,,"GLL"
"B","24-10-2019","2019-10-24 00:00:00 -0500",1,99,"B103",19656,,,," ",7,"GLP",8.62,0.98,1.16,8.47,1.53,10.00,,,,,,,"LTR"
"B","24-10-2019","2019-10-24 00:00:00 -0500",1,99,"B103",19655,,,," ",7,"GLP",25.86,0.98,1.16,25.42,4.58,30.00,,,,,,,"LTR"
"B","24-10-2019","2019-10-24 00:00:00 -0500",1,99,"B103",19654,,,," ",7,"GLP",8.62,0.98,1.16,8.47,1.53,10.00,,,,,,,"LTR"
"B","24-10-2019","2019-10-24 00:00:00 -0500",1,99,"B103",19653,,,," ",7,"GLP",8.62,0.98,1.16,8.47,1.53,10.00,,,,,,,"LTR"
"B","24-10-2019","2019-10-24 00:00:00 -0500",1,99,"B103",19652,,,," ",7,"GLP",77.59,0.98,1.16,76.27,13.73,90.00,,,,,,,"LTR"
"B","24-10-2019","2019-10-24 00:00:00 -0500",1,99,"B103",19651,,,," ",7,"GLP",8.61,0.98,1.16,8.47,1.52,9.99,,,,,,,"LTR"
"B","24-10-2019","2019-10-24 00:00:00 -0500",1,99,"B103",19650,,,," ",7,"GLP",25.86,0.98,1.16,25.42,4.58,30.00,,,,,,,"LTR"
"B","24-10-2019","2019-10-24 00:00:00 -0500",1,99,"B103",19649,,,," ",7,"GLP",25.86,0.98,1.16,25.42,4.58,30.00,,,,,,,"LTR"
"B","24-10-2019","2019-10-24 00:00:00 -0500",1,99,"B103",19648,,,," ",7,"GLP",36.22,0.98,1.16,35.61,6.41,42.02,,,,,,,"LTR"
"B","24-10-2019","2019-10-24 00:00:00 -0500",1,99,"B103",19647,,,," ",7,"GLP",17.24,0.98,1.16,16.95,3.05,20.00,,,,,,,"LTR"
"B","24-10-2019","2019-10-24 00:00:00 -0500",1,99,"B103",19646,,,," ",7,"GLP",48.31,0.98,1.16,47.49,8.55,56.04,,,,,,,"LTR"
"B","24-10-2019","2019-10-24 00:00:00 -0500",1,99,"B103",19645,,,," ",7,"GLP",17.24,0.98,1.16,16.95,3.05,20.00,,,,,,,"LTR"
"B","24-10-2019","2019-10-24 00:00:00 -0500",1,99,"B103",19644,,,," ",7,"GLP",17.24,0.98,1.16,16.95,3.05,20.00,,,,,,,"LTR"
"B","24-10-2019","2019-10-24 00:00:00 -0500",1,99,"B103",19643,,,," ",7,"GLP",4.31,0.98,1.16,4.24,0.76,5.00,,,,,,,"LTR"
"B","24-10-2019","2019-10-24 00:00:00 -0500",1,99,"B103",19642,,,," ",7,"GLP",8.62,0.98,1.16,8.47,1.53,10.00,,,,,,,"LTR"
"B","24-10-2019","2019-10-24 00:00:00 -0500",1,99,"B103",19641,,,," ",7,"GLP",4.31,0.98,1.16,4.24,0.76,5.00,,,,,,,"LTR"
"B","24-10-2019","2019-10-24 00:00:00 -0500",1,99,"B103",19640,,,," ",7,"GLP",8.62,0.98,1.16,8.47,1.53,10.00,,,,,,,"LTR"
"B","24-10-2019","2019-10-24 00:00:00 -0500",1,99,"B103",19639,,,," ",7,"GLP",4.31,0.98,1.16,4.24,0.76,5.00,,,,,,,"LTR"
"B","24-10-2019","2019-10-24 00:00:00 -0500",1,99,"B103",19638,,,," ",7,"GLP",9.16,0.98,1.16,9.00,1.62,10.62,,,,,,,"LTR"
"B","24-10-2019","2019-10-24 00:00:00 -0500",1,99,"B103",19637,,,," ",7,"GLP",8.62,0.98,1.16,8.47,1.53,10.00,,,,,,,"LTR"
"B","24-10-2019","2019-10-24 00:00:00 -0500",1,99,"B103",19636,,,," ",7,"GLP",4.31,0.98,1.16,4.24,0.76,5.00,,,,,,,"LTR"
"B","24-10-2019","2019-10-24 00:00:00 -0500",1,99,"B103",19635,,,," ",7,"GLP",9.61,0.98,1.16,9.45,1.70,11.15,,,,,,,"LTR"
"B","24-10-2019","2019-10-24 00:00:00 -0500",1,99,"B103",19634,,,," ",7,"GLP",7.16,0.98,1.16,7.03,1.27,8.30,,,,,,,"LTR"
"B","24-10-2019","2019-10-24 00:00:00 -0500",1,99,"B103",19633,,,," ",7,"GLP",13.34,0.98,1.16,13.11,2.36,15.47,,,,,,,"LTR"
"B","24-10-2019","2019-10-24 00:00:00 -0500",1,99,"B103",19632,,,," ",7,"GLP",10.3,0.98,1.16,10.13,1.82,11.95,,,,,,,"LTR"
"B","24-10-2019","2019-10-24 00:00:00 -0500",1,99,"B103",19631,,,," ",7,"GLP",10.35,0.98,1.16,10.17,1.83,12.00,,,,,,,"LTR"
"B","24-10-2019","2019-10-24 00:00:00 -0500",1,99,"B103",19630,,,," ",7,"GLP",6.03,0.98,1.16,5.93,1.07,7.00,,,,,,,"LTR"
"B","24-10-2019","2019-10-24 00:00:00 -0500",1,99,"B103",19629,,,," ",7,"GLP",8.62,0.98,1.16,8.47,1.53,10.00,,,,,,,"LTR"
"B","24-10-2019","2019-10-24 00:00:00 -0500",1,99,"B103",19628,,,," ",7,"GLP",22.46,0.98,1.16,22.08,3.97,26.05,,,,,,,"LTR"
"B","24-10-2019","2019-10-24 00:00:00 -0500",1,99,"B103",19627,,,," ",7,"GLP",4.31,0.98,1.16,4.24,0.76,5.00,,,,,,,"LTR"
"B","24-10-2019","2019-10-24 00:00:00 -0500",1,99,"B103",19626,,,," ",7,"GLP",4.31,0.98,1.16,4.24,0.76,5.00,,,,,,,"LTR"
"B","24-10-2019","2019-10-24 00:00:00 -0500",1,99,"B103",19625,,,," ",7,"GLP",11.48,0.98,1.16,11.29,2.03,13.32,,,,,,,"LTR"
"B","24-10-2019","2019-10-24 00:00:00 -0500",1,99,"B103",19624,,,," ",7,"GLP",17.24,0.98,1.16,16.95,3.05,20.00,,,,,,,"LTR"
"B","24-10-2019","2019-10-24 00:00:00 -0500",1,99,"B103",19623,,,," ",7,"GLP",17.24,0.98,1.16,16.95,3.05,20.00,,,,,,,"LTR"
"B","24-10-2019","2019-10-24 00:00:00 -0500",1,99,"B103",19622,,,," ",7,"GLP",19.9,0.98,1.16,19.56,3.52,23.08,,,,,,,"LTR"
"B","24-10-2019","2019-10-24 00:00:00 -0500",1,99,"B103",19621,,,," ",7,"GLP",12.93,0.98,1.16,12.71,2.29,15.00,,,,,,,"LTR"
"B","24-10-2019","2019-10-24 00:00:00 -0500",1,99,"B103",19620,,,," ",7,"GLP",49.75,0.98,1.16,48.91,8.80,57.71,,,,,,,"LTR"
"B","24-10-2019","2019-10-24 00:00:00 -0500",1,99,"B103",19619,,,," ",7,"GLP",17.6,0.98,1.16,17.31,3.11,20.42,,,,,,,"LTR"
"B","24-10-2019","2019-10-24 00:00:00 -0500",1,99,"B103",19618,,,," ",7,"GLP",6.72,0.98,1.16,6.61,1.19,7.80,,,,,,,"LTR"
"B","24-10-2019","2019-10-24 00:00:00 -0500",1,99,"B103",19617,,,," ",7,"GLP",21.12,0.98,1.16,20.76,3.74,24.50,,,,,,,"LTR"
"B","24-10-2019","2019-10-24 00:00:00 -0500",1,99,"B103",19616,,,," ",7,"GLP",28.58,0.98,1.16,28.09,5.06,33.15,,,,,,,"LTR"
"B","24-10-2019","2019-10-24 00:00:00 -0500",1,99,"B103",19615,,,," ",7,"GLP",8.62,0.98,1.16,8.47,1.53,10.00,,,,,,,"LTR"
"B","24-10-2019","2019-10-24 00:00:00 -0500",1,99,"B103",19614,,,," ",7,"GLP",8.62,0.98,1.16,8.47,1.53,10.00,,,,,,,"LTR"
"B","24-10-2019","2019-10-24 00:00:00 -0500",1,99,"B103",19613,,,," ",7,"GLP",10.75,0.98,1.16,10.57,1.90,12.47,,,,,,,"LTR"
"B","24-10-2019","2019-10-24 00:00:00 -0500",1,99,"B103",19612,,,," ",7,"GLP",25.86,0.98,1.16,25.42,4.58,30.00,,,,,,,"LTR"
"B","24-10-2019","2019-10-24 00:00:00 -0500",1,99,"B103",19611,,,," ",7,"GLP",25.22,0.98,1.16,24.79,4.46,29.25,,,,,,,"LTR"
"B","24-10-2019","2019-10-24 00:00:00 -0500",1,99,"B103",19610,,,," ",7,"GLP",17.24,0.98,1.16,16.95,3.05,20.00,,,,,,,"LTR"
"B","24-10-2019","2019-10-24 00:00:00 -0500",1,99,"B103",19609,,,," ",7,"GLP",17.24,0.98,1.16,16.95,3.05,20.00,,,,,,,"LTR"
"B","24-10-2019","2019-10-24 00:00:00 -0500",1,99,"B103",19608,,,," ",7,"GLP",18.89,0.98,1.16,18.57,3.34,21.91,,,,,,,"LTR"
"B","24-10-2019","2019-10-24 00:00:00 -0500",1,99,"B103",19607,,,," ",7,"GLP",8.62,0.98,1.16,8.47,1.53,10.00,,,,,,,"LTR"
"B","24-10-2019","2019-10-24 00:00:00 -0500",1,99,"B103",19606,,,," ",7,"GLP",37.5,0.98,1.16,36.86,6.64,43.50,,,,,,,"LTR"
"B","24-10-2019","2019-10-24 00:00:00 -0500",1,99,"B103",19605,,,," ",7,"GLP",12.93,0.98,1.16,12.71,2.29,15.00,,,,,,,"LTR"
"B","24-10-2019","2019-10-24 00:00:00 -0500",1,99,"B103",19604,,,," ",7,"GLP",7.76,0.98,1.16,7.63,1.37,9.00,,,,,,,"LTR"
"B","24-10-2019","2019-10-24 00:00:00 -0500",1,99,"B103",19603,,,," ",7,"GLP",25.86,0.98,1.16,25.42,4.58,30.00,,,,,,,"LTR"
"B","24-10-2019","2019-10-24 00:00:00 -0500",1,99,"B103",19602,,,," ",7,"GLP",11.64,0.98,1.16,11.44,2.06,13.50,,,,,,,"LTR"
"B","24-10-2019","2019-10-24 00:00:00 -0500",1,99,"B103",19601,,,," ",7,"GLP",12.93,0.98,1.16,12.71,2.29,15.00,,,,,,,"LTR"
"B","24-10-2019","2019-10-24 00:00:00 -0500",1,99,"B103",19600,,,," ",7,"GLP",31.03,0.98,1.16,30.51,5.49,36.00,,,,,,,"LTR"
"B","24-10-2019","2019-10-24 00:00:00 -0500",1,99,"B103",19599,,,," ",7,"GLP",5.17,0.98,1.16,5.08,0.92,6.00,,,,,,,"LTR"
"B","24-10-2019","2019-10-24 00:00:00 -0500",1,99,"B103",19598,,,," ",7,"GLP",16.38,0.98,1.16,16.10,2.90,19.00,,,,,,,"LTR"
"B","24-10-2019","2019-10-24 00:00:00 -0500",1,99,"B103",19597,,,," ",7,"GLP",25.86,0.98,1.16,25.42,4.58,30.00,,,,,,,"LTR"
"B","24-10-2019","2019-10-24 00:00:00 -0500",1,99,"B103",19596,,,," ",7,"GLP",33.62,0.98,1.16,33.05,5.95,39.00,,,,,,,"LTR"
"B","24-10-2019","2019-10-24 00:00:00 -0500",1,99,"B103",19595,,,," ",7,"GLP",18.64,0.98,1.16,18.32,3.30,21.62,,,,,,,"LTR"
"B","24-10-2019","2019-10-24 00:00:00 -0500",1,99,"B103",19594,,,," ",7,"GLP",4.31,0.98,1.16,4.24,0.76,5.00,,,,,,,"LTR"
"B","24-10-2019","2019-10-24 00:00:00 -0500",1,99,"B103",19593,,,," ",7,"GLP",8.62,0.98,1.16,8.47,1.53,10.00,,,,,,,"LTR"
"B","24-10-2019","2019-10-24 00:00:00 -0500",1,99,"B103",19592,,,," ",7,"GLP",21.98,0.98,1.16,21.61,3.89,25.50,,,,,,,"LTR"
"B","24-10-2019","2019-10-24 00:00:00 -0500",1,99,"B103",19591,,,," ",7,"GLP",23.57,0.98,1.16,23.17,4.17,27.34,,,,,,,"LTR"
"B","24-10-2019","2019-10-24 00:00:00 -0500",1,99,"B103",19590,,,," ",7,"GLP",4.31,0.98,1.16,4.24,0.76,5.00,,,,,,,"LTR"
"B","24-10-2019","2019-10-24 00:00:00 -0500",1,99,"B103",19589,,,," ",7,"GLP",43.13,0.98,1.16,42.40,7.63,50.03,,,,,,,"LTR"
"B","24-10-2019","2019-10-24 00:00:00 -0500",1,99,"B103",19588,,,," ",7,"GLP",8.62,0.98,1.16,8.47,1.53,10.00,,,,,,,"LTR"
"B","24-10-2019","2019-10-24 00:00:00 -0500",1,99,"B103",19587,,,," ",7,"GLP",6.03,0.98,1.16,5.93,1.07,7.00,,,,,,,"LTR"
"B","24-10-2019","2019-10-24 00:00:00 -0500",1,99,"B103",19586,,,," ",7,"GLP",4.31,0.98,1.16,4.24,0.76,5.00,,,,,,,"LTR"
"B","24-10-2019","2019-10-24 00:00:00 -0500",1,99,"B103",19585,,,," ",7,"GLP",6.43,0.98,1.16,6.32,1.14,7.46,,,,,,,"LTR"
"B","24-10-2019","2019-10-24 00:00:00 -0500",1,99,"B103",19584,,,," ",7,"GLP",8.62,0.98,1.16,8.47,1.53,10.00,,,,,,,"LTR"
"B","24-10-2019","2019-10-24 00:00:00 -0500",1,99,"B103",19583,,,," ",7,"GLP",30.62,0.98,1.16,30.10,5.42,35.52,,,,,,,"LTR"
"B","24-10-2019","2019-10-24 00:00:00 -0500",1,99,"B103",19582,,,," ",7,"GLP",38.1,0.98,1.16,37.46,6.74,44.20,,,,,,,"LTR"
"B","24-10-2019","2019-10-24 00:00:00 -0500",1,99,"B103",19581,,,," ",7,"GLP",16.92,0.98,1.16,16.64,2.99,19.63,,,,,,,"LTR"
"B","24-10-2019","2019-10-24 00:00:00 -0500",1,99,"B103",19580,,,," ",7,"GLP",21.53,0.98,1.16,21.16,3.81,24.97,,,,,,,"LTR"
"B","24-10-2019","2019-10-24 00:00:00 -0500",1,99,"B103",19579,,,," ",7,"GLP",9.54,0.98,1.16,9.38,1.69,11.07,,,,,,,"LTR"
"B","24-10-2019","2019-10-24 00:00:00 -0500",1,99,"B103",19578,,,," ",7,"GLP",12.93,0.98,1.16,12.71,2.29,15.00,,,,,,,"LTR"
"B","24-10-2019","2019-10-24 00:00:00 -0500",1,99,"B103",19577,,,," ",7,"GLP",11.6,0.98,1.16,11.40,2.05,13.45,,,,,,,"LTR"
"B","24-10-2019","2019-10-24 00:00:00 -0500",1,99,"B103",19576,,,," ",7,"GLP",43.02,0.98,1.16,42.29,7.61,49.90,,,,,,,"LTR"
"B","24-10-2019","2019-10-24 00:00:00 -0500",1,99,"B103",19575,,,," ",7,"GLP",8.62,0.98,1.16,8.47,1.53,10.00,,,,,,,"LTR"
"B","24-10-2019","2019-10-24 00:00:00 -0500",1,99,"B103",19574,,,," ",7,"GLP",7.09,0.98,1.16,6.97,1.25,8.22,,,,,,,"LTR"
"B","24-10-2019","2019-10-24 00:00:00 -0500",1,99,"B103",19573,,,," ",7,"GLP",13.45,0.98,1.16,13.22,2.38,15.60,,,,,,,"LTR"
"B","24-10-2019","2019-10-24 00:00:00 -0500",1,99,"B103",19572,,,," ",7,"GLP",8.62,0.98,1.16,8.47,1.53,10.00,,,,,,,"LTR"
"B","24-10-2019","2019-10-24 00:00:00 -0500",1,99,"B103",19571,,,," ",7,"GLP",10.05,0.98,1.16,9.88,1.78,11.66,,,,,,,"LTR"
"B","24-10-2019","2019-10-24 00:00:00 -0500",1,99,"B103",19570,,,," ",7,"GLP",17.24,0.98,1.16,16.95,3.05,20.00,,,,,,,"LTR"
"B","24-10-2019","2019-10-24 00:00:00 -0500",1,99,"B103",19569,,,," ",7,"GLP",7.75,0.98,1.16,7.62,1.37,8.99,,,,,,,"LTR"
"B","24-10-2019","2019-10-24 00:00:00 -0500",1,99,"B103",19568,,,," ",7,"GLP",17.24,0.98,1.16,16.95,3.05,20.00,,,,,,,"LTR"
"B","24-10-2019","2019-10-24 00:00:00 -0500",1,99,"B103",19567,,,," ",7,"GLP",25.86,0.98,1.16,25.42,4.58,30.00,,,,,,,"LTR"
"B","24-10-2019","2019-10-24 00:00:00 -0500",1,99,"B103",19566,,,," ",7,"GLP",8.62,0.98,1.16,8.47,1.53,10.00,,,,,,,"LTR"
